Line,Band,Value
1,1,348
1,2,388
1,3,366
1,4,382
1,5,356
1,6,507
1,7,386
1,8,724
1,9,1044
1,10,444
1,11,395
1,12,401
1,13,478
1,14,426
1,15,416
1,16,435
1,17,378
1,18,415
1,19,378
1,20,454
1,21,359
1,22,422
1,23,3599
1,24,408
1,25,382
1,26,406
1,27,421
1,28,1172
1,29,386
1,30,476
1,31,403
1,32,452
1,33,374
1,34,462
1,35,448
1,36,404
1,37,432
1,38,623
1,39,389
1,40,441
1,41,385
1,42,403
1,43,353
1,44,381
1,45,371
1,46,295
1,47,223
1,48,247
1,49,302
1,50,226
1,51,593
1,52,308
1,53,290
1,54,229
1,55,223
1,56,223
1,57,209
1,58,237
1,59,488
1,60,240
1,61,244
1,62,236
1,63,201
1,64,319
1,65,208
1,66,225
1,67,237
1,68,281
1,69,219
1,70,227
1,71,556
1,72,556
1,73,410
1,74,231
1,75,238
1,76,269
1,77,363
1,78,234
1,79,252
1,80,283
1,81,227
1,82,223
1,83,217
1,84,221
1,85,194
1,86,246
1,87,229
1,88,292
1,89,202
1,90,218
1,91,222
1,92,332
1,93,234
1,94,223
1,95,220
1,96,204
1,97,291
1,98,206
1,99,243
1,100,256
1,101,208
1,102,203
1,103,314
1,104,238
1,105,201
1,106,196
1,107,205
1,108,209
1,109,212
1,110,202
1,111,205
1,112,205
1,113,214
1,114,301
1,115,269
1,116,203
1,117,198
1,118,206
1,119,227
1,120,202
1,121,192
1,122,215
1,123,180
1,124,279
1,125,185
1,126,221
1,127,193
1,128,230
1,129,161
1,130,247
1,131,171
1,132,200
1,133,161
1,134,143
1,135,234
1,136,126
1,137,152
1,138,166
1,139,170
1,140,148
1,141,150
1,142,136
1,143,2595
1,144,664
1,145,227
1,146,136
1,147,154
1,148,305
1,149,158
1,150,160
1,151,165
1,152,171
1,153,192
1,154,151
1,155,235
1,156,166
1,157,217
1,158,180
1,159,179
1,160,255
1,161,217
1,162,167
1,163,240
1,164,171
1,165,173
1,166,184
1,167,176
1,168,179
1,169,179
1,170,240
1,171,215
1,172,177
1,173,187
1,174,215
1,175,184
1,176,174
1,177,189
1,178,207
1,179,3067
1,180,189
1,181,218
1,182,188
1,183,270
1,184,200
1,185,233
1,186,171
1,187,195
1,188,220
1,189,221
1,190,173
1,191,252
1,192,197
1,193,209
1,194,174
1,195,226
1,196,185
1,197,246
1,198,276
1,199,209
1,200,208
1,201,236
1,202,210
1,203,226
1,204,196
1,205,249
1,206,208
1,207,242
1,208,206
1,209,249
1,210,2541
1,211,332
1,212,207
1,213,420
1,214,281
1,215,403
1,216,208
1,217,278
1,218,259
1,219,317
1,220,258
1,221,1674
1,222,250
1,223,328
1,224,258
1,225,803
1,226,261
1,227,430
1,228,267
1,229,364
1,230,295
1,231,361
1,232,307
1,233,422
1,234,321
1,235,4095
1,236,366
1,237,454
1,238,475
1,239,469
1,240,411
1,241,479
1,242,452
1,243,518
1,244,462
1,245,857
1,246,629
1,247,856
1,248,526
1,249,649
1,250,553
1,251,630
1,252,594
1,253,651
1,254,714
1,255,626
1,256,591
2,1,348
2,2,388
2,3,366
2,4,382
2,5,356
2,6,507
2,7,386
2,8,724
2,9,1044
2,10,444
2,11,395
2,12,401
2,13,478
2,14,426
2,15,416
2,16,435
2,17,378
2,18,415
2,19,378
2,20,454
2,21,359
2,22,422
2,23,3599
2,24,408
2,25,382
2,26,406
2,27,421
2,28,1172
2,29,386
2,30,476
2,31,403
2,32,452
2,33,374
2,34,462
2,35,448
2,36,404
2,37,432
2,38,623
2,39,389
2,40,441
2,41,385
2,42,403
2,43,353
2,44,381
2,45,371
2,46,295
2,47,223
2,48,247
2,49,302
2,50,226
2,51,593
2,52,308
2,53,290
2,54,229
2,55,223
2,56,223
2,57,209
2,58,237
2,59,488
2,60,240
2,61,244
2,62,236
2,63,201
2,64,319
2,65,208
2,66,225
2,67,237
2,68,281
2,69,219
2,70,227
2,71,556
2,72,556
2,73,410
2,74,231
2,75,238
2,76,269
2,77,363
2,78,234
2,79,252
2,80,283
2,81,227
2,82,223
2,83,217
2,84,221
2,85,194
2,86,246
2,87,229
2,88,292
2,89,202
2,90,218
2,91,222
2,92,332
2,93,234
2,94,223
2,95,220
2,96,204
2,97,291
2,98,206
2,99,243
2,100,256
2,101,208
2,102,203
2,103,314
2,104,238
2,105,201
2,106,196
2,107,205
2,108,209
2,109,212
2,110,202
2,111,205
2,112,205
2,113,214
2,114,301
2,115,269
2,116,203
2,117,198
2,118,206
2,119,227
2,120,202
2,121,192
2,122,215
2,123,180
2,124,279
2,125,185
2,126,221
2,127,193
2,128,230
2,129,161
2,130,247
2,131,171
2,132,200
2,133,161
2,134,143
2,135,234
2,136,126
2,137,152
2,138,166
2,139,170
2,140,148
2,141,150
2,142,136
2,143,2595
2,144,664
2,145,227
2,146,136
2,147,154
2,148,305
2,149,158
2,150,160
2,151,165
2,152,171
2,153,192
2,154,151
2,155,235
2,156,166
2,157,217
2,158,180
2,159,179
2,160,255
2,161,217
2,162,167
2,163,240
2,164,171
2,165,173
2,166,184
2,167,176
2,168,179
2,169,179
2,170,240
2,171,215
2,172,177
2,173,187
2,174,215
2,175,184
2,176,174
2,177,189
2,178,207
2,179,3067
2,180,189
2,181,218
2,182,188
2,183,270
2,184,200
2,185,233
2,186,171
2,187,195
2,188,220
2,189,221
2,190,173
2,191,252
2,192,197
2,193,209
2,194,174
2,195,226
2,196,185
2,197,246
2,198,276
2,199,209
2,200,208
2,201,236
2,202,210
2,203,226
2,204,196
2,205,249
2,206,208
2,207,242
2,208,206
2,209,249
2,210,2541
2,211,332
2,212,207
2,213,420
2,214,281
2,215,403
2,216,208
2,217,278
2,218,259
2,219,317
2,220,258
2,221,1674
2,222,250
2,223,328
2,224,258
2,225,803
2,226,261
2,227,430
2,228,267
2,229,364
2,230,295
2,231,361
2,232,307
2,233,422
2,234,321
2,235,4095
2,236,366
2,237,454
2,238,475
2,239,469
2,240,411
2,241,479
2,242,452
2,243,518
2,244,462
2,245,857
2,246,629
2,247,856
2,248,526
2,249,649
2,250,553
2,251,630
2,252,594
2,253,651
2,254,714
2,255,626
2,256,591
3,1,348
3,2,388
3,3,366
3,4,380
3,5,357
3,6,512
3,7,386
3,8,723
3,9,1038
3,10,445
3,11,390
3,12,401
3,13,478
3,14,426
3,15,418
3,16,436
3,17,379
3,18,414
3,19,378
3,20,456
3,21,359
3,22,425
3,23,3608
3,24,408
3,25,381
3,26,405
3,27,423
3,28,1172
3,29,387
3,30,477
3,31,403
3,32,455
3,33,375
3,34,463
3,35,450
3,36,403
3,37,432
3,38,622
3,39,390
3,40,441
3,41,383
3,42,403
3,43,353
3,44,381
3,45,370
3,46,296
3,47,223
3,48,248
3,49,298
3,50,226
3,51,598
3,52,311
3,53,284
3,54,225
3,55,225
3,56,225
3,57,209
3,58,235
3,59,489
3,60,239
3,61,244
3,62,243
3,63,200
3,64,318
3,65,208
3,66,226
3,67,238
3,68,281
3,69,221
3,70,227
3,71,558
3,72,538
3,73,401
3,74,231
3,75,237
3,76,268
3,77,363
3,78,235
3,79,210
3,80,266
3,81,228
3,82,224
3,83,216
3,84,222
3,85,194
3,86,246
3,87,228
3,88,292
3,89,201
3,90,217
3,91,222
3,92,326
3,93,235
3,94,224
3,95,220
3,96,204
3,97,292
3,98,208
3,99,242
3,100,258
3,101,206
3,102,203
3,103,308
3,104,236
3,105,201
3,106,196
3,107,205
3,108,209
3,109,209
3,110,201
3,111,204
3,112,206
3,113,213
3,114,300
3,115,271
3,116,203
3,117,251
3,118,205
3,119,227
3,120,202
3,121,194
3,122,215
3,123,179
3,124,276
3,125,185
3,126,222
3,127,193
3,128,233
3,129,162
3,130,246
3,131,170
3,132,200
3,133,161
3,134,143
3,135,234
3,136,128
3,137,152
3,138,164
3,139,170
3,140,146
3,141,150
3,142,138
3,143,2595
3,144,663
3,145,227
3,146,136
3,147,155
3,148,304
3,149,159
3,150,159
3,151,165
3,152,169
3,153,191
3,154,150
3,155,236
3,156,166
3,157,217
3,158,181
3,159,178
3,160,260
3,161,217
3,162,166
3,163,240
3,164,172
3,165,170
3,166,179
3,167,176
3,168,179
3,169,179
3,170,238
3,171,216
3,172,175
3,173,189
3,174,216
3,175,185
3,176,173
3,177,188
3,178,207
3,179,3037
3,180,189
3,181,217
3,182,188
3,183,275
3,184,200
3,185,231
3,186,173
3,187,196
3,188,220
3,189,220
3,190,173
3,191,253
3,192,197
3,193,209
3,194,173
3,195,226
3,196,185
3,197,246
3,198,278
3,199,209
3,200,207
3,201,235
3,202,211
3,203,225
3,204,196
3,205,249
3,206,208
3,207,243
3,208,207
3,209,249
3,210,2536
3,211,335
3,212,207
3,213,420
3,214,283
3,215,403
3,216,209
3,217,280
3,218,258
3,219,316
3,220,258
3,221,1647
3,222,250
3,223,327
3,224,258
3,225,800
3,226,262
3,227,428
3,228,267
3,229,363
3,230,296
3,231,360
3,232,307
3,233,422
3,234,322
3,235,4095
3,236,366
3,237,456
3,238,480
3,239,472
3,240,410
3,241,479
3,242,453
3,243,518
3,244,460
3,245,857
3,246,633
3,247,849
3,248,531
3,249,639
3,250,555
3,251,629
3,252,593
3,253,650
3,254,717
3,255,627
3,256,593
4,1,348
4,2,388
4,3,366
4,4,380
4,5,357
4,6,512
4,7,386
4,8,723
4,9,1038
4,10,445
4,11,390
4,12,401
4,13,478
4,14,426
4,15,418
4,16,436
4,17,379
4,18,414
4,19,378
4,20,456
4,21,359
4,22,425
4,23,3608
4,24,408
4,25,381
4,26,405
4,27,423
4,28,1172
4,29,387
4,30,477
4,31,403
4,32,455
4,33,375
4,34,463
4,35,450
4,36,403
4,37,432
4,38,622
4,39,390
4,40,441
4,41,383
4,42,403
4,43,353
4,44,381
4,45,370
4,46,296
4,47,223
4,48,248
4,49,298
4,50,226
4,51,598
4,52,311
4,53,284
4,54,225
4,55,225
4,56,225
4,57,209
4,58,235
4,59,489
4,60,239
4,61,244
4,62,243
4,63,200
4,64,318
4,65,208
4,66,226
4,67,238
4,68,281
4,69,221
4,70,227
4,71,558
4,72,538
4,73,401
4,74,231
4,75,237
4,76,268
4,77,363
4,78,235
4,79,210
4,80,266
4,81,228
4,82,224
4,83,216
4,84,222
4,85,194
4,86,246
4,87,228
4,88,292
4,89,201
4,90,217
4,91,222
4,92,326
4,93,235
4,94,224
4,95,220
4,96,204
4,97,292
4,98,208
4,99,242
4,100,258
4,101,206
4,102,203
4,103,308
4,104,236
4,105,201
4,106,196
4,107,205
4,108,209
4,109,209
4,110,201
4,111,204
4,112,206
4,113,213
4,114,300
4,115,271
4,116,203
4,117,251
4,118,205
4,119,227
4,120,202
4,121,194
4,122,215
4,123,179
4,124,276
4,125,185
4,126,222
4,127,193
4,128,233
4,129,162
4,130,246
4,131,170
4,132,200
4,133,161
4,134,143
4,135,234
4,136,128
4,137,152
4,138,164
4,139,170
4,140,146
4,141,150
4,142,138
4,143,2595
4,144,663
4,145,227
4,146,136
4,147,155
4,148,304
4,149,159
4,150,159
4,151,165
4,152,169
4,153,191
4,154,150
4,155,236
4,156,166
4,157,217
4,158,181
4,159,178
4,160,260
4,161,217
4,162,166
4,163,240
4,164,172
4,165,170
4,166,179
4,167,176
4,168,179
4,169,179
4,170,238
4,171,216
4,172,175
4,173,189
4,174,216
4,175,185
4,176,173
4,177,188
4,178,207
4,179,3037
4,180,189
4,181,217
4,182,188
4,183,275
4,184,200
4,185,231
4,186,173
4,187,196
4,188,220
4,189,220
4,190,173
4,191,253
4,192,197
4,193,209
4,194,173
4,195,226
4,196,185
4,197,246
4,198,278
4,199,209
4,200,207
4,201,235
4,202,211
4,203,225
4,204,196
4,205,249
4,206,208
4,207,243
4,208,207
4,209,249
4,210,2536
4,211,335
4,212,207
4,213,420
4,214,283
4,215,403
4,216,209
4,217,280
4,218,258
4,219,316
4,220,258
4,221,1647
4,222,250
4,223,327
4,224,258
4,225,800
4,226,262
4,227,428
4,228,267
4,229,363
4,230,296
4,231,360
4,232,307
4,233,422
4,234,322
4,235,4095
4,236,366
4,237,456
4,238,480
4,239,472
4,240,410
4,241,479
4,242,453
4,243,518
4,244,460
4,245,857
4,246,633
4,247,849
4,248,531
4,249,639
4,250,555
4,251,629
4,252,593
4,253,650
4,254,717
4,255,627
4,256,593
5,1,349
5,2,390
5,3,365
5,4,380
5,5,356
5,6,506
5,7,386
5,8,723
5,9,1043
5,10,443
5,11,391
5,12,401
5,13,477
5,14,425
5,15,413
5,16,437
5,17,378
5,18,415
5,19,378
5,20,456
5,21,359
5,22,425
5,23,3603
5,24,408
5,25,381
5,26,407
5,27,424
5,28,1174
5,29,388
5,30,475
5,31,403
5,32,451
5,33,375
5,34,463
5,35,444
5,36,403
5,37,432
5,38,622
5,39,391
5,40,442
5,41,384
5,42,403
5,43,355
5,44,381
5,45,372
5,46,293
5,47,223
5,48,248
5,49,305
5,50,227
5,51,598
5,52,311
5,53,285
5,54,226
5,55,224
5,56,223
5,57,209
5,58,235
5,59,489
5,60,239
5,61,244
5,62,237
5,63,200
5,64,317
5,65,208
5,66,226
5,67,237
5,68,281
5,69,221
5,70,228
5,71,558
5,72,554
5,73,412
5,74,232
5,75,238
5,76,268
5,77,363
5,78,234
5,79,210
5,80,266
5,81,227
5,82,222
5,83,216
5,84,220
5,85,195
5,86,248
5,87,228
5,88,293
5,89,202
5,90,218
5,91,221
5,92,326
5,93,231
5,94,224
5,95,219
5,96,203
5,97,287
5,98,207
5,99,243
5,100,259
5,101,207
5,102,203
5,103,310
5,104,237
5,105,202
5,106,196
5,107,204
5,108,209
5,109,210
5,110,202
5,111,204
5,112,207
5,113,211
5,114,302
5,115,271
5,116,203
5,117,198
5,118,206
5,119,226
5,120,202
5,121,194
5,122,214
5,123,178
5,124,277
5,125,185
5,126,221
5,127,192
5,128,231
5,129,164
5,130,233
5,131,171
5,132,201
5,133,161
5,134,143
5,135,234
5,136,128
5,137,152
5,138,166
5,139,169
5,140,147
5,141,149
5,142,138
5,143,2591
5,144,663
5,145,227
5,146,135
5,147,154
5,148,298
5,149,158
5,150,160
5,151,165
5,152,171
5,153,191
5,154,151
5,155,235
5,156,166
5,157,216
5,158,180
5,159,178
5,160,257
5,161,217
5,162,167
5,163,253
5,164,173
5,165,170
5,166,180
5,167,176
5,168,179
5,169,180
5,170,241
5,171,215
5,172,176
5,173,188
5,174,215
5,175,184
5,176,172
5,177,189
5,178,207
5,179,3037
5,180,190
5,181,220
5,182,189
5,183,277
5,184,201
5,185,230
5,186,172
5,187,198
5,188,220
5,189,220
5,190,172
5,191,251
5,192,197
5,193,209
5,194,174
5,195,226
5,196,184
5,197,246
5,198,277
5,199,211
5,200,207
5,201,235
5,202,211
5,203,225
5,204,196
5,205,249
5,206,209
5,207,243
5,208,207
5,209,248
5,210,2538
5,211,333
5,212,207
5,213,418
5,214,281
5,215,404
5,216,209
5,217,278
5,218,258
5,219,315
5,220,259
5,221,1625
5,222,250
5,223,329
5,224,259
5,225,808
5,226,264
5,227,428
5,228,267
5,229,364
5,230,296
5,231,362
5,232,308
5,233,422
5,234,322
5,235,4095
5,236,364
5,237,453
5,238,482
5,239,467
5,240,411
5,241,478
5,242,454
5,243,518
5,244,460
5,245,857
5,246,649
5,247,838
5,248,527
5,249,648
5,250,555
5,251,630
5,252,594
5,253,653
5,254,704
5,255,627
5,256,594
6,1,349
6,2,390
6,3,365
6,4,380
6,5,356
6,6,506
6,7,386
6,8,723
6,9,1043
6,10,443
6,11,391
6,12,401
6,13,477
6,14,425
6,15,413
6,16,437
6,17,378
6,18,415
6,19,378
6,20,456
6,21,359
6,22,425
6,23,3603
6,24,408
6,25,381
6,26,407
6,27,424
6,28,1174
6,29,388
6,30,475
6,31,403
6,32,451
6,33,375
6,34,463
6,35,444
6,36,403
6,37,432
6,38,622
6,39,391
6,40,442
6,41,384
6,42,403
6,43,355
6,44,381
6,45,372
6,46,293
6,47,223
6,48,248
6,49,305
6,50,227
6,51,598
6,52,311
6,53,285
6,54,226
6,55,224
6,56,223
6,57,209
6,58,235
6,59,489
6,60,239
6,61,244
6,62,237
6,63,200
6,64,317
6,65,208
6,66,226
6,67,237
6,68,281
6,69,221
6,70,228
6,71,558
6,72,554
6,73,412
6,74,232
6,75,238
6,76,268
6,77,363
6,78,234
6,79,210
6,80,266
6,81,227
6,82,222
6,83,216
6,84,220
6,85,195
6,86,248
6,87,228
6,88,293
6,89,202
6,90,218
6,91,221
6,92,326
6,93,231
6,94,224
6,95,219
6,96,203
6,97,287
6,98,207
6,99,243
6,100,259
6,101,207
6,102,203
6,103,310
6,104,237
6,105,202
6,106,196
6,107,204
6,108,209
6,109,210
6,110,202
6,111,204
6,112,207
6,113,211
6,114,302
6,115,271
6,116,203
6,117,198
6,118,206
6,119,226
6,120,202
6,121,194
6,122,214
6,123,178
6,124,277
6,125,185
6,126,221
6,127,192
6,128,231
6,129,164
6,130,233
6,131,171
6,132,201
6,133,161
6,134,143
6,135,234
6,136,128
6,137,152
6,138,166
6,139,169
6,140,147
6,141,149
6,142,138
6,143,2591
6,144,663
6,145,227
6,146,135
6,147,154
6,148,298
6,149,158
6,150,160
6,151,165
6,152,171
6,153,191
6,154,151
6,155,235
6,156,166
6,157,216
6,158,180
6,159,178
6,160,257
6,161,217
6,162,167
6,163,253
6,164,173
6,165,170
6,166,180
6,167,176
6,168,179
6,169,180
6,170,241
6,171,215
6,172,176
6,173,188
6,174,215
6,175,184
6,176,172
6,177,189
6,178,207
6,179,3037
6,180,190
6,181,220
6,182,189
6,183,277
6,184,201
6,185,230
6,186,172
6,187,198
6,188,220
6,189,220
6,190,172
6,191,251
6,192,197
6,193,209
6,194,174
6,195,226
6,196,184
6,197,246
6,198,277
6,199,211
6,200,207
6,201,235
6,202,211
6,203,225
6,204,196
6,205,249
6,206,209
6,207,243
6,208,207
6,209,248
6,210,2538
6,211,333
6,212,207
6,213,418
6,214,281
6,215,404
6,216,209
6,217,278
6,218,258
6,219,315
6,220,259
6,221,1625
6,222,250
6,223,329
6,224,259
6,225,808
6,226,264
6,227,428
6,228,267
6,229,364
6,230,296
6,231,362
6,232,308
6,233,422
6,234,322
6,235,4095
6,236,364
6,237,453
6,238,482
6,239,467
6,240,411
6,241,478
6,242,454
6,243,518
6,244,460
6,245,857
6,246,649
6,247,838
6,248,527
6,249,648
6,250,555
6,251,630
6,252,594
6,253,653
6,254,704
6,255,627
6,256,594
7,1,350
7,2,390
7,3,365
7,4,381
7,5,357
7,6,506
7,7,387
7,8,721
7,9,1126
7,10,442
7,11,390
7,12,400
7,13,476
7,14,425
7,15,416
7,16,434
7,17,379
7,18,414
7,19,378
7,20,458
7,21,358
7,22,428
7,23,3601
7,24,407
7,25,381
7,26,407
7,27,423
7,28,1170
7,29,389
7,30,477
7,31,405
7,32,453
7,33,375
7,34,463
7,35,447
7,36,402
7,37,432
7,38,624
7,39,390
7,40,438
7,41,384
7,42,404
7,43,354
7,44,381
7,45,350
7,46,295
7,47,224
7,48,249
7,49,298
7,50,226
7,51,598
7,52,312
7,53,285
7,54,225
7,55,225
7,56,224
7,57,211
7,58,235
7,59,490
7,60,239
7,61,246
7,62,238
7,63,203
7,64,321
7,65,210
7,66,224
7,67,239
7,68,283
7,69,221
7,70,228
7,71,559
7,72,545
7,73,404
7,74,232
7,75,239
7,76,267
7,77,365
7,78,235
7,79,211
7,80,265
7,81,227
7,82,220
7,83,217
7,84,221
7,85,195
7,86,247
7,87,229
7,88,293
7,89,203
7,90,217
7,91,221
7,92,327
7,93,234
7,94,225
7,95,221
7,96,204
7,97,302
7,98,210
7,99,243
7,100,259
7,101,207
7,102,202
7,103,310
7,104,238
7,105,203
7,106,196
7,107,202
7,108,210
7,109,209
7,110,201
7,111,205
7,112,205
7,113,213
7,114,299
7,115,270
7,116,203
7,117,198
7,118,206
7,119,227
7,120,202
7,121,195
7,122,214
7,123,181
7,124,276
7,125,186
7,126,223
7,127,193
7,128,231
7,129,164
7,130,233
7,131,172
7,132,201
7,133,163
7,134,143
7,135,236
7,136,128
7,137,151
7,138,164
7,139,170
7,140,146
7,141,150
7,142,136
7,143,2589
7,144,664
7,145,227
7,146,135
7,147,154
7,148,302
7,149,158
7,150,160
7,151,165
7,152,172
7,153,193
7,154,151
7,155,234
7,156,166
7,157,218
7,158,178
7,159,179
7,160,256
7,161,218
7,162,166
7,163,243
7,164,171
7,165,171
7,166,180
7,167,176
7,168,178
7,169,180
7,170,240
7,171,216
7,172,175
7,173,189
7,174,216
7,175,185
7,176,173
7,177,189
7,178,205
7,179,3037
7,180,188
7,181,218
7,182,188
7,183,276
7,184,199
7,185,232
7,186,174
7,187,196
7,188,221
7,189,223
7,190,174
7,191,254
7,192,196
7,193,209
7,194,174
7,195,226
7,196,184
7,197,247
7,198,275
7,199,210
7,200,207
7,201,234
7,202,210
7,203,224
7,204,196
7,205,250
7,206,210
7,207,243
7,208,207
7,209,249
7,210,2543
7,211,333
7,212,207
7,213,418
7,214,282
7,215,405
7,216,209
7,217,279
7,218,259
7,219,316
7,220,259
7,221,1689
7,222,249
7,223,327
7,224,259
7,225,797
7,226,262
7,227,415
7,228,267
7,229,364
7,230,295
7,231,363
7,232,309
7,233,423
7,234,319
7,235,4095
7,236,364
7,237,454
7,238,479
7,239,469
7,240,411
7,241,480
7,242,454
7,243,517
7,244,460
7,245,851
7,246,627
7,247,845
7,248,528
7,249,648
7,250,553
7,251,629
7,252,593
7,253,650
7,254,713
7,255,629
7,256,596
8,1,350
8,2,390
8,3,365
8,4,381
8,5,357
8,6,506
8,7,387
8,8,721
8,9,1126
8,10,442
8,11,390
8,12,400
8,13,476
8,14,425
8,15,416
8,16,434
8,17,379
8,18,414
8,19,378
8,20,458
8,21,358
8,22,428
8,23,3601
8,24,407
8,25,381
8,26,407
8,27,423
8,28,1170
8,29,389
8,30,477
8,31,405
8,32,453
8,33,375
8,34,463
8,35,447
8,36,402
8,37,432
8,38,624
8,39,390
8,40,438
8,41,384
8,42,404
8,43,354
8,44,381
8,45,350
8,46,295
8,47,224
8,48,249
8,49,298
8,50,226
8,51,598
8,52,312
8,53,285
8,54,225
8,55,225
8,56,224
8,57,211
8,58,235
8,59,490
8,60,239
8,61,246
8,62,238
8,63,203
8,64,321
8,65,210
8,66,224
8,67,239
8,68,283
8,69,221
8,70,228
8,71,559
8,72,545
8,73,404
8,74,232
8,75,239
8,76,267
8,77,365
8,78,235
8,79,211
8,80,265
8,81,227
8,82,220
8,83,217
8,84,221
8,85,195
8,86,247
8,87,229
8,88,293
8,89,203
8,90,217
8,91,221
8,92,327
8,93,234
8,94,225
8,95,221
8,96,204
8,97,302
8,98,210
8,99,243
8,100,259
8,101,207
8,102,202
8,103,310
8,104,238
8,105,203
8,106,196
8,107,202
8,108,210
8,109,209
8,110,201
8,111,205
8,112,205
8,113,213
8,114,299
8,115,270
8,116,203
8,117,198
8,118,206
8,119,227
8,120,202
8,121,195
8,122,214
8,123,181
8,124,276
8,125,186
8,126,223
8,127,193
8,128,231
8,129,164
8,130,233
8,131,172
8,132,201
8,133,163
8,134,143
8,135,236
8,136,128
8,137,151
8,138,164
8,139,170
8,140,146
8,141,150
8,142,136
8,143,2589
8,144,664
8,145,227
8,146,135
8,147,154
8,148,302
8,149,158
8,150,160
8,151,165
8,152,172
8,153,193
8,154,151
8,155,234
8,156,166
8,157,218
8,158,178
8,159,179
8,160,256
8,161,218
8,162,166
8,163,243
8,164,171
8,165,171
8,166,180
8,167,176
8,168,178
8,169,180
8,170,240
8,171,216
8,172,175
8,173,189
8,174,216
8,175,185
8,176,173
8,177,189
8,178,205
8,179,3037
8,180,188
8,181,218
8,182,188
8,183,276
8,184,199
8,185,232
8,186,174
8,187,196
8,188,221
8,189,223
8,190,174
8,191,254
8,192,196
8,193,209
8,194,174
8,195,226
8,196,184
8,197,247
8,198,275
8,199,210
8,200,207
8,201,234
8,202,210
8,203,224
8,204,196
8,205,250
8,206,210
8,207,243
8,208,207
8,209,249
8,210,2543
8,211,333
8,212,207
8,213,418
8,214,282
8,215,405
8,216,209
8,217,279
8,218,259
8,219,316
8,220,259
8,221,1689
8,222,249
8,223,327
8,224,259
8,225,797
8,226,262
8,227,415
8,228,267
8,229,364
8,230,295
8,231,363
8,232,309
8,233,423
8,234,319
8,235,4095
8,236,364
8,237,454
8,238,479
8,239,469
8,240,411
8,241,480
8,242,454
8,243,517
8,244,460
8,245,851
8,246,627
8,247,845
8,248,528
8,249,648
8,250,553
8,251,629
8,252,593
8,253,650
8,254,713
8,255,629
8,256,596
9,1,347
9,2,390
9,3,364
9,4,380
9,5,356
9,6,509
9,7,384
9,8,719
9,9,1012
9,10,446
9,11,389
9,12,402
9,13,478
9,14,424
9,15,415
9,16,435
9,17,378
9,18,415
9,19,378
9,20,458
9,21,358
9,22,426
9,23,3607
9,24,409
9,25,381
9,26,408
9,27,423
9,28,1174
9,29,390
9,30,473
9,31,404
9,32,456
9,33,374
9,34,463
9,35,447
9,36,404
9,37,432
9,38,621
9,39,390
9,40,442
9,41,385
9,42,405
9,43,354
9,44,381
9,45,351
9,46,296
9,47,223
9,48,250
9,49,295
9,50,227
9,51,587
9,52,311
9,53,285
9,54,227
9,55,227
9,56,225
9,57,209
9,58,235
9,59,488
9,60,239
9,61,243
9,62,237
9,63,201
9,64,318
9,65,209
9,66,225
9,67,238
9,68,282
9,69,221
9,70,228
9,71,557
9,72,541
9,73,410
9,74,232
9,75,238
9,76,267
9,77,366
9,78,234
9,79,210
9,80,268
9,81,226
9,82,219
9,83,216
9,84,221
9,85,193
9,86,245
9,87,228
9,88,294
9,89,202
9,90,219
9,91,222
9,92,335
9,93,231
9,94,224
9,95,221
9,96,203
9,97,293
9,98,209
9,99,243
9,100,260
9,101,207
9,102,203
9,103,309
9,104,237
9,105,202
9,106,195
9,107,204
9,108,210
9,109,210
9,110,202
9,111,204
9,112,207
9,113,212
9,114,300
9,115,270
9,116,204
9,117,198
9,118,206
9,119,227
9,120,202
9,121,194
9,122,216
9,123,179
9,124,276
9,125,186
9,126,222
9,127,193
9,128,231
9,129,163
9,130,234
9,131,169
9,132,201
9,133,161
9,134,145
9,135,233
9,136,128
9,137,152
9,138,166
9,139,169
9,140,147
9,141,149
9,142,137
9,143,2588
9,144,663
9,145,225
9,146,136
9,147,155
9,148,301
9,149,158
9,150,160
9,151,164
9,152,172
9,153,192
9,154,151
9,155,234
9,156,167
9,157,214
9,158,179
9,159,178
9,160,262
9,161,217
9,162,168
9,163,244
9,164,172
9,165,170
9,166,181
9,167,175
9,168,179
9,169,179
9,170,241
9,171,216
9,172,176
9,173,187
9,174,217
9,175,185
9,176,173
9,177,188
9,178,208
9,179,3041
9,180,189
9,181,218
9,182,189
9,183,269
9,184,201
9,185,232
9,186,174
9,187,196
9,188,222
9,189,220
9,190,173
9,191,251
9,192,195
9,193,209
9,194,176
9,195,226
9,196,185
9,197,245
9,198,281
9,199,210
9,200,208
9,201,234
9,202,211
9,203,224
9,204,195
9,205,249
9,206,209
9,207,241
9,208,206
9,209,249
9,210,2544
9,211,332
9,212,208
9,213,420
9,214,281
9,215,400
9,216,210
9,217,277
9,218,259
9,219,316
9,220,258
9,221,1656
9,222,251
9,223,328
9,224,260
9,225,806
9,226,265
9,227,416
9,228,269
9,229,364
9,230,295
9,231,361
9,232,310
9,233,423
9,234,321
9,235,4095
9,236,365
9,237,455
9,238,479
9,239,470
9,240,411
9,241,480
9,242,453
9,243,515
9,244,459
9,245,854
9,246,628
9,247,842
9,248,529
9,249,651
9,250,554
9,251,630
9,252,594
9,253,651
9,254,713
9,255,626
9,256,594
10,1,347
10,2,390
10,3,364
10,4,380
10,5,356
10,6,509
10,7,384
10,8,719
10,9,1012
10,10,446
10,11,389
10,12,402
10,13,478
10,14,424
10,15,415
10,16,435
10,17,378
10,18,415
10,19,378
10,20,458
10,21,358
10,22,426
10,23,3607
10,24,409
10,25,381
10,26,408
10,27,423
10,28,1174
10,29,390
10,30,473
10,31,404
10,32,456
10,33,374
10,34,463
10,35,447
10,36,404
10,37,432
10,38,621
10,39,390
10,40,442
10,41,385
10,42,405
10,43,354
10,44,381
10,45,351
10,46,296
10,47,223
10,48,250
10,49,295
10,50,227
10,51,587
10,52,311
10,53,285
10,54,227
10,55,227
10,56,225
10,57,209
10,58,235
10,59,488
10,60,239
10,61,243
10,62,237
10,63,201
10,64,318
10,65,209
10,66,225
10,67,238
10,68,282
10,69,221
10,70,228
10,71,557
10,72,541
10,73,410
10,74,232
10,75,238
10,76,267
10,77,366
10,78,234
10,79,210
10,80,268
10,81,226
10,82,219
10,83,216
10,84,221
10,85,193
10,86,245
10,87,228
10,88,294
10,89,202
10,90,219
10,91,222
10,92,335
10,93,231
10,94,224
10,95,221
10,96,203
10,97,293
10,98,209
10,99,243
10,100,260
10,101,207
10,102,203
10,103,309
10,104,237
10,105,202
10,106,195
10,107,204
10,108,210
10,109,210
10,110,202
10,111,204
10,112,207
10,113,212
10,114,300
10,115,270
10,116,204
10,117,198
10,118,206
10,119,227
10,120,202
10,121,194
10,122,216
10,123,179
10,124,276
10,125,186
10,126,222
10,127,193
10,128,231
10,129,163
10,130,234
10,131,169
10,132,201
10,133,161
10,134,145
10,135,233
10,136,128
10,137,152
10,138,166
10,139,169
10,140,147
10,141,149
10,142,137
10,143,2588
10,144,663
10,145,225
10,146,136
10,147,155
10,148,301
10,149,158
10,150,160
10,151,164
10,152,172
10,153,192
10,154,151
10,155,234
10,156,167
10,157,214
10,158,179
10,159,178
10,160,262
10,161,217
10,162,168
10,163,244
10,164,172
10,165,170
10,166,181
10,167,175
10,168,179
10,169,179
10,170,241
10,171,216
10,172,176
10,173,187
10,174,217
10,175,185
10,176,173
10,177,188
10,178,208
10,179,3041
10,180,189
10,181,218
10,182,189
10,183,269
10,184,201
10,185,232
10,186,174
10,187,196
10,188,222
10,189,220
10,190,173
10,191,251
10,192,195
10,193,209
10,194,176
10,195,226
10,196,185
10,197,245
10,198,281
10,199,210
10,200,208
10,201,234
10,202,211
10,203,224
10,204,195
10,205,249
10,206,209
10,207,241
10,208,206
10,209,249
10,210,2544
10,211,332
10,212,208
10,213,420
10,214,281
10,215,400
10,216,210
10,217,277
10,218,259
10,219,316
10,220,258
10,221,1656
10,222,251
10,223,328
10,224,260
10,225,806
10,226,265
10,227,416
10,228,269
10,229,364
10,230,295
10,231,361
10,232,310
10,233,423
10,234,321
10,235,4095
10,236,365
10,237,455
10,238,479
10,239,470
10,240,411
10,241,480
10,242,453
10,243,515
10,244,459
10,245,854
10,246,628
10,247,842
10,248,529
10,249,651
10,250,554
10,251,630
10,252,594
10,253,651
10,254,713
10,255,626
10,256,594
11,1,349
11,2,389
11,3,363
11,4,380
11,5,355
11,6,511
11,7,385
11,8,719
11,9,1006
11,10,444
11,11,390
11,12,402
11,13,476
11,14,426
11,15,416
11,16,433
11,17,379
11,18,415
11,19,379
11,20,458
11,21,359
11,22,424
11,23,3598
11,24,408
11,25,381
11,26,407
11,27,424
11,28,1174
11,29,387
11,30,474
11,31,403
11,32,451
11,33,375
11,34,462
11,35,455
11,36,403
11,37,431
11,38,623
11,39,390
11,40,440
11,41,385
11,42,402
11,43,354
11,44,380
11,45,352
11,46,294
11,47,223
11,48,249
11,49,304
11,50,227
11,51,604
11,52,307
11,53,289
11,54,226
11,55,223
11,56,222
11,57,209
11,58,237
11,59,489
11,60,240
11,61,243
11,62,238
11,63,201
11,64,317
11,65,208
11,66,225
11,67,239
11,68,282
11,69,222
11,70,228
11,71,555
11,72,543
11,73,411
11,74,231
11,75,239
11,76,269
11,77,364
11,78,234
11,79,211
11,80,265
11,81,228
11,82,225
11,83,217
11,84,219
11,85,194
11,86,244
11,87,229
11,88,294
11,89,202
11,90,218
11,91,222
11,92,335
11,93,235
11,94,223
11,95,221
11,96,203
11,97,305
11,98,209
11,99,244
11,100,258
11,101,206
11,102,202
11,103,309
11,104,237
11,105,201
11,106,195
11,107,203
11,108,210
11,109,210
11,110,202
11,111,204
11,112,206
11,113,213
11,114,300
11,115,270
11,116,203
11,117,197
11,118,205
11,119,228
11,120,202
11,121,194
11,122,214
11,123,179
11,124,275
11,125,187
11,126,223
11,127,192
11,128,230
11,129,162
11,130,233
11,131,172
11,132,202
11,133,162
11,134,143
11,135,234
11,136,127
11,137,151
11,138,165
11,139,170
11,140,146
11,141,149
11,142,137
11,143,2590
11,144,662
11,145,227
11,146,137
11,147,154
11,148,301
11,149,157
11,150,160
11,151,164
11,152,171
11,153,191
11,154,151
11,155,236
11,156,167
11,157,215
11,158,179
11,159,178
11,160,261
11,161,217
11,162,166
11,163,245
11,164,172
11,165,170
11,166,180
11,167,176
11,168,179
11,169,180
11,170,241
11,171,216
11,172,176
11,173,189
11,174,217
11,175,185
11,176,172
11,177,190
11,178,206
11,179,3064
11,180,189
11,181,217
11,182,187
11,183,262
11,184,199
11,185,232
11,186,172
11,187,196
11,188,222
11,189,221
11,190,173
11,191,252
11,192,196
11,193,209
11,194,173
11,195,225
11,196,184
11,197,247
11,198,282
11,199,210
11,200,207
11,201,237
11,202,211
11,203,225
11,204,197
11,205,250
11,206,209
11,207,242
11,208,206
11,209,250
11,210,2542
11,211,334
11,212,207
11,213,417
11,214,281
11,215,400
11,216,210
11,217,278
11,218,259
11,219,317
11,220,257
11,221,1634
11,222,249
11,223,330
11,224,258
11,225,806
11,226,263
11,227,417
11,228,267
11,229,363
11,230,296
11,231,362
11,232,309
11,233,421
11,234,321
11,235,4095
11,236,365
11,237,454
11,238,479
11,239,471
11,240,410
11,241,478
11,242,454
11,243,517
11,244,460
11,245,853
11,246,650
11,247,848
11,248,528
11,249,649
11,250,555
11,251,628
11,252,594
11,253,650
11,254,716
11,255,627
11,256,594
12,1,349
12,2,389
12,3,363
12,4,380
12,5,355
12,6,511
12,7,385
12,8,719
12,9,1006
12,10,444
12,11,390
12,12,402
12,13,476
12,14,426
12,15,416
12,16,433
12,17,379
12,18,415
12,19,379
12,20,458
12,21,359
12,22,424
12,23,3598
12,24,408
12,25,381
12,26,407
12,27,424
12,28,1174
12,29,387
12,30,474
12,31,403
12,32,451
12,33,375
12,34,462
12,35,455
12,36,403
12,37,431
12,38,623
12,39,390
12,40,440
12,41,385
12,42,402
12,43,354
12,44,380
12,45,352
12,46,294
12,47,223
12,48,249
12,49,304
12,50,227
12,51,604
12,52,307
12,53,289
12,54,226
12,55,223
12,56,222
12,57,209
12,58,237
12,59,489
12,60,240
12,61,243
12,62,238
12,63,201
12,64,317
12,65,208
12,66,225
12,67,239
12,68,282
12,69,222
12,70,228
12,71,555
12,72,543
12,73,411
12,74,231
12,75,239
12,76,269
12,77,364
12,78,234
12,79,211
12,80,265
12,81,228
12,82,225
12,83,217
12,84,219
12,85,194
12,86,244
12,87,229
12,88,294
12,89,202
12,90,218
12,91,222
12,92,335
12,93,235
12,94,223
12,95,221
12,96,203
12,97,305
12,98,209
12,99,244
12,100,258
12,101,206
12,102,202
12,103,309
12,104,237
12,105,201
12,106,195
12,107,203
12,108,210
12,109,210
12,110,202
12,111,204
12,112,206
12,113,213
12,114,300
12,115,270
12,116,203
12,117,197
12,118,205
12,119,228
12,120,202
12,121,194
12,122,214
12,123,179
12,124,275
12,125,187
12,126,223
12,127,192
12,128,230
12,129,162
12,130,233
12,131,172
12,132,202
12,133,162
12,134,143
12,135,234
12,136,127
12,137,151
12,138,165
12,139,170
12,140,146
12,141,149
12,142,137
12,143,2590
12,144,662
12,145,227
12,146,137
12,147,154
12,148,301
12,149,157
12,150,160
12,151,164
12,152,171
12,153,191
12,154,151
12,155,236
12,156,167
12,157,215
12,158,179
12,159,178
12,160,261
12,161,217
12,162,166
12,163,245
12,164,172
12,165,170
12,166,180
12,167,176
12,168,179
12,169,180
12,170,241
12,171,216
12,172,176
12,173,189
12,174,217
12,175,185
12,176,172
12,177,190
12,178,206
12,179,3064
12,180,189
12,181,217
12,182,187
12,183,262
12,184,199
12,185,232
12,186,172
12,187,196
12,188,222
12,189,221
12,190,173
12,191,252
12,192,196
12,193,209
12,194,173
12,195,225
12,196,184
12,197,247
12,198,282
12,199,210
12,200,207
12,201,237
12,202,211
12,203,225
12,204,197
12,205,250
12,206,209
12,207,242
12,208,206
12,209,250
12,210,2542
12,211,334
12,212,207
12,213,417
12,214,281
12,215,400
12,216,210
12,217,278
12,218,259
12,219,317
12,220,257
12,221,1634
12,222,249
12,223,330
12,224,258
12,225,806
12,226,263
12,227,417
12,228,267
12,229,363
12,230,296
12,231,362
12,232,309
12,233,421
12,234,321
12,235,4095
12,236,365
12,237,454
12,238,479
12,239,471
12,240,410
12,241,478
12,242,454
12,243,517
12,244,460
12,245,853
12,246,650
12,247,848
12,248,528
12,249,649
12,250,555
12,251,628
12,252,594
12,253,650
12,254,716
12,255,627
12,256,594
13,1,346
13,2,390
13,3,365
13,4,380
13,5,356
13,6,509
13,7,386
13,8,717
13,9,1026
13,10,445
13,11,386
13,12,402
13,13,475
13,14,424
13,15,417
13,16,435
13,17,379
13,18,415
13,19,378
13,20,456
13,21,359
13,22,429
13,23,3613
13,24,406
13,25,382
13,26,406
13,27,426
13,28,1171
13,29,391
13,30,475
13,31,404
13,32,452
13,33,374
13,34,464
13,35,449
13,36,403
13,37,434
13,38,625
13,39,390
13,40,442
13,41,382
13,42,402
13,43,354
13,44,379
13,45,353
13,46,295
13,47,224
13,48,248
13,49,306
13,50,226
13,51,586
13,52,310
13,53,295
13,54,225
13,55,226
13,56,223
13,57,209
13,58,235
13,59,487
13,60,244
13,61,244
13,62,237
13,63,201
13,64,321
13,65,208
13,66,225
13,67,237
13,68,285
13,69,222
13,70,227
13,71,557
13,72,551
13,73,407
13,74,231
13,75,239
13,76,268
13,77,368
13,78,231
13,79,210
13,80,265
13,81,227
13,82,221
13,83,217
13,84,221
13,85,195
13,86,245
13,87,229
13,88,293
13,89,202
13,90,216
13,91,222
13,92,327
13,93,232
13,94,234
13,95,222
13,96,203
13,97,292
13,98,209
13,99,241
13,100,257
13,101,206
13,102,202
13,103,311
13,104,235
13,105,201
13,106,195
13,107,203
13,108,209
13,109,209
13,110,201
13,111,205
13,112,207
13,113,212
13,114,302
13,115,271
13,116,202
13,117,198
13,118,205
13,119,225
13,120,201
13,121,195
13,122,215
13,123,180
13,124,276
13,125,186
13,126,220
13,127,192
13,128,232
13,129,164
13,130,232
13,131,173
13,132,201
13,133,162
13,134,142
13,135,236
13,136,128
13,137,151
13,138,165
13,139,170
13,140,146
13,141,151
13,142,136
13,143,2591
13,144,664
13,145,228
13,146,135
13,147,155
13,148,297
13,149,157
13,150,160
13,151,165
13,152,171
13,153,192
13,154,151
13,155,237
13,156,167
13,157,216
13,158,178
13,159,178
13,160,262
13,161,218
13,162,166
13,163,243
13,164,172
13,165,176
13,166,184
13,167,174
13,168,178
13,169,178
13,170,240
13,171,216
13,172,176
13,173,188
13,174,215
13,175,183
13,176,173
13,177,189
13,178,207
13,179,3037
13,180,189
13,181,218
13,182,187
13,183,270
13,184,199
13,185,232
13,186,172
13,187,195
13,188,222
13,189,223
13,190,173
13,191,251
13,192,196
13,193,209
13,194,173
13,195,225
13,196,183
13,197,247
13,198,279
13,199,210
13,200,206
13,201,235
13,202,210
13,203,226
13,204,195
13,205,250
13,206,209
13,207,242
13,208,205
13,209,248
13,210,2542
13,211,333
13,212,205
13,213,419
13,214,281
13,215,397
13,216,208
13,217,277
13,218,259
13,219,315
13,220,258
13,221,1648
13,222,249
13,223,329
13,224,258
13,225,804
13,226,263
13,227,424
13,228,268
13,229,365
13,230,295
13,231,362
13,232,307
13,233,423
13,234,321
13,235,4095
13,236,364
13,237,454
13,238,477
13,239,470
13,240,410
13,241,478
13,242,452
13,243,518
13,244,459
13,245,858
13,246,629
13,247,842
13,248,528
13,249,650
13,250,555
13,251,629
13,252,594
13,253,651
13,254,712
13,255,628
13,256,594
14,1,346
14,2,390
14,3,365
14,4,380
14,5,356
14,6,509
14,7,386
14,8,717
14,9,1026
14,10,445
14,11,386
14,12,402
14,13,475
14,14,424
14,15,417
14,16,435
14,17,379
14,18,415
14,19,378
14,20,456
14,21,359
14,22,429
14,23,3613
14,24,406
14,25,382
14,26,406
14,27,426
14,28,1171
14,29,391
14,30,475
14,31,404
14,32,452
14,33,374
14,34,464
14,35,449
14,36,403
14,37,434
14,38,625
14,39,390
14,40,442
14,41,382
14,42,402
14,43,354
14,44,379
14,45,353
14,46,295
14,47,224
14,48,248
14,49,306
14,50,226
14,51,586
14,52,310
14,53,295
14,54,225
14,55,226
14,56,223
14,57,209
14,58,235
14,59,487
14,60,244
14,61,244
14,62,237
14,63,201
14,64,321
14,65,208
14,66,225
14,67,237
14,68,285
14,69,222
14,70,227
14,71,557
14,72,551
14,73,407
14,74,231
14,75,239
14,76,268
14,77,368
14,78,231
14,79,210
14,80,265
14,81,227
14,82,221
14,83,217
14,84,221
14,85,195
14,86,245
14,87,229
14,88,293
14,89,202
14,90,216
14,91,222
14,92,327
14,93,232
14,94,234
14,95,222
14,96,203
14,97,292
14,98,209
14,99,241
14,100,257
14,101,206
14,102,202
14,103,311
14,104,235
14,105,201
14,106,195
14,107,203
14,108,209
14,109,209
14,110,201
14,111,205
14,112,207
14,113,212
14,114,302
14,115,271
14,116,202
14,117,198
14,118,205
14,119,225
14,120,201
14,121,195
14,122,215
14,123,180
14,124,276
14,125,186
14,126,220
14,127,192
14,128,232
14,129,164
14,130,232
14,131,173
14,132,201
14,133,162
14,134,142
14,135,236
14,136,128
14,137,151
14,138,165
14,139,170
14,140,146
14,141,151
14,142,136
14,143,2591
14,144,664
14,145,228
14,146,135
14,147,155
14,148,297
14,149,157
14,150,160
14,151,165
14,152,171
14,153,192
14,154,151
14,155,237
14,156,167
14,157,216
14,158,178
14,159,178
14,160,262
14,161,218
14,162,166
14,163,243
14,164,172
14,165,176
14,166,184
14,167,174
14,168,178
14,169,178
14,170,240
14,171,216
14,172,176
14,173,188
14,174,215
14,175,183
14,176,173
14,177,189
14,178,207
14,179,3037
14,180,189
14,181,218
14,182,187
14,183,270
14,184,199
14,185,232
14,186,172
14,187,195
14,188,222
14,189,223
14,190,173
14,191,251
14,192,196
14,193,209
14,194,173
14,195,225
14,196,183
14,197,247
14,198,279
14,199,210
14,200,206
14,201,235
14,202,210
14,203,226
14,204,195
14,205,250
14,206,209
14,207,242
14,208,205
14,209,248
14,210,2542
14,211,333
14,212,205
14,213,419
14,214,281
14,215,397
14,216,208
14,217,277
14,218,259
14,219,315
14,220,258
14,221,1648
14,222,249
14,223,329
14,224,258
14,225,804
14,226,263
14,227,424
14,228,268
14,229,365
14,230,295
14,231,362
14,232,307
14,233,423
14,234,321
14,235,4095
14,236,364
14,237,454
14,238,477
14,239,470
14,240,410
14,241,478
14,242,452
14,243,518
14,244,459
14,245,858
14,246,629
14,247,842
14,248,528
14,249,650
14,250,555
14,251,629
14,252,594
14,253,651
14,254,712
14,255,628
14,256,594
15,1,348
15,2,389
15,3,365
15,4,381
15,5,356
15,6,518
15,7,385
15,8,718
15,9,1048
15,10,444
15,11,391
15,12,402
15,13,477
15,14,425
15,15,417
15,16,436
15,17,380
15,18,415
15,19,378
15,20,458
15,21,358
15,22,425
15,23,3626
15,24,408
15,25,382
15,26,406
15,27,421
15,28,1172
15,29,390
15,30,474
15,31,405
15,32,452
15,33,376
15,34,463
15,35,447
15,36,403
15,37,431
15,38,625
15,39,392
15,40,438
15,41,383
15,42,403
15,43,353
15,44,381
15,45,352
15,46,296
15,47,223
15,48,250
15,49,304
15,50,227
15,51,594
15,52,311
15,53,290
15,54,226
15,55,226
15,56,223
15,57,210
15,58,234
15,59,487
15,60,242
15,61,243
15,62,239
15,63,201
15,64,322
15,65,208
15,66,225
15,67,238
15,68,285
15,69,220
15,70,228
15,71,555
15,72,547
15,73,407
15,74,233
15,75,239
15,76,267
15,77,359
15,78,233
15,79,211
15,80,264
15,81,229
15,82,224
15,83,216
15,84,221
15,85,194
15,86,242
15,87,230
15,88,294
15,89,202
15,90,219
15,91,222
15,92,328
15,93,234
15,94,223
15,95,220
15,96,204
15,97,293
15,98,207
15,99,243
15,100,257
15,101,207
15,102,202
15,103,312
15,104,238
15,105,202
15,106,195
15,107,203
15,108,210
15,109,211
15,110,201
15,111,206
15,112,206
15,113,213
15,114,301
15,115,270
15,116,204
15,117,199
15,118,206
15,119,228
15,120,202
15,121,195
15,122,215
15,123,180
15,124,278
15,125,187
15,126,221
15,127,194
15,128,232
15,129,163
15,130,232
15,131,170
15,132,197
15,133,163
15,134,143
15,135,238
15,136,128
15,137,153
15,138,165
15,139,170
15,140,148
15,141,151
15,142,138
15,143,2593
15,144,663
15,145,229
15,146,135
15,147,155
15,148,299
15,149,157
15,150,159
15,151,166
15,152,172
15,153,192
15,154,151
15,155,236
15,156,167
15,157,217
15,158,179
15,159,179
15,160,260
15,161,217
15,162,167
15,163,241
15,164,173
15,165,170
15,166,179
15,167,175
15,168,177
15,169,181
15,170,239
15,171,216
15,172,177
15,173,188
15,174,214
15,175,185
15,176,173
15,177,190
15,178,207
15,179,3036
15,180,188
15,181,216
15,182,189
15,183,269
15,184,199
15,185,233
15,186,171
15,187,195
15,188,222
15,189,222
15,190,173
15,191,250
15,192,195
15,193,211
15,194,175
15,195,227
15,196,185
15,197,248
15,198,282
15,199,209
15,200,208
15,201,235
15,202,211
15,203,226
15,204,196
15,205,249
15,206,209
15,207,244
15,208,206
15,209,249
15,210,2541
15,211,332
15,212,206
15,213,424
15,214,282
15,215,396
15,216,209
15,217,279
15,218,259
15,219,318
15,220,258
15,221,1682
15,222,250
15,223,327
15,224,257
15,225,802
15,226,263
15,227,416
15,228,266
15,229,366
15,230,296
15,231,363
15,232,309
15,233,422
15,234,320
15,235,4095
15,236,367
15,237,455
15,238,480
15,239,473
15,240,411
15,241,479
15,242,452
15,243,518
15,244,459
15,245,854
15,246,636
15,247,842
15,248,528
15,249,655
15,250,553
15,251,631
15,252,593
15,253,651
15,254,722
15,255,629
15,256,593
16,1,348
16,2,389
16,3,365
16,4,381
16,5,356
16,6,518
16,7,385
16,8,718
16,9,1048
16,10,444
16,11,391
16,12,402
16,13,477
16,14,425
16,15,417
16,16,436
16,17,380
16,18,415
16,19,378
16,20,458
16,21,358
16,22,425
16,23,3626
16,24,408
16,25,382
16,26,406
16,27,421
16,28,1172
16,29,390
16,30,474
16,31,405
16,32,452
16,33,376
16,34,463
16,35,447
16,36,403
16,37,431
16,38,625
16,39,392
16,40,438
16,41,383
16,42,403
16,43,353
16,44,381
16,45,352
16,46,296
16,47,223
16,48,250
16,49,304
16,50,227
16,51,594
16,52,311
16,53,290
16,54,226
16,55,226
16,56,223
16,57,210
16,58,234
16,59,487
16,60,242
16,61,243
16,62,239
16,63,201
16,64,322
16,65,208
16,66,225
16,67,238
16,68,285
16,69,220
16,70,228
16,71,555
16,72,547
16,73,407
16,74,233
16,75,239
16,76,267
16,77,359
16,78,233
16,79,211
16,80,264
16,81,229
16,82,224
16,83,216
16,84,221
16,85,194
16,86,242
16,87,230
16,88,294
16,89,202
16,90,219
16,91,222
16,92,328
16,93,234
16,94,223
16,95,220
16,96,204
16,97,293
16,98,207
16,99,243
16,100,257
16,101,207
16,102,202
16,103,312
16,104,238
16,105,202
16,106,195
16,107,203
16,108,210
16,109,211
16,110,201
16,111,206
16,112,206
16,113,213
16,114,301
16,115,270
16,116,204
16,117,199
16,118,206
16,119,228
16,120,202
16,121,195
16,122,215
16,123,180
16,124,278
16,125,187
16,126,221
16,127,194
16,128,232
16,129,163
16,130,232
16,131,170
16,132,197
16,133,163
16,134,143
16,135,238
16,136,128
16,137,153
16,138,165
16,139,170
16,140,148
16,141,151
16,142,138
16,143,2593
16,144,663
16,145,229
16,146,135
16,147,155
16,148,299
16,149,157
16,150,159
16,151,166
16,152,172
16,153,192
16,154,151
16,155,236
16,156,167
16,157,217
16,158,179
16,159,179
16,160,260
16,161,217
16,162,167
16,163,241
16,164,173
16,165,170
16,166,179
16,167,175
16,168,177
16,169,181
16,170,239
16,171,216
16,172,177
16,173,188
16,174,214
16,175,185
16,176,173
16,177,190
16,178,207
16,179,3036
16,180,188
16,181,216
16,182,189
16,183,269
16,184,199
16,185,233
16,186,171
16,187,195
16,188,222
16,189,222
16,190,173
16,191,250
16,192,195
16,193,211
16,194,175
16,195,227
16,196,185
16,197,248
16,198,282
16,199,209
16,200,208
16,201,235
16,202,211
16,203,226
16,204,196
16,205,249
16,206,209
16,207,244
16,208,206
16,209,249
16,210,2541
16,211,332
16,212,206
16,213,424
16,214,282
16,215,396
16,216,209
16,217,279
16,218,259
16,219,318
16,220,258
16,221,1682
16,222,250
16,223,327
16,224,257
16,225,802
16,226,263
16,227,416
16,228,266
16,229,366
16,230,296
16,231,363
16,232,309
16,233,422
16,234,320
16,235,4095
16,236,367
16,237,455
16,238,480
16,239,473
16,240,411
16,241,479
16,242,452
16,243,518
16,244,459
16,245,854
16,246,636
16,247,842
16,248,528
16,249,655
16,250,553
16,251,631
16,252,593
16,253,651
16,254,722
16,255,629
16,256,593
17,1,57344
17,2,57344
17,3,57344
17,4,57344
17,5,57344
17,6,57344
17,7,57344
17,8,57344
17,9,57344
17,10,57344
17,11,57344
17,12,57344
17,13,57344
17,14,57344
17,15,57344
17,16,57344
17,17,57344
17,18,57344
17,19,57344
17,20,57344
17,21,57344
17,22,57344
17,23,57344
17,24,57344
17,25,57344
17,26,57344
17,27,57344
17,28,57344
17,29,57344
17,30,57344
17,31,57344
17,32,57344
17,33,57344
17,34,57344
17,35,57344
17,36,57344
17,37,57344
17,38,57344
17,39,57344
17,40,57344
17,41,57344
17,42,57344
17,43,57344
17,44,57344
17,45,57344
17,46,57344
17,47,57344
17,48,57344
17,49,57344
17,50,57344
17,51,57344
17,52,57344
17,53,57344
17,54,57344
17,55,57344
17,56,57344
17,57,57344
17,58,57344
17,59,57344
17,60,57344
17,61,57344
17,62,57344
17,63,57344
17,64,57344
17,65,57344
17,66,57344
17,67,57344
17,68,57344
17,69,57344
17,70,57344
17,71,57344
17,72,57344
17,73,57344
17,74,57344
17,75,57344
17,76,57344
17,77,57344
17,78,57344
17,79,57344
17,80,57344
17,81,57344
17,82,57344
17,83,57344
17,84,57344
17,85,57344
17,86,57344
17,87,57344
17,88,57344
17,89,57344
17,90,57344
17,91,57344
17,92,57344
17,93,57344
17,94,57344
17,95,57344
17,96,57344
17,97,57344
17,98,57344
17,99,57344
17,100,57344
17,101,57344
17,102,57344
17,103,57344
17,104,57344
17,105,57344
17,106,57344
17,107,57344
17,108,57344
17,109,57344
17,110,57344
17,111,57344
17,112,57344
17,113,57344
17,114,57344
17,115,57344
17,116,57344
17,117,57344
17,118,57344
17,119,57344
17,120,57344
17,121,57344
17,122,57344
17,123,57344
17,124,57344
17,125,57344
17,126,57344
17,127,57344
17,128,57344
17,129,57344
17,130,57344
17,131,57344
17,132,57344
17,133,57344
17,134,57344
17,135,57344
17,136,57344
17,137,57344
17,138,57344
17,139,57344
17,140,57344
17,141,57344
17,142,57344
17,143,57344
17,144,57344
17,145,57344
17,146,57344
17,147,57344
17,148,57344
17,149,57344
17,150,57344
17,151,57344
17,152,57344
17,153,57344
17,154,57344
17,155,57344
17,156,57344
17,157,57344
17,158,57344
17,159,57344
17,160,57344
17,161,57344
17,162,57344
17,163,57344
17,164,57344
17,165,57344
17,166,57344
17,167,57344
17,168,57344
17,169,57344
17,170,57344
17,171,57344
17,172,57344
17,173,57344
17,174,57344
17,175,57344
17,176,57344
17,177,57344
17,178,57344
17,179,57344
17,180,57344
17,181,57344
17,182,57344
17,183,57344
17,184,57344
17,185,57344
17,186,57344
17,187,57344
17,188,57344
17,189,57344
17,190,57344
17,191,57344
17,192,57344
17,193,57344
17,194,57344
17,195,57344
17,196,57344
17,197,57344
17,198,57344
17,199,57344
17,200,57344
17,201,57344
17,202,57344
17,203,57344
17,204,57344
17,205,57344
17,206,57344
17,207,57344
17,208,57344
17,209,57344
17,210,57344
17,211,57344
17,212,57344
17,213,57344
17,214,57344
17,215,57344
17,216,57344
17,217,57344
17,218,57344
17,219,57344
17,220,57344
17,221,57344
17,222,57344
17,223,57344
17,224,57344
17,225,57344
17,226,57344
17,227,57344
17,228,57344
17,229,57344
17,230,57344
17,231,57344
17,232,57344
17,233,57344
17,234,57344
17,235,57344
17,236,57344
17,237,57344
17,238,57344
17,239,57344
17,240,57344
17,241,57344
17,242,57344
17,243,57344
17,244,57344
17,245,57344
17,246,57344
17,247,57344
17,248,57344
17,249,57344
17,250,57344
17,251,57344
17,252,57344
17,253,57344
17,254,57344
17,255,57344
17,256,57344
18,1,57344
18,2,57344
18,3,57344
18,4,57344
18,5,57344
18,6,57344
18,7,57344
18,8,57344
18,9,57344
18,10,57344
18,11,57344
18,12,57344
18,13,57344
18,14,57344
18,15,57344
18,16,57344
18,17,57344
18,18,57344
18,19,57344
18,20,57344
18,21,57344
18,22,57344
18,23,57344
18,24,57344
18,25,57344
18,26,57344
18,27,57344
18,28,57344
18,29,57344
18,30,57344
18,31,57344
18,32,57344
18,33,57344
18,34,57344
18,35,57344
18,36,57344
18,37,57344
18,38,57344
18,39,57344
18,40,57344
18,41,57344
18,42,57344
18,43,57344
18,44,57344
18,45,57344
18,46,57344
18,47,57344
18,48,57344
18,49,57344
18,50,57344
18,51,57344
18,52,57344
18,53,57344
18,54,57344
18,55,57344
18,56,57344
18,57,57344
18,58,57344
18,59,57344
18,60,57344
18,61,57344
18,62,57344
18,63,57344
18,64,57344
18,65,57344
18,66,57344
18,67,57344
18,68,57344
18,69,57344
18,70,57344
18,71,57344
18,72,57344
18,73,57344
18,74,57344
18,75,57344
18,76,57344
18,77,57344
18,78,57344
18,79,57344
18,80,57344
18,81,57344
18,82,57344
18,83,57344
18,84,57344
18,85,57344
18,86,57344
18,87,57344
18,88,57344
18,89,57344
18,90,57344
18,91,57344
18,92,57344
18,93,57344
18,94,57344
18,95,57344
18,96,57344
18,97,57344
18,98,57344
18,99,57344
18,100,57344
18,101,57344
18,102,57344
18,103,57344
18,104,57344
18,105,57344
18,106,57344
18,107,57344
18,108,57344
18,109,57344
18,110,57344
18,111,57344
18,112,57344
18,113,57344
18,114,57344
18,115,57344
18,116,57344
18,117,57344
18,118,57344
18,119,57344
18,120,57344
18,121,57344
18,122,57344
18,123,57344
18,124,57344
18,125,57344
18,126,57344
18,127,57344
18,128,57344
18,129,57344
18,130,57344
18,131,57344
18,132,57344
18,133,57344
18,134,57344
18,135,57344
18,136,57344
18,137,57344
18,138,57344
18,139,57344
18,140,57344
18,141,57344
18,142,57344
18,143,57344
18,144,57344
18,145,57344
18,146,57344
18,147,57344
18,148,57344
18,149,57344
18,150,57344
18,151,57344
18,152,57344
18,153,57344
18,154,57344
18,155,57344
18,156,57344
18,157,57344
18,158,57344
18,159,57344
18,160,57344
18,161,57344
18,162,57344
18,163,57344
18,164,57344
18,165,57344
18,166,57344
18,167,57344
18,168,57344
18,169,57344
18,170,57344
18,171,57344
18,172,57344
18,173,57344
18,174,57344
18,175,57344
18,176,57344
18,177,57344
18,178,57344
18,179,57344
18,180,57344
18,181,57344
18,182,57344
18,183,57344
18,184,57344
18,185,57344
18,186,57344
18,187,57344
18,188,57344
18,189,57344
18,190,57344
18,191,57344
18,192,57344
18,193,57344
18,194,57344
18,195,57344
18,196,57344
18,197,57344
18,198,57344
18,199,57344
18,200,57344
18,201,57344
18,202,57344
18,203,57344
18,204,57344
18,205,57344
18,206,57344
18,207,57344
18,208,57344
18,209,57344
18,210,57344
18,211,57344
18,212,57344
18,213,57344
18,214,57344
18,215,57344
18,216,57344
18,217,57344
18,218,57344
18,219,57344
18,220,57344
18,221,57344
18,222,57344
18,223,57344
18,224,57344
18,225,57344
18,226,57344
18,227,57344
18,228,57344
18,229,57344
18,230,57344
18,231,57344
18,232,57344
18,233,57344
18,234,57344
18,235,57344
18,236,57344
18,237,57344
18,238,57344
18,239,57344
18,240,57344
18,241,57344
18,242,57344
18,243,57344
18,244,57344
18,245,57344
18,246,57344
18,247,57344
18,248,57344
18,249,57344
18,250,57344
18,251,57344
18,252,57344
18,253,57344
18,254,57344
18,255,57344
18,256,57344
19,1,57344
19,2,57344
19,3,57344
19,4,57344
19,5,57344
19,6,57344
19,7,57344
19,8,57344
19,9,57344
19,10,57344
19,11,57344
19,12,57344
19,13,57344
19,14,57344
19,15,57344
19,16,57344
19,17,57344
19,18,57344
19,19,57344
19,20,57344
19,21,57344
19,22,57344
19,23,57344
19,24,57344
19,25,57344
19,26,57344
19,27,57344
19,28,57344
19,29,57344
19,30,57344
19,31,57344
19,32,57344
19,33,57344
19,34,57344
19,35,57344
19,36,57344
19,37,57344
19,38,57344
19,39,57344
19,40,57344
19,41,57344
19,42,57344
19,43,57344
19,44,57344
19,45,57344
19,46,57344
19,47,57344
19,48,57344
19,49,57344
19,50,57344
19,51,57344
19,52,57344
19,53,57344
19,54,57344
19,55,57344
19,56,57344
19,57,57344
19,58,57344
19,59,57344
19,60,57344
19,61,57344
19,62,57344
19,63,57344
19,64,57344
19,65,57344
19,66,57344
19,67,57344
19,68,57344
19,69,57344
19,70,57344
19,71,57344
19,72,57344
19,73,57344
19,74,57344
19,75,57344
19,76,57344
19,77,57344
19,78,57344
19,79,57344
19,80,57344
19,81,57344
19,82,57344
19,83,57344
19,84,57344
19,85,57344
19,86,57344
19,87,57344
19,88,57344
19,89,57344
19,90,57344
19,91,57344
19,92,57344
19,93,57344
19,94,57344
19,95,57344
19,96,57344
19,97,57344
19,98,57344
19,99,57344
19,100,57344
19,101,57344
19,102,57344
19,103,57344
19,104,57344
19,105,57344
19,106,57344
19,107,57344
19,108,57344
19,109,57344
19,110,57344
19,111,57344
19,112,57344
19,113,57344
19,114,57344
19,115,57344
19,116,57344
19,117,57344
19,118,57344
19,119,57344
19,120,57344
19,121,57344
19,122,57344
19,123,57344
19,124,57344
19,125,57344
19,126,57344
19,127,57344
19,128,57344
19,129,57344
19,130,57344
19,131,57344
19,132,57344
19,133,57344
19,134,57344
19,135,57344
19,136,57344
19,137,57344
19,138,57344
19,139,57344
19,140,57344
19,141,57344
19,142,57344
19,143,57344
19,144,57344
19,145,57344
19,146,57344
19,147,57344
19,148,57344
19,149,57344
19,150,57344
19,151,57344
19,152,57344
19,153,57344
19,154,57344
19,155,57344
19,156,57344
19,157,57344
19,158,57344
19,159,57344
19,160,57344
19,161,57344
19,162,57344
19,163,57344
19,164,57344
19,165,57344
19,166,57344
19,167,57344
19,168,57344
19,169,57344
19,170,57344
19,171,57344
19,172,57344
19,173,57344
19,174,57344
19,175,57344
19,176,57344
19,177,57344
19,178,57344
19,179,57344
19,180,57344
19,181,57344
19,182,57344
19,183,57344
19,184,57344
19,185,57344
19,186,57344
19,187,57344
19,188,57344
19,189,57344
19,190,57344
19,191,57344
19,192,57344
19,193,57344
19,194,57344
19,195,57344
19,196,57344
19,197,57344
19,198,57344
19,199,57344
19,200,57344
19,201,57344
19,202,57344
19,203,57344
19,204,57344
19,205,57344
19,206,57344
19,207,57344
19,208,57344
19,209,57344
19,210,57344
19,211,57344
19,212,57344
19,213,57344
19,214,57344
19,215,57344
19,216,57344
19,217,57344
19,218,57344
19,219,57344
19,220,57344
19,221,57344
19,222,57344
19,223,57344
19,224,57344
19,225,57344
19,226,57344
19,227,57344
19,228,57344
19,229,57344
19,230,57344
19,231,57344
19,232,57344
19,233,57344
19,234,57344
19,235,57344
19,236,57344
19,237,57344
19,238,57344
19,239,57344
19,240,57344
19,241,57344
19,242,57344
19,243,57344
19,244,57344
19,245,57344
19,246,57344
19,247,57344
19,248,57344
19,249,57344
19,250,57344
19,251,57344
19,252,57344
19,253,57344
19,254,57344
19,255,57344
19,256,57344
20,1,57344
20,2,57344
20,3,57344
20,4,57344
20,5,57344
20,6,57344
20,7,57344
20,8,57344
20,9,57344
20,10,57344
20,11,57344
20,12,57344
20,13,57344
20,14,57344
20,15,57344
20,16,57344
20,17,57344
20,18,57344
20,19,57344
20,20,57344
20,21,57344
20,22,57344
20,23,57344
20,24,57344
20,25,57344
20,26,57344
20,27,57344
20,28,57344
20,29,57344
20,30,57344
20,31,57344
20,32,57344
20,33,57344
20,34,57344
20,35,57344
20,36,57344
20,37,57344
20,38,57344
20,39,57344
20,40,57344
20,41,57344
20,42,57344
20,43,57344
20,44,57344
20,45,57344
20,46,57344
20,47,57344
20,48,57344
20,49,57344
20,50,57344
20,51,57344
20,52,57344
20,53,57344
20,54,57344
20,55,57344
20,56,57344
20,57,57344
20,58,57344
20,59,57344
20,60,57344
20,61,57344
20,62,57344
20,63,57344
20,64,57344
20,65,57344
20,66,57344
20,67,57344
20,68,57344
20,69,57344
20,70,57344
20,71,57344
20,72,57344
20,73,57344
20,74,57344
20,75,57344
20,76,57344
20,77,57344
20,78,57344
20,79,57344
20,80,57344
20,81,57344
20,82,57344
20,83,57344
20,84,57344
20,85,57344
20,86,57344
20,87,57344
20,88,57344
20,89,57344
20,90,57344
20,91,57344
20,92,57344
20,93,57344
20,94,57344
20,95,57344
20,96,57344
20,97,57344
20,98,57344
20,99,57344
20,100,57344
20,101,57344
20,102,57344
20,103,57344
20,104,57344
20,105,57344
20,106,57344
20,107,57344
20,108,57344
20,109,57344
20,110,57344
20,111,57344
20,112,57344
20,113,57344
20,114,57344
20,115,57344
20,116,57344
20,117,57344
20,118,57344
20,119,57344
20,120,57344
20,121,57344
20,122,57344
20,123,57344
20,124,57344
20,125,57344
20,126,57344
20,127,57344
20,128,57344
20,129,57344
20,130,57344
20,131,57344
20,132,57344
20,133,57344
20,134,57344
20,135,57344
20,136,57344
20,137,57344
20,138,57344
20,139,57344
20,140,57344
20,141,57344
20,142,57344
20,143,57344
20,144,57344
20,145,57344
20,146,57344
20,147,57344
20,148,57344
20,149,57344
20,150,57344
20,151,57344
20,152,57344
20,153,57344
20,154,57344
20,155,57344
20,156,57344
20,157,57344
20,158,57344
20,159,57344
20,160,57344
20,161,57344
20,162,57344
20,163,57344
20,164,57344
20,165,57344
20,166,57344
20,167,57344
20,168,57344
20,169,57344
20,170,57344
20,171,57344
20,172,57344
20,173,57344
20,174,57344
20,175,57344
20,176,57344
20,177,57344
20,178,57344
20,179,57344
20,180,57344
20,181,57344
20,182,57344
20,183,57344
20,184,57344
20,185,57344
20,186,57344
20,187,57344
20,188,57344
20,189,57344
20,190,57344
20,191,57344
20,192,57344
20,193,57344
20,194,57344
20,195,57344
20,196,57344
20,197,57344
20,198,57344
20,199,57344
20,200,57344
20,201,57344
20,202,57344
20,203,57344
20,204,57344
20,205,57344
20,206,57344
20,207,57344
20,208,57344
20,209,57344
20,210,57344
20,211,57344
20,212,57344
20,213,57344
20,214,57344
20,215,57344
20,216,57344
20,217,57344
20,218,57344
20,219,57344
20,220,57344
20,221,57344
20,222,57344
20,223,57344
20,224,57344
20,225,57344
20,226,57344
20,227,57344
20,228,57344
20,229,57344
20,230,57344
20,231,57344
20,232,57344
20,233,57344
20,234,57344
20,235,57344
20,236,57344
20,237,57344
20,238,57344
20,239,57344
20,240,57344
20,241,57344
20,242,57344
20,243,57344
20,244,57344
20,245,57344
20,246,57344
20,247,57344
20,248,57344
20,249,57344
20,250,57344
20,251,57344
20,252,57344
20,253,57344
20,254,57344
20,255,57344
20,256,57344
21,1,57344
21,2,57344
21,3,57344
21,4,57344
21,5,57344
21,6,57344
21,7,57344
21,8,57344
21,9,57344
21,10,57344
21,11,57344
21,12,57344
21,13,57344
21,14,57344
21,15,57344
21,16,57344
21,17,57344
21,18,57344
21,19,57344
21,20,57344
21,21,57344
21,22,57344
21,23,57344
21,24,57344
21,25,57344
21,26,57344
21,27,57344
21,28,57344
21,29,57344
21,30,57344
21,31,57344
21,32,57344
21,33,57344
21,34,57344
21,35,57344
21,36,57344
21,37,57344
21,38,57344
21,39,57344
21,40,57344
21,41,57344
21,42,57344
21,43,57344
21,44,57344
21,45,57344
21,46,57344
21,47,57344
21,48,57344
21,49,57344
21,50,57344
21,51,57344
21,52,57344
21,53,57344
21,54,57344
21,55,57344
21,56,57344
21,57,57344
21,58,57344
21,59,57344
21,60,57344
21,61,57344
21,62,57344
21,63,57344
21,64,57344
21,65,57344
21,66,57344
21,67,57344
21,68,57344
21,69,57344
21,70,57344
21,71,57344
21,72,57344
21,73,57344
21,74,57344
21,75,57344
21,76,57344
21,77,57344
21,78,57344
21,79,57344
21,80,57344
21,81,57344
21,82,57344
21,83,57344
21,84,57344
21,85,57344
21,86,57344
21,87,57344
21,88,57344
21,89,57344
21,90,57344
21,91,57344
21,92,57344
21,93,57344
21,94,57344
21,95,57344
21,96,57344
21,97,57344
21,98,57344
21,99,57344
21,100,57344
21,101,57344
21,102,57344
21,103,57344
21,104,57344
21,105,57344
21,106,57344
21,107,57344
21,108,57344
21,109,57344
21,110,57344
21,111,57344
21,112,57344
21,113,57344
21,114,57344
21,115,57344
21,116,57344
21,117,57344
21,118,57344
21,119,57344
21,120,57344
21,121,57344
21,122,57344
21,123,57344
21,124,57344
21,125,57344
21,126,57344
21,127,57344
21,128,57344
21,129,57344
21,130,57344
21,131,57344
21,132,57344
21,133,57344
21,134,57344
21,135,57344
21,136,57344
21,137,57344
21,138,57344
21,139,57344
21,140,57344
21,141,57344
21,142,57344
21,143,57344
21,144,57344
21,145,57344
21,146,57344
21,147,57344
21,148,57344
21,149,57344
21,150,57344
21,151,57344
21,152,57344
21,153,57344
21,154,57344
21,155,57344
21,156,57344
21,157,57344
21,158,57344
21,159,57344
21,160,57344
21,161,57344
21,162,57344
21,163,57344
21,164,57344
21,165,57344
21,166,57344
21,167,57344
21,168,57344
21,169,57344
21,170,57344
21,171,57344
21,172,57344
21,173,57344
21,174,57344
21,175,57344
21,176,57344
21,177,57344
21,178,57344
21,179,57344
21,180,57344
21,181,57344
21,182,57344
21,183,57344
21,184,57344
21,185,57344
21,186,57344
21,187,57344
21,188,57344
21,189,57344
21,190,57344
21,191,57344
21,192,57344
21,193,57344
21,194,57344
21,195,57344
21,196,57344
21,197,57344
21,198,57344
21,199,57344
21,200,57344
21,201,57344
21,202,57344
21,203,57344
21,204,57344
21,205,57344
21,206,57344
21,207,57344
21,208,57344
21,209,57344
21,210,57344
21,211,57344
21,212,57344
21,213,57344
21,214,57344
21,215,57344
21,216,57344
21,217,57344
21,218,57344
21,219,57344
21,220,57344
21,221,57344
21,222,57344
21,223,57344
21,224,57344
21,225,57344
21,226,57344
21,227,57344
21,228,57344
21,229,57344
21,230,57344
21,231,57344
21,232,57344
21,233,57344
21,234,57344
21,235,57344
21,236,57344
21,237,57344
21,238,57344
21,239,57344
21,240,57344
21,241,57344
21,242,57344
21,243,57344
21,244,57344
21,245,57344
21,246,57344
21,247,57344
21,248,57344
21,249,57344
21,250,57344
21,251,57344
21,252,57344
21,253,57344
21,254,57344
21,255,57344
21,256,57344
22,1,57344
22,2,57344
22,3,57344
22,4,57344
22,5,57344
22,6,57344
22,7,57344
22,8,57344
22,9,57344
22,10,57344
22,11,57344
22,12,57344
22,13,57344
22,14,57344
22,15,57344
22,16,57344
22,17,57344
22,18,57344
22,19,57344
22,20,57344
22,21,57344
22,22,57344
22,23,57344
22,24,57344
22,25,57344
22,26,57344
22,27,57344
22,28,57344
22,29,57344
22,30,57344
22,31,57344
22,32,57344
22,33,57344
22,34,57344
22,35,57344
22,36,57344
22,37,57344
22,38,57344
22,39,57344
22,40,57344
22,41,57344
22,42,57344
22,43,57344
22,44,57344
22,45,57344
22,46,57344
22,47,57344
22,48,57344
22,49,57344
22,50,57344
22,51,57344
22,52,57344
22,53,57344
22,54,57344
22,55,57344
22,56,57344
22,57,57344
22,58,57344
22,59,57344
22,60,57344
22,61,57344
22,62,57344
22,63,57344
22,64,57344
22,65,57344
22,66,57344
22,67,57344
22,68,57344
22,69,57344
22,70,57344
22,71,57344
22,72,57344
22,73,57344
22,74,57344
22,75,57344
22,76,57344
22,77,57344
22,78,57344
22,79,57344
22,80,57344
22,81,57344
22,82,57344
22,83,57344
22,84,57344
22,85,57344
22,86,57344
22,87,57344
22,88,57344
22,89,57344
22,90,57344
22,91,57344
22,92,57344
22,93,57344
22,94,57344
22,95,57344
22,96,57344
22,97,57344
22,98,57344
22,99,57344
22,100,57344
22,101,57344
22,102,57344
22,103,57344
22,104,57344
22,105,57344
22,106,57344
22,107,57344
22,108,57344
22,109,57344
22,110,57344
22,111,57344
22,112,57344
22,113,57344
22,114,57344
22,115,57344
22,116,57344
22,117,57344
22,118,57344
22,119,57344
22,120,57344
22,121,57344
22,122,57344
22,123,57344
22,124,57344
22,125,57344
22,126,57344
22,127,57344
22,128,57344
22,129,57344
22,130,57344
22,131,57344
22,132,57344
22,133,57344
22,134,57344
22,135,57344
22,136,57344
22,137,57344
22,138,57344
22,139,57344
22,140,57344
22,141,57344
22,142,57344
22,143,57344
22,144,57344
22,145,57344
22,146,57344
22,147,57344
22,148,57344
22,149,57344
22,150,57344
22,151,57344
22,152,57344
22,153,57344
22,154,57344
22,155,57344
22,156,57344
22,157,57344
22,158,57344
22,159,57344
22,160,57344
22,161,57344
22,162,57344
22,163,57344
22,164,57344
22,165,57344
22,166,57344
22,167,57344
22,168,57344
22,169,57344
22,170,57344
22,171,57344
22,172,57344
22,173,57344
22,174,57344
22,175,57344
22,176,57344
22,177,57344
22,178,57344
22,179,57344
22,180,57344
22,181,57344
22,182,57344
22,183,57344
22,184,57344
22,185,57344
22,186,57344
22,187,57344
22,188,57344
22,189,57344
22,190,57344
22,191,57344
22,192,57344
22,193,57344
22,194,57344
22,195,57344
22,196,57344
22,197,57344
22,198,57344
22,199,57344
22,200,57344
22,201,57344
22,202,57344
22,203,57344
22,204,57344
22,205,57344
22,206,57344
22,207,57344
22,208,57344
22,209,57344
22,210,57344
22,211,57344
22,212,57344
22,213,57344
22,214,57344
22,215,57344
22,216,57344
22,217,57344
22,218,57344
22,219,57344
22,220,57344
22,221,57344
22,222,57344
22,223,57344
22,224,57344
22,225,57344
22,226,57344
22,227,57344
22,228,57344
22,229,57344
22,230,57344
22,231,57344
22,232,57344
22,233,57344
22,234,57344
22,235,57344
22,236,57344
22,237,57344
22,238,57344
22,239,57344
22,240,57344
22,241,57344
22,242,57344
22,243,57344
22,244,57344
22,245,57344
22,246,57344
22,247,57344
22,248,57344
22,249,57344
22,250,57344
22,251,57344
22,252,57344
22,253,57344
22,254,57344
22,255,57344
22,256,57344
