Line,Band,Value
1,1,358
1,2,398
1,3,378
1,4,394
1,5,368
1,6,528
1,7,397
1,8,731
1,9,1054
1,10,455
1,11,401
1,12,415
1,13,553
1,14,439
1,15,426
1,16,449
1,17,391
1,18,427
1,19,389
1,20,472
1,21,371
1,22,435
1,23,3666
1,24,420
1,25,394
1,26,430
1,27,436
1,28,1202
1,29,399
1,30,487
1,31,420
1,32,460
1,33,388
1,34,475
1,35,499
1,36,414
1,37,446
1,38,614
1,39,402
1,40,454
1,41,397
1,42,414
1,43,362
1,44,390
1,45,372
1,46,303
1,47,230
1,48,254
1,49,306
1,50,229
1,51,612
1,52,319
1,53,294
1,54,228
1,55,230
1,56,226
1,57,215
1,58,239
1,59,462
1,60,244
1,61,252
1,62,242
1,63,205
1,64,325
1,65,213
1,66,229
1,67,244
1,68,285
1,69,226
1,70,230
1,71,568
1,72,580
1,73,405
1,74,233
1,75,244
1,76,278
1,77,373
1,78,237
1,79,215
1,80,272
1,81,232
1,82,227
1,83,220
1,84,227
1,85,197
1,86,251
1,87,234
1,88,300
1,89,207
1,90,222
1,91,228
1,92,346
1,93,238
1,94,233
1,95,226
1,96,208
1,97,324
1,98,212
1,99,247
1,100,265
1,101,213
1,102,205
1,103,311
1,104,240
1,105,205
1,106,199
1,107,208
1,108,219
1,109,215
1,110,206
1,111,209
1,112,208
1,113,218
1,114,314
1,115,276
1,116,207
1,117,202
1,118,209
1,119,234
1,120,206
1,121,199
1,122,218
1,123,183
1,124,284
1,125,190
1,126,227
1,127,198
1,128,235
1,129,167
1,130,248
1,131,173
1,132,208
1,133,164
1,134,154
1,135,242
1,136,130
1,137,155
1,138,168
1,139,173
1,140,149
1,141,153
1,142,141
1,143,2647
1,144,679
1,145,233
1,146,138
1,147,157
1,148,301
1,149,162
1,150,162
1,151,168
1,152,174
1,153,194
1,154,153
1,155,245
1,156,169
1,157,224
1,158,183
1,159,182
1,160,267
1,161,222
1,162,169
1,163,247
1,164,181
1,165,174
1,166,184
1,167,180
1,168,183
1,169,183
1,170,242
1,171,219
1,172,178
1,173,191
1,174,225
1,175,189
1,176,173
1,177,192
1,178,212
1,179,3145
1,180,195
1,181,222
1,182,191
1,183,266
1,184,204
1,185,238
1,186,175
1,187,199
1,188,226
1,189,226
1,190,176
1,191,260
1,192,200
1,193,213
1,194,178
1,195,231
1,196,188
1,197,252
1,198,288
1,199,213
1,200,211
1,201,239
1,202,214
1,203,230
1,204,200
1,205,254
1,206,211
1,207,246
1,208,209
1,209,253
1,210,2567
1,211,342
1,212,212
1,213,448
1,214,287
1,215,421
1,216,213
1,217,285
1,218,265
1,219,325
1,220,265
1,221,1722
1,222,258
1,223,336
1,224,267
1,225,822
1,226,268
1,227,424
1,228,276
1,229,374
1,230,306
1,231,372
1,232,318
1,233,437
1,234,333
1,235,4095
1,236,381
1,237,468
1,238,497
1,239,483
1,240,425
1,241,493
1,242,459
1,243,534
1,244,478
1,245,878
1,246,686
1,247,887
1,248,547
1,249,669
1,250,575
1,251,650
1,252,618
1,253,683
1,254,747
1,255,652
1,256,615
2,1,358
2,2,398
2,3,378
2,4,394
2,5,368
2,6,528
2,7,397
2,8,731
2,9,1054
2,10,455
2,11,401
2,12,415
2,13,553
2,14,439
2,15,426
2,16,449
2,17,391
2,18,427
2,19,389
2,20,472
2,21,371
2,22,435
2,23,3666
2,24,420
2,25,394
2,26,430
2,27,436
2,28,1202
2,29,399
2,30,487
2,31,420
2,32,460
2,33,388
2,34,475
2,35,499
2,36,414
2,37,446
2,38,614
2,39,402
2,40,454
2,41,397
2,42,414
2,43,362
2,44,390
2,45,372
2,46,303
2,47,230
2,48,254
2,49,306
2,50,229
2,51,612
2,52,319
2,53,294
2,54,228
2,55,230
2,56,226
2,57,215
2,58,239
2,59,462
2,60,244
2,61,252
2,62,242
2,63,205
2,64,325
2,65,213
2,66,229
2,67,244
2,68,285
2,69,226
2,70,230
2,71,568
2,72,580
2,73,405
2,74,233
2,75,244
2,76,278
2,77,373
2,78,237
2,79,215
2,80,272
2,81,232
2,82,227
2,83,220
2,84,227
2,85,197
2,86,251
2,87,234
2,88,300
2,89,207
2,90,222
2,91,228
2,92,346
2,93,238
2,94,233
2,95,226
2,96,208
2,97,324
2,98,212
2,99,247
2,100,265
2,101,213
2,102,205
2,103,311
2,104,240
2,105,205
2,106,199
2,107,208
2,108,219
2,109,215
2,110,206
2,111,209
2,112,208
2,113,218
2,114,314
2,115,276
2,116,207
2,117,202
2,118,209
2,119,234
2,120,206
2,121,199
2,122,218
2,123,183
2,124,284
2,125,190
2,126,227
2,127,198
2,128,235
2,129,167
2,130,248
2,131,173
2,132,208
2,133,164
2,134,154
2,135,242
2,136,130
2,137,155
2,138,168
2,139,173
2,140,149
2,141,153
2,142,141
2,143,2647
2,144,679
2,145,233
2,146,138
2,147,157
2,148,301
2,149,162
2,150,162
2,151,168
2,152,174
2,153,194
2,154,153
2,155,245
2,156,169
2,157,224
2,158,183
2,159,182
2,160,267
2,161,222
2,162,169
2,163,247
2,164,181
2,165,174
2,166,184
2,167,180
2,168,183
2,169,183
2,170,242
2,171,219
2,172,178
2,173,191
2,174,225
2,175,189
2,176,173
2,177,192
2,178,212
2,179,3145
2,180,195
2,181,222
2,182,191
2,183,266
2,184,204
2,185,238
2,186,175
2,187,199
2,188,226
2,189,226
2,190,176
2,191,260
2,192,200
2,193,213
2,194,178
2,195,231
2,196,188
2,197,252
2,198,288
2,199,213
2,200,211
2,201,239
2,202,214
2,203,230
2,204,200
2,205,254
2,206,211
2,207,246
2,208,209
2,209,253
2,210,2567
2,211,342
2,212,212
2,213,448
2,214,287
2,215,421
2,216,213
2,217,285
2,218,265
2,219,325
2,220,265
2,221,1722
2,222,258
2,223,336
2,224,267
2,225,822
2,226,268
2,227,424
2,228,276
2,229,374
2,230,306
2,231,372
2,232,318
2,233,437
2,234,333
2,235,4095
2,236,381
2,237,468
2,238,497
2,239,483
2,240,425
2,241,493
2,242,459
2,243,534
2,244,478
2,245,878
2,246,686
2,247,887
2,248,547
2,249,669
2,250,575
2,251,650
2,252,618
2,253,683
2,254,747
2,255,652
2,256,615
3,1,359
3,2,397
3,3,375
3,4,394
3,5,365
3,6,533
3,7,396
3,8,733
3,9,1014
3,10,457
3,11,404
3,12,413
3,13,496
3,14,435
3,15,426
3,16,449
3,17,392
3,18,428
3,19,388
3,20,472
3,21,370
3,22,436
3,23,3671
3,24,419
3,25,392
3,26,418
3,27,434
3,28,1203
3,29,399
3,30,489
3,31,417
3,32,461
3,33,387
3,34,475
3,35,498
3,36,415
3,37,448
3,38,615
3,39,404
3,40,457
3,41,396
3,42,415
3,43,365
3,44,390
3,45,372
3,46,302
3,47,228
3,48,254
3,49,305
3,50,230
3,51,626
3,52,319
3,53,294
3,54,228
3,55,230
3,56,228
3,57,214
3,58,240
3,59,461
3,60,245
3,61,250
3,62,242
3,63,206
3,64,329
3,65,213
3,66,229
3,67,242
3,68,287
3,69,225
3,70,232
3,71,569
3,72,571
3,73,403
3,74,234
3,75,243
3,76,278
3,77,375
3,78,238
3,79,216
3,80,272
3,81,231
3,82,225
3,83,220
3,84,228
3,85,198
3,86,251
3,87,234
3,88,301
3,89,207
3,90,223
3,91,227
3,92,334
3,93,236
3,94,228
3,95,225
3,96,208
3,97,310
3,98,211
3,99,248
3,100,268
3,101,211
3,102,207
3,103,311
3,104,243
3,105,205
3,106,199
3,107,208
3,108,214
3,109,215
3,110,206
3,111,208
3,112,206
3,113,218
3,114,314
3,115,275
3,116,208
3,117,201
3,118,209
3,119,233
3,120,207
3,121,198
3,122,219
3,123,182
3,124,281
3,125,190
3,126,226
3,127,197
3,128,237
3,129,166
3,130,250
3,131,172
3,132,210
3,133,164
3,134,144
3,135,235
3,136,131
3,137,153
3,138,167
3,139,172
3,140,149
3,141,152
3,142,139
3,143,2651
3,144,679
3,145,234
3,146,138
3,147,158
3,148,314
3,149,159
3,150,162
3,151,167
3,152,174
3,153,195
3,154,154
3,155,244
3,156,169
3,157,222
3,158,182
3,159,182
3,160,270
3,161,219
3,162,170
3,163,247
3,164,181
3,165,172
3,166,185
3,167,178
3,168,182
3,169,180
3,170,243
3,171,217
3,172,178
3,173,192
3,174,226
3,175,188
3,176,175
3,177,191
3,178,211
3,179,3122
3,180,196
3,181,221
3,182,191
3,183,270
3,184,204
3,185,234
3,186,174
3,187,198
3,188,226
3,189,226
3,190,176
3,191,265
3,192,200
3,193,213
3,194,179
3,195,230
3,196,188
3,197,252
3,198,295
3,199,212
3,200,212
3,201,240
3,202,217
3,203,232
3,204,202
3,205,253
3,206,212
3,207,247
3,208,210
3,209,253
3,210,2567
3,211,341
3,212,213
3,213,443
3,214,289
3,215,418
3,216,213
3,217,285
3,218,267
3,219,321
3,220,267
3,221,1714
3,222,259
3,223,337
3,224,268
3,225,820
3,226,271
3,227,418
3,228,276
3,229,372
3,230,308
3,231,371
3,232,320
3,233,437
3,234,332
3,235,4095
3,236,380
3,237,467
3,238,503
3,239,483
3,240,425
3,241,494
3,242,458
3,243,534
3,244,478
3,245,878
3,246,646
3,247,877
3,248,546
3,249,670
3,250,574
3,251,649
3,252,617
3,253,673
3,254,733
3,255,649
3,256,616
4,1,359
4,2,397
4,3,375
4,4,394
4,5,365
4,6,533
4,7,396
4,8,733
4,9,1014
4,10,457
4,11,404
4,12,413
4,13,496
4,14,435
4,15,426
4,16,449
4,17,392
4,18,428
4,19,388
4,20,472
4,21,370
4,22,436
4,23,3671
4,24,419
4,25,392
4,26,418
4,27,434
4,28,1203
4,29,399
4,30,489
4,31,417
4,32,461
4,33,387
4,34,475
4,35,498
4,36,415
4,37,448
4,38,615
4,39,404
4,40,457
4,41,396
4,42,415
4,43,365
4,44,390
4,45,372
4,46,302
4,47,228
4,48,254
4,49,305
4,50,230
4,51,626
4,52,319
4,53,294
4,54,228
4,55,230
4,56,228
4,57,214
4,58,240
4,59,461
4,60,245
4,61,250
4,62,242
4,63,206
4,64,329
4,65,213
4,66,229
4,67,242
4,68,287
4,69,225
4,70,232
4,71,569
4,72,571
4,73,403
4,74,234
4,75,243
4,76,278
4,77,375
4,78,238
4,79,216
4,80,272
4,81,231
4,82,225
4,83,220
4,84,228
4,85,198
4,86,251
4,87,234
4,88,301
4,89,207
4,90,223
4,91,227
4,92,334
4,93,236
4,94,228
4,95,225
4,96,208
4,97,310
4,98,211
4,99,248
4,100,268
4,101,211
4,102,207
4,103,311
4,104,243
4,105,205
4,106,199
4,107,208
4,108,214
4,109,215
4,110,206
4,111,208
4,112,206
4,113,218
4,114,314
4,115,275
4,116,208
4,117,201
4,118,209
4,119,233
4,120,207
4,121,198
4,122,219
4,123,182
4,124,281
4,125,190
4,126,226
4,127,197
4,128,237
4,129,166
4,130,250
4,131,172
4,132,210
4,133,164
4,134,144
4,135,235
4,136,131
4,137,153
4,138,167
4,139,172
4,140,149
4,141,152
4,142,139
4,143,2651
4,144,679
4,145,234
4,146,138
4,147,158
4,148,314
4,149,159
4,150,162
4,151,167
4,152,174
4,153,195
4,154,154
4,155,244
4,156,169
4,157,222
4,158,182
4,159,182
4,160,270
4,161,219
4,162,170
4,163,247
4,164,181
4,165,172
4,166,185
4,167,178
4,168,182
4,169,180
4,170,243
4,171,217
4,172,178
4,173,192
4,174,226
4,175,188
4,176,175
4,177,191
4,178,211
4,179,3122
4,180,196
4,181,221
4,182,191
4,183,270
4,184,204
4,185,234
4,186,174
4,187,198
4,188,226
4,189,226
4,190,176
4,191,265
4,192,200
4,193,213
4,194,179
4,195,230
4,196,188
4,197,252
4,198,295
4,199,212
4,200,212
4,201,240
4,202,217
4,203,232
4,204,202
4,205,253
4,206,212
4,207,247
4,208,210
4,209,253
4,210,2567
4,211,341
4,212,213
4,213,443
4,214,289
4,215,418
4,216,213
4,217,285
4,218,267
4,219,321
4,220,267
4,221,1714
4,222,259
4,223,337
4,224,268
4,225,820
4,226,271
4,227,418
4,228,276
4,229,372
4,230,308
4,231,371
4,232,320
4,233,437
4,234,332
4,235,4095
4,236,380
4,237,467
4,238,503
4,239,483
4,240,425
4,241,494
4,242,458
4,243,534
4,244,478
4,245,878
4,246,646
4,247,877
4,248,546
4,249,670
4,250,574
4,251,649
4,252,617
4,253,673
4,254,733
4,255,649
4,256,616
5,1,360
5,2,397
5,3,377
5,4,393
5,5,368
5,6,528
5,7,396
5,8,743
5,9,1042
5,10,456
5,11,403
5,12,412
5,13,493
5,14,439
5,15,426
5,16,450
5,17,392
5,18,426
5,19,390
5,20,468
5,21,367
5,22,435
5,23,3667
5,24,420
5,25,393
5,26,420
5,27,436
5,28,1201
5,29,402
5,30,489
5,31,418
5,32,466
5,33,388
5,34,474
5,35,500
5,36,415
5,37,447
5,38,617
5,39,403
5,40,454
5,41,398
5,42,415
5,43,365
5,44,390
5,45,376
5,46,302
5,47,229
5,48,254
5,49,306
5,50,230
5,51,612
5,52,318
5,53,295
5,54,230
5,55,228
5,56,228
5,57,213
5,58,239
5,59,461
5,60,245
5,61,250
5,62,243
5,63,205
5,64,326
5,65,213
5,66,229
5,67,242
5,68,287
5,69,226
5,70,230
5,71,570
5,72,567
5,73,407
5,74,234
5,75,243
5,76,279
5,77,376
5,78,237
5,79,215
5,80,271
5,81,231
5,82,224
5,83,220
5,84,225
5,85,198
5,86,254
5,87,234
5,88,300
5,89,206
5,90,223
5,91,227
5,92,341
5,93,237
5,94,228
5,95,225
5,96,207
5,97,311
5,98,211
5,99,247
5,100,265
5,101,211
5,102,206
5,103,305
5,104,241
5,105,207
5,106,199
5,107,207
5,108,214
5,109,215
5,110,206
5,111,209
5,112,207
5,113,217
5,114,315
5,115,277
5,116,207
5,117,202
5,118,210
5,119,232
5,120,206
5,121,198
5,122,218
5,123,182
5,124,282
5,125,190
5,126,227
5,127,198
5,128,236
5,129,166
5,130,240
5,131,173
5,132,208
5,133,164
5,134,144
5,135,235
5,136,131
5,137,155
5,138,164
5,139,171
5,140,151
5,141,153
5,142,141
5,143,2642
5,144,678
5,145,234
5,146,137
5,147,157
5,148,311
5,149,161
5,150,162
5,151,168
5,152,173
5,153,193
5,154,153
5,155,244
5,156,171
5,157,223
5,158,182
5,159,181
5,160,271
5,161,221
5,162,168
5,163,248
5,164,183
5,165,173
5,166,184
5,167,179
5,168,179
5,169,182
5,170,244
5,171,220
5,172,180
5,173,191
5,174,226
5,175,188
5,176,174
5,177,193
5,178,213
5,179,3121
5,180,196
5,181,222
5,182,190
5,183,267
5,184,205
5,185,237
5,186,175
5,187,200
5,188,226
5,189,228
5,190,177
5,191,257
5,192,199
5,193,213
5,194,177
5,195,231
5,196,187
5,197,251
5,198,282
5,199,211
5,200,211
5,201,238
5,202,216
5,203,230
5,204,202
5,205,254
5,206,212
5,207,246
5,208,210
5,209,252
5,210,2566
5,211,342
5,212,213
5,213,445
5,214,288
5,215,424
5,216,212
5,217,285
5,218,266
5,219,325
5,220,266
5,221,1705
5,222,259
5,223,338
5,224,268
5,225,812
5,226,269
5,227,421
5,228,277
5,229,373
5,230,305
5,231,372
5,232,319
5,233,435
5,234,333
5,235,4095
5,236,380
5,237,469
5,238,497
5,239,484
5,240,424
5,241,492
5,242,459
5,243,534
5,244,478
5,245,879
5,246,653
5,247,880
5,248,546
5,249,671
5,250,576
5,251,647
5,252,617
5,253,675
5,254,737
5,255,650
5,256,614
6,1,360
6,2,397
6,3,377
6,4,393
6,5,368
6,6,528
6,7,396
6,8,743
6,9,1042
6,10,456
6,11,403
6,12,412
6,13,493
6,14,439
6,15,426
6,16,450
6,17,392
6,18,426
6,19,390
6,20,468
6,21,367
6,22,435
6,23,3667
6,24,420
6,25,393
6,26,420
6,27,436
6,28,1201
6,29,402
6,30,489
6,31,418
6,32,466
6,33,388
6,34,474
6,35,500
6,36,415
6,37,447
6,38,617
6,39,403
6,40,454
6,41,398
6,42,415
6,43,365
6,44,390
6,45,376
6,46,302
6,47,229
6,48,254
6,49,306
6,50,230
6,51,612
6,52,318
6,53,295
6,54,230
6,55,228
6,56,228
6,57,213
6,58,239
6,59,461
6,60,245
6,61,250
6,62,243
6,63,205
6,64,326
6,65,213
6,66,229
6,67,242
6,68,287
6,69,226
6,70,230
6,71,570
6,72,567
6,73,407
6,74,234
6,75,243
6,76,279
6,77,376
6,78,237
6,79,215
6,80,271
6,81,231
6,82,224
6,83,220
6,84,225
6,85,198
6,86,254
6,87,234
6,88,300
6,89,206
6,90,223
6,91,227
6,92,341
6,93,237
6,94,228
6,95,225
6,96,207
6,97,311
6,98,211
6,99,247
6,100,265
6,101,211
6,102,206
6,103,305
6,104,241
6,105,207
6,106,199
6,107,207
6,108,214
6,109,215
6,110,206
6,111,209
6,112,207
6,113,217
6,114,315
6,115,277
6,116,207
6,117,202
6,118,210
6,119,232
6,120,206
6,121,198
6,122,218
6,123,182
6,124,282
6,125,190
6,126,227
6,127,198
6,128,236
6,129,166
6,130,240
6,131,173
6,132,208
6,133,164
6,134,144
6,135,235
6,136,131
6,137,155
6,138,164
6,139,171
6,140,151
6,141,153
6,142,141
6,143,2642
6,144,678
6,145,234
6,146,137
6,147,157
6,148,311
6,149,161
6,150,162
6,151,168
6,152,173
6,153,193
6,154,153
6,155,244
6,156,171
6,157,223
6,158,182
6,159,181
6,160,271
6,161,221
6,162,168
6,163,248
6,164,183
6,165,173
6,166,184
6,167,179
6,168,179
6,169,182
6,170,244
6,171,220
6,172,180
6,173,191
6,174,226
6,175,188
6,176,174
6,177,193
6,178,213
6,179,3121
6,180,196
6,181,222
6,182,190
6,183,267
6,184,205
6,185,237
6,186,175
6,187,200
6,188,226
6,189,228
6,190,177
6,191,257
6,192,199
6,193,213
6,194,177
6,195,231
6,196,187
6,197,251
6,198,282
6,199,211
6,200,211
6,201,238
6,202,216
6,203,230
6,204,202
6,205,254
6,206,212
6,207,246
6,208,210
6,209,252
6,210,2566
6,211,342
6,212,213
6,213,445
6,214,288
6,215,424
6,216,212
6,217,285
6,218,266
6,219,325
6,220,266
6,221,1705
6,222,259
6,223,338
6,224,268
6,225,812
6,226,269
6,227,421
6,228,277
6,229,373
6,230,305
6,231,372
6,232,319
6,233,435
6,234,333
6,235,4095
6,236,380
6,237,469
6,238,497
6,239,484
6,240,424
6,241,492
6,242,459
6,243,534
6,244,478
6,245,879
6,246,653
6,247,880
6,248,546
6,249,671
6,250,576
6,251,647
6,252,617
6,253,675
6,254,737
6,255,650
6,256,614
7,1,358
7,2,398
7,3,375
7,4,393
7,5,367
7,6,528
7,7,398
7,8,743
7,9,1035
7,10,453
7,11,403
7,12,413
7,13,497
7,14,438
7,15,426
7,16,449
7,17,390
7,18,426
7,19,390
7,20,469
7,21,370
7,22,435
7,23,3665
7,24,420
7,25,392
7,26,419
7,27,438
7,28,1201
7,29,401
7,30,488
7,31,418
7,32,464
7,33,386
7,34,478
7,35,500
7,36,415
7,37,447
7,38,615
7,39,404
7,40,453
7,41,396
7,42,415
7,43,364
7,44,391
7,45,374
7,46,302
7,47,228
7,48,253
7,49,312
7,50,230
7,51,618
7,52,319
7,53,294
7,54,228
7,55,230
7,56,226
7,57,215
7,58,239
7,59,462
7,60,244
7,61,249
7,62,244
7,63,206
7,64,323
7,65,214
7,66,229
7,67,243
7,68,288
7,69,226
7,70,230
7,71,569
7,72,576
7,73,405
7,74,233
7,75,241
7,76,279
7,77,376
7,78,237
7,79,215
7,80,272
7,81,231
7,82,225
7,83,220
7,84,227
7,85,198
7,86,254
7,87,234
7,88,300
7,89,207
7,90,222
7,91,227
7,92,333
7,93,240
7,94,228
7,95,228
7,96,207
7,97,304
7,98,212
7,99,251
7,100,265
7,101,212
7,102,206
7,103,303
7,104,241
7,105,205
7,106,198
7,107,207
7,108,213
7,109,213
7,110,205
7,111,208
7,112,208
7,113,219
7,114,313
7,115,278
7,116,207
7,117,201
7,118,211
7,119,233
7,120,207
7,121,199
7,122,219
7,123,183
7,124,281
7,125,189
7,126,228
7,127,197
7,128,237
7,129,166
7,130,239
7,131,172
7,132,207
7,133,165
7,134,144
7,135,238
7,136,130
7,137,155
7,138,164
7,139,172
7,140,151
7,141,152
7,142,140
7,143,2645
7,144,679
7,145,233
7,146,138
7,147,157
7,148,309
7,149,160
7,150,161
7,151,167
7,152,174
7,153,194
7,154,153
7,155,245
7,156,169
7,157,223
7,158,181
7,159,181
7,160,268
7,161,222
7,162,170
7,163,254
7,164,181
7,165,172
7,166,184
7,167,180
7,168,181
7,169,183
7,170,245
7,171,220
7,172,178
7,173,193
7,174,225
7,175,188
7,176,174
7,177,191
7,178,211
7,179,3122
7,180,196
7,181,221
7,182,192
7,183,266
7,184,204
7,185,235
7,186,174
7,187,199
7,188,226
7,189,228
7,190,175
7,191,256
7,192,198
7,193,212
7,194,176
7,195,231
7,196,189
7,197,252
7,198,292
7,199,212
7,200,212
7,201,239
7,202,216
7,203,231
7,204,201
7,205,254
7,206,211
7,207,247
7,208,209
7,209,253
7,210,2565
7,211,339
7,212,211
7,213,438
7,214,287
7,215,420
7,216,213
7,217,286
7,218,264
7,219,325
7,220,265
7,221,1703
7,222,258
7,223,335
7,224,266
7,225,823
7,226,269
7,227,422
7,228,276
7,229,374
7,230,306
7,231,372
7,232,318
7,233,438
7,234,334
7,235,4095
7,236,381
7,237,468
7,238,497
7,239,486
7,240,426
7,241,493
7,242,459
7,243,532
7,244,478
7,245,883
7,246,649
7,247,873
7,248,547
7,249,673
7,250,575
7,251,650
7,252,618
7,253,675
7,254,737
7,255,649
7,256,617
8,1,358
8,2,398
8,3,375
8,4,393
8,5,367
8,6,528
8,7,398
8,8,743
8,9,1035
8,10,453
8,11,403
8,12,413
8,13,497
8,14,438
8,15,426
8,16,449
8,17,390
8,18,426
8,19,390
8,20,469
8,21,370
8,22,435
8,23,3665
8,24,420
8,25,392
8,26,419
8,27,438
8,28,1201
8,29,401
8,30,488
8,31,418
8,32,464
8,33,386
8,34,478
8,35,500
8,36,415
8,37,447
8,38,615
8,39,404
8,40,453
8,41,396
8,42,415
8,43,364
8,44,391
8,45,374
8,46,302
8,47,228
8,48,253
8,49,312
8,50,230
8,51,618
8,52,319
8,53,294
8,54,228
8,55,230
8,56,226
8,57,215
8,58,239
8,59,462
8,60,244
8,61,249
8,62,244
8,63,206
8,64,323
8,65,214
8,66,229
8,67,243
8,68,288
8,69,226
8,70,230
8,71,569
8,72,576
8,73,405
8,74,233
8,75,241
8,76,279
8,77,376
8,78,237
8,79,215
8,80,272
8,81,231
8,82,225
8,83,220
8,84,227
8,85,198
8,86,254
8,87,234
8,88,300
8,89,207
8,90,222
8,91,227
8,92,333
8,93,240
8,94,228
8,95,228
8,96,207
8,97,304
8,98,212
8,99,251
8,100,265
8,101,212
8,102,206
8,103,303
8,104,241
8,105,205
8,106,198
8,107,207
8,108,213
8,109,213
8,110,205
8,111,208
8,112,208
8,113,219
8,114,313
8,115,278
8,116,207
8,117,201
8,118,211
8,119,233
8,120,207
8,121,199
8,122,219
8,123,183
8,124,281
8,125,189
8,126,228
8,127,197
8,128,237
8,129,166
8,130,239
8,131,172
8,132,207
8,133,165
8,134,144
8,135,238
8,136,130
8,137,155
8,138,164
8,139,172
8,140,151
8,141,152
8,142,140
8,143,2645
8,144,679
8,145,233
8,146,138
8,147,157
8,148,309
8,149,160
8,150,161
8,151,167
8,152,174
8,153,194
8,154,153
8,155,245
8,156,169
8,157,223
8,158,181
8,159,181
8,160,268
8,161,222
8,162,170
8,163,254
8,164,181
8,165,172
8,166,184
8,167,180
8,168,181
8,169,183
8,170,245
8,171,220
8,172,178
8,173,193
8,174,225
8,175,188
8,176,174
8,177,191
8,178,211
8,179,3122
8,180,196
8,181,221
8,182,192
8,183,266
8,184,204
8,185,235
8,186,174
8,187,199
8,188,226
8,189,228
8,190,175
8,191,256
8,192,198
8,193,212
8,194,176
8,195,231
8,196,189
8,197,252
8,198,292
8,199,212
8,200,212
8,201,239
8,202,216
8,203,231
8,204,201
8,205,254
8,206,211
8,207,247
8,208,209
8,209,253
8,210,2565
8,211,339
8,212,211
8,213,438
8,214,287
8,215,420
8,216,213
8,217,286
8,218,264
8,219,325
8,220,265
8,221,1703
8,222,258
8,223,335
8,224,266
8,225,823
8,226,269
8,227,422
8,228,276
8,229,374
8,230,306
8,231,372
8,232,318
8,233,438
8,234,334
8,235,4095
8,236,381
8,237,468
8,238,497
8,239,486
8,240,426
8,241,493
8,242,459
8,243,532
8,244,478
8,245,883
8,246,649
8,247,873
8,248,547
8,249,673
8,250,575
8,251,650
8,252,618
8,253,675
8,254,737
8,255,649
8,256,617
9,1,361
9,2,399
9,3,376
9,4,394
9,5,367
9,6,530
9,7,397
9,8,743
9,9,951
9,10,453
9,11,399
9,12,412
9,13,493
9,14,439
9,15,428
9,16,449
9,17,391
9,18,425
9,19,389
9,20,468
9,21,372
9,22,435
9,23,3670
9,24,419
9,25,393
9,26,419
9,27,435
9,28,1201
9,29,401
9,30,490
9,31,419
9,32,468
9,33,386
9,34,476
9,35,498
9,36,413
9,37,447
9,38,615
9,39,403
9,40,450
9,41,394
9,42,414
9,43,366
9,44,391
9,45,374
9,46,302
9,47,230
9,48,253
9,49,311
9,50,229
9,51,607
9,52,319
9,53,294
9,54,229
9,55,231
9,56,229
9,57,215
9,58,238
9,59,461
9,60,245
9,61,247
9,62,243
9,63,206
9,64,330
9,65,213
9,66,228
9,67,244
9,68,288
9,69,227
9,70,230
9,71,569
9,72,573
9,73,403
9,74,234
9,75,245
9,76,279
9,77,376
9,78,237
9,79,215
9,80,272
9,81,232
9,82,230
9,83,222
9,84,229
9,85,200
9,86,255
9,87,236
9,88,301
9,89,207
9,90,222
9,91,226
9,92,335
9,93,237
9,94,228
9,95,224
9,96,208
9,97,305
9,98,211
9,99,252
9,100,264
9,101,212
9,102,206
9,103,305
9,104,242
9,105,206
9,106,198
9,107,208
9,108,213
9,109,216
9,110,206
9,111,209
9,112,211
9,113,218
9,114,314
9,115,273
9,116,207
9,117,202
9,118,210
9,119,234
9,120,206
9,121,199
9,122,219
9,123,183
9,124,275
9,125,189
9,126,228
9,127,197
9,128,237
9,129,166
9,130,238
9,131,173
9,132,206
9,133,164
9,134,146
9,135,235
9,136,130
9,137,154
9,138,168
9,139,175
9,140,174
9,141,154
9,142,140
9,143,2646
9,144,678
9,145,244
9,146,138
9,147,156
9,148,300
9,149,161
9,150,162
9,151,168
9,152,175
9,153,194
9,154,154
9,155,245
9,156,172
9,157,223
9,158,182
9,159,181
9,160,271
9,161,221
9,162,169
9,163,248
9,164,181
9,165,173
9,166,183
9,167,181
9,168,183
9,169,182
9,170,242
9,171,220
9,172,179
9,173,191
9,174,224
9,175,187
9,176,175
9,177,192
9,178,212
9,179,3140
9,180,196
9,181,222
9,182,190
9,183,271
9,184,205
9,185,237
9,186,175
9,187,201
9,188,225
9,189,228
9,190,176
9,191,258
9,192,202
9,193,213
9,194,178
9,195,230
9,196,187
9,197,255
9,198,281
9,199,213
9,200,212
9,201,241
9,202,217
9,203,229
9,204,201
9,205,254
9,206,212
9,207,247
9,208,210
9,209,252
9,210,2566
9,211,342
9,212,212
9,213,443
9,214,289
9,215,421
9,216,214
9,217,286
9,218,265
9,219,324
9,220,265
9,221,1703
9,222,259
9,223,337
9,224,266
9,225,823
9,226,295
9,227,422
9,228,278
9,229,373
9,230,306
9,231,372
9,232,318
9,233,437
9,234,332
9,235,4095
9,236,383
9,237,469
9,238,496
9,239,485
9,240,424
9,241,495
9,242,457
9,243,535
9,244,477
9,245,876
9,246,658
9,247,886
9,248,547
9,249,673
9,250,576
9,251,649
9,252,617
9,253,674
9,254,733
9,255,647
9,256,615
10,1,361
10,2,399
10,3,376
10,4,394
10,5,367
10,6,530
10,7,397
10,8,743
10,9,951
10,10,453
10,11,399
10,12,412
10,13,493
10,14,439
10,15,428
10,16,449
10,17,391
10,18,425
10,19,389
10,20,468
10,21,372
10,22,435
10,23,3670
10,24,419
10,25,393
10,26,419
10,27,435
10,28,1201
10,29,401
10,30,490
10,31,419
10,32,468
10,33,386
10,34,476
10,35,498
10,36,413
10,37,447
10,38,615
10,39,403
10,40,450
10,41,394
10,42,414
10,43,366
10,44,391
10,45,374
10,46,302
10,47,230
10,48,253
10,49,311
10,50,229
10,51,607
10,52,319
10,53,294
10,54,229
10,55,231
10,56,229
10,57,215
10,58,238
10,59,461
10,60,245
10,61,247
10,62,243
10,63,206
10,64,330
10,65,213
10,66,228
10,67,244
10,68,288
10,69,227
10,70,230
10,71,569
10,72,573
10,73,403
10,74,234
10,75,245
10,76,279
10,77,376
10,78,237
10,79,215
10,80,272
10,81,232
10,82,230
10,83,222
10,84,229
10,85,200
10,86,255
10,87,236
10,88,301
10,89,207
10,90,222
10,91,226
10,92,335
10,93,237
10,94,228
10,95,224
10,96,208
10,97,305
10,98,211
10,99,252
10,100,264
10,101,212
10,102,206
10,103,305
10,104,242
10,105,206
10,106,198
10,107,208
10,108,213
10,109,216
10,110,206
10,111,209
10,112,211
10,113,218
10,114,314
10,115,273
10,116,207
10,117,202
10,118,210
10,119,234
10,120,206
10,121,199
10,122,219
10,123,183
10,124,275
10,125,189
10,126,228
10,127,197
10,128,237
10,129,166
10,130,238
10,131,173
10,132,206
10,133,164
10,134,146
10,135,235
10,136,130
10,137,154
10,138,168
10,139,175
10,140,174
10,141,154
10,142,140
10,143,2646
10,144,678
10,145,244
10,146,138
10,147,156
10,148,300
10,149,161
10,150,162
10,151,168
10,152,175
10,153,194
10,154,154
10,155,245
10,156,172
10,157,223
10,158,182
10,159,181
10,160,271
10,161,221
10,162,169
10,163,248
10,164,181
10,165,173
10,166,183
10,167,181
10,168,183
10,169,182
10,170,242
10,171,220
10,172,179
10,173,191
10,174,224
10,175,187
10,176,175
10,177,192
10,178,212
10,179,3140
10,180,196
10,181,222
10,182,190
10,183,271
10,184,205
10,185,237
10,186,175
10,187,201
10,188,225
10,189,228
10,190,176
10,191,258
10,192,202
10,193,213
10,194,178
10,195,230
10,196,187
10,197,255
10,198,281
10,199,213
10,200,212
10,201,241
10,202,217
10,203,229
10,204,201
10,205,254
10,206,212
10,207,247
10,208,210
10,209,252
10,210,2566
10,211,342
10,212,212
10,213,443
10,214,289
10,215,421
10,216,214
10,217,286
10,218,265
10,219,324
10,220,265
10,221,1703
10,222,259
10,223,337
10,224,266
10,225,823
10,226,295
10,227,422
10,228,278
10,229,373
10,230,306
10,231,372
10,232,318
10,233,437
10,234,332
10,235,4095
10,236,383
10,237,469
10,238,496
10,239,485
10,240,424
10,241,495
10,242,457
10,243,535
10,244,477
10,245,876
10,246,658
10,247,886
10,248,547
10,249,673
10,250,576
10,251,649
10,252,617
10,253,674
10,254,733
10,255,647
10,256,615
11,1,361
11,2,399
11,3,377
11,4,393
11,5,367
11,6,528
11,7,398
11,8,743
11,9,1052
11,10,454
11,11,399
11,12,412
11,13,493
11,14,437
11,15,426
11,16,450
11,17,392
11,18,427
11,19,390
11,20,468
11,21,371
11,22,435
11,23,3695
11,24,418
11,25,393
11,26,419
11,27,434
11,28,1201
11,29,403
11,30,488
11,31,418
11,32,466
11,33,386
11,34,475
11,35,500
11,36,413
11,37,446
11,38,613
11,39,402
11,40,451
11,41,395
11,42,416
11,43,363
11,44,388
11,45,376
11,46,303
11,47,228
11,48,252
11,49,312
11,50,230
11,51,618
11,52,319
11,53,292
11,54,230
11,55,230
11,56,227
11,57,215
11,58,237
11,59,461
11,60,245
11,61,250
11,62,243
11,63,206
11,64,326
11,65,214
11,66,229
11,67,244
11,68,287
11,69,226
11,70,231
11,71,568
11,72,569
11,73,403
11,74,235
11,75,245
11,76,279
11,77,373
11,78,237
11,79,216
11,80,272
11,81,231
11,82,230
11,83,219
11,84,229
11,85,198
11,86,255
11,87,234
11,88,302
11,89,206
11,90,223
11,91,225
11,92,335
11,93,238
11,94,230
11,95,225
11,96,209
11,97,305
11,98,212
11,99,252
11,100,265
11,101,211
11,102,206
11,103,307
11,104,242
11,105,205
11,106,199
11,107,207
11,108,213
11,109,215
11,110,206
11,111,209
11,112,209
11,113,218
11,114,316
11,115,275
11,116,208
11,117,202
11,118,210
11,119,231
11,120,206
11,121,198
11,122,220
11,123,182
11,124,276
11,125,192
11,126,226
11,127,197
11,128,236
11,129,166
11,130,241
11,131,174
11,132,209
11,133,164
11,134,145
11,135,235
11,136,131
11,137,155
11,138,168
11,139,173
11,140,150
11,141,154
11,142,140
11,143,2646
11,144,676
11,145,243
11,146,138
11,147,157
11,148,307
11,149,161
11,150,163
11,151,169
11,152,175
11,153,195
11,154,153
11,155,245
11,156,170
11,157,224
11,158,182
11,159,181
11,160,271
11,161,220
11,162,169
11,163,243
11,164,181
11,165,173
11,166,184
11,167,180
11,168,181
11,169,181
11,170,244
11,171,223
11,172,180
11,173,194
11,174,224
11,175,189
11,176,175
11,177,193
11,178,211
11,179,3122
11,180,196
11,181,221
11,182,191
11,183,269
11,184,205
11,185,237
11,186,174
11,187,199
11,188,226
11,189,227
11,190,176
11,191,258
11,192,200
11,193,212
11,194,178
11,195,230
11,196,189
11,197,254
11,198,288
11,199,213
11,200,213
11,201,238
11,202,215
11,203,230
11,204,202
11,205,254
11,206,213
11,207,247
11,208,211
11,209,253
11,210,2565
11,211,338
11,212,210
11,213,433
11,214,288
11,215,421
11,216,213
11,217,285
11,218,266
11,219,324
11,220,268
11,221,1719
11,222,260
11,223,338
11,224,266
11,225,833
11,226,270
11,227,427
11,228,277
11,229,373
11,230,305
11,231,371
11,232,318
11,233,434
11,234,334
11,235,4095
11,236,379
11,237,469
11,238,513
11,239,483
11,240,426
11,241,494
11,242,459
11,243,533
11,244,478
11,245,879
11,246,675
11,247,878
11,248,547
11,249,671
11,250,576
11,251,650
11,252,618
11,253,676
11,254,736
11,255,648
11,256,618
12,1,361
12,2,399
12,3,377
12,4,393
12,5,367
12,6,528
12,7,398
12,8,743
12,9,1052
12,10,454
12,11,399
12,12,412
12,13,493
12,14,437
12,15,426
12,16,450
12,17,392
12,18,427
12,19,390
12,20,468
12,21,371
12,22,435
12,23,3695
12,24,418
12,25,393
12,26,419
12,27,434
12,28,1201
12,29,403
12,30,488
12,31,418
12,32,466
12,33,386
12,34,475
12,35,500
12,36,413
12,37,446
12,38,613
12,39,402
12,40,451
12,41,395
12,42,416
12,43,363
12,44,388
12,45,376
12,46,303
12,47,228
12,48,252
12,49,312
12,50,230
12,51,618
12,52,319
12,53,292
12,54,230
12,55,230
12,56,227
12,57,215
12,58,237
12,59,461
12,60,245
12,61,250
12,62,243
12,63,206
12,64,326
12,65,214
12,66,229
12,67,244
12,68,287
12,69,226
12,70,231
12,71,568
12,72,569
12,73,403
12,74,235
12,75,245
12,76,279
12,77,373
12,78,237
12,79,216
12,80,272
12,81,231
12,82,230
12,83,219
12,84,229
12,85,198
12,86,255
12,87,234
12,88,302
12,89,206
12,90,223
12,91,225
12,92,335
12,93,238
12,94,230
12,95,225
12,96,209
12,97,305
12,98,212
12,99,252
12,100,265
12,101,211
12,102,206
12,103,307
12,104,242
12,105,205
12,106,199
12,107,207
12,108,213
12,109,215
12,110,206
12,111,209
12,112,209
12,113,218
12,114,316
12,115,275
12,116,208
12,117,202
12,118,210
12,119,231
12,120,206
12,121,198
12,122,220
12,123,182
12,124,276
12,125,192
12,126,226
12,127,197
12,128,236
12,129,166
12,130,241
12,131,174
12,132,209
12,133,164
12,134,145
12,135,235
12,136,131
12,137,155
12,138,168
12,139,173
12,140,150
12,141,154
12,142,140
12,143,2646
12,144,676
12,145,243
12,146,138
12,147,157
12,148,307
12,149,161
12,150,163
12,151,169
12,152,175
12,153,195
12,154,153
12,155,245
12,156,170
12,157,224
12,158,182
12,159,181
12,160,271
12,161,220
12,162,169
12,163,243
12,164,181
12,165,173
12,166,184
12,167,180
12,168,181
12,169,181
12,170,244
12,171,223
12,172,180
12,173,194
12,174,224
12,175,189
12,176,175
12,177,193
12,178,211
12,179,3122
12,180,196
12,181,221
12,182,191
12,183,269
12,184,205
12,185,237
12,186,174
12,187,199
12,188,226
12,189,227
12,190,176
12,191,258
12,192,200
12,193,212
12,194,178
12,195,230
12,196,189
12,197,254
12,198,288
12,199,213
12,200,213
12,201,238
12,202,215
12,203,230
12,204,202
12,205,254
12,206,213
12,207,247
12,208,211
12,209,253
12,210,2565
12,211,338
12,212,210
12,213,433
12,214,288
12,215,421
12,216,213
12,217,285
12,218,266
12,219,324
12,220,268
12,221,1719
12,222,260
12,223,338
12,224,266
12,225,833
12,226,270
12,227,427
12,228,277
12,229,373
12,230,305
12,231,371
12,232,318
12,233,434
12,234,334
12,235,4095
12,236,379
12,237,469
12,238,513
12,239,483
12,240,426
12,241,494
12,242,459
12,243,533
12,244,478
12,245,879
12,246,675
12,247,878
12,248,547
12,249,671
12,250,576
12,251,650
12,252,618
12,253,676
12,254,736
12,255,648
12,256,618
13,1,360
13,2,398
13,3,374
13,4,393
13,5,366
13,6,531
13,7,398
13,8,741
13,9,1032
13,10,456
13,11,401
13,12,414
13,13,492
13,14,436
13,15,427
13,16,447
13,17,391
13,18,427
13,19,389
13,20,470
13,21,369
13,22,436
13,23,3725
13,24,419
13,25,393
13,26,419
13,27,434
13,28,1200
13,29,402
13,30,488
13,31,418
13,32,467
13,33,387
13,34,475
13,35,499
13,36,417
13,37,445
13,38,617
13,39,404
13,40,453
13,41,396
13,42,413
13,43,364
13,44,390
13,45,373
13,46,304
13,47,229
13,48,254
13,49,304
13,50,230
13,51,614
13,52,322
13,53,293
13,54,231
13,55,230
13,56,228
13,57,215
13,58,235
13,59,459
13,60,243
13,61,251
13,62,243
13,63,205
13,64,327
13,65,214
13,66,229
13,67,243
13,68,288
13,69,226
13,70,232
13,71,569
13,72,573
13,73,409
13,74,236
13,75,244
13,76,280
13,77,378
13,78,238
13,79,215
13,80,274
13,81,230
13,82,230
13,83,220
13,84,229
13,85,197
13,86,256
13,87,234
13,88,301
13,89,206
13,90,221
13,91,226
13,92,335
13,93,237
13,94,227
13,95,362
13,96,482
13,97,489
13,98,252
13,99,245
13,100,265
13,101,211
13,102,206
13,103,311
13,104,242
13,105,206
13,106,200
13,107,207
13,108,214
13,109,215
13,110,206
13,111,209
13,112,211
13,113,218
13,114,316
13,115,275
13,116,208
13,117,201
13,118,210
13,119,232
13,120,207
13,121,199
13,122,219
13,123,181
13,124,281
13,125,190
13,126,228
13,127,196
13,128,236
13,129,166
13,130,240
13,131,171
13,132,209
13,133,164
13,134,143
13,135,236
13,136,129
13,137,155
13,138,168
13,139,173
13,140,149
13,141,154
13,142,140
13,143,2648
13,144,680
13,145,240
13,146,140
13,147,161
13,148,302
13,149,159
13,150,163
13,151,167
13,152,173
13,153,195
13,154,153
13,155,246
13,156,171
13,157,222
13,158,181
13,159,181
13,160,269
13,161,220
13,162,170
13,163,242
13,164,181
13,165,172
13,166,186
13,167,179
13,168,182
13,169,182
13,170,243
13,171,219
13,172,180
13,173,193
13,174,225
13,175,188
13,176,175
13,177,192
13,178,213
13,179,3122
13,180,198
13,181,221
13,182,193
13,183,265
13,184,204
13,185,236
13,186,175
13,187,199
13,188,221
13,189,226
13,190,177
13,191,272
13,192,202
13,193,212
13,194,177
13,195,227
13,196,189
13,197,252
13,198,295
13,199,212
13,200,214
13,201,239
13,202,219
13,203,228
13,204,202
13,205,255
13,206,213
13,207,246
13,208,211
13,209,250
13,210,2562
13,211,339
13,212,212
13,213,439
13,214,290
13,215,415
13,216,214
13,217,286
13,218,267
13,219,323
13,220,267
13,221,1772
13,222,259
13,223,336
13,224,269
13,225,839
13,226,271
13,227,428
13,228,278
13,229,374
13,230,306
13,231,372
13,232,320
13,233,435
13,234,333
13,235,4095
13,236,384
13,237,469
13,238,503
13,239,484
13,240,426
13,241,493
13,242,457
13,243,535
13,244,479
13,245,888
13,246,654
13,247,876
13,248,548
13,249,671
13,250,576
13,251,649
13,252,618
13,253,673
13,254,728
13,255,646
13,256,618
14,1,360
14,2,398
14,3,374
14,4,393
14,5,366
14,6,531
14,7,398
14,8,741
14,9,1032
14,10,456
14,11,401
14,12,414
14,13,492
14,14,436
14,15,427
14,16,447
14,17,391
14,18,427
14,19,389
14,20,470
14,21,369
14,22,436
14,23,3725
14,24,419
14,25,393
14,26,419
14,27,434
14,28,1200
14,29,402
14,30,488
14,31,418
14,32,467
14,33,387
14,34,475
14,35,499
14,36,417
14,37,445
14,38,617
14,39,404
14,40,453
14,41,396
14,42,413
14,43,364
14,44,390
14,45,373
14,46,304
14,47,229
14,48,254
14,49,304
14,50,230
14,51,614
14,52,322
14,53,293
14,54,231
14,55,230
14,56,228
14,57,215
14,58,235
14,59,459
14,60,243
14,61,251
14,62,243
14,63,205
14,64,327
14,65,214
14,66,229
14,67,243
14,68,288
14,69,226
14,70,232
14,71,569
14,72,573
14,73,409
14,74,236
14,75,244
14,76,280
14,77,378
14,78,238
14,79,215
14,80,274
14,81,230
14,82,230
14,83,220
14,84,229
14,85,197
14,86,256
14,87,234
14,88,301
14,89,206
14,90,221
14,91,226
14,92,335
14,93,237
14,94,227
14,95,362
14,96,482
14,97,489
14,98,252
14,99,245
14,100,265
14,101,211
14,102,206
14,103,311
14,104,242
14,105,206
14,106,200
14,107,207
14,108,214
14,109,215
14,110,206
14,111,209
14,112,211
14,113,218
14,114,316
14,115,275
14,116,208
14,117,201
14,118,210
14,119,232
14,120,207
14,121,199
14,122,219
14,123,181
14,124,281
14,125,190
14,126,228
14,127,196
14,128,236
14,129,166
14,130,240
14,131,171
14,132,209
14,133,164
14,134,143
14,135,236
14,136,129
14,137,155
14,138,168
14,139,173
14,140,149
14,141,154
14,142,140
14,143,2648
14,144,680
14,145,240
14,146,140
14,147,161
14,148,302
14,149,159
14,150,163
14,151,167
14,152,173
14,153,195
14,154,153
14,155,246
14,156,171
14,157,222
14,158,181
14,159,181
14,160,269
14,161,220
14,162,170
14,163,242
14,164,181
14,165,172
14,166,186
14,167,179
14,168,182
14,169,182
14,170,243
14,171,219
14,172,180
14,173,193
14,174,225
14,175,188
14,176,175
14,177,192
14,178,213
14,179,3122
14,180,198
14,181,221
14,182,193
14,183,265
14,184,204
14,185,236
14,186,175
14,187,199
14,188,221
14,189,226
14,190,177
14,191,272
14,192,202
14,193,212
14,194,177
14,195,227
14,196,189
14,197,252
14,198,295
14,199,212
14,200,214
14,201,239
14,202,219
14,203,228
14,204,202
14,205,255
14,206,213
14,207,246
14,208,211
14,209,250
14,210,2562
14,211,339
14,212,212
14,213,439
14,214,290
14,215,415
14,216,214
14,217,286
14,218,267
14,219,323
14,220,267
14,221,1772
14,222,259
14,223,336
14,224,269
14,225,839
14,226,271
14,227,428
14,228,278
14,229,374
14,230,306
14,231,372
14,232,320
14,233,435
14,234,333
14,235,4095
14,236,384
14,237,469
14,238,503
14,239,484
14,240,426
14,241,493
14,242,457
14,243,535
14,244,479
14,245,888
14,246,654
14,247,876
14,248,548
14,249,671
14,250,576
14,251,649
14,252,618
14,253,673
14,254,728
14,255,646
14,256,618
15,1,358
15,2,399
15,3,376
15,4,392
15,5,367
15,6,529
15,7,398
15,8,732
15,9,988
15,10,454
15,11,402
15,12,412
15,13,492
15,14,436
15,15,427
15,16,451
15,17,393
15,18,441
15,19,422
15,20,483
15,21,374
15,22,435
15,23,3672
15,24,418
15,25,393
15,26,417
15,27,434
15,28,1202
15,29,401
15,30,489
15,31,418
15,32,465
15,33,387
15,34,475
15,35,498
15,36,416
15,37,447
15,38,616
15,39,404
15,40,450
15,41,395
15,42,414
15,43,364
15,44,390
15,45,374
15,46,303
15,47,230
15,48,253
15,49,313
15,50,229
15,51,626
15,52,314
15,53,295
15,54,229
15,55,230
15,56,228
15,57,217
15,58,238
15,59,462
15,60,244
15,61,247
15,62,244
15,63,205
15,64,330
15,65,214
15,66,229
15,67,244
15,68,288
15,69,226
15,70,231
15,71,567
15,72,564
15,73,406
15,74,235
15,75,246
15,76,280
15,77,378
15,78,239
15,79,216
15,80,272
15,81,231
15,82,225
15,83,221
15,84,229
15,85,198
15,86,253
15,87,241
15,88,300
15,89,206
15,90,222
15,91,227
15,92,339
15,93,236
15,94,228
15,95,225
15,96,208
15,97,303
15,98,213
15,99,249
15,100,266
15,101,213
15,102,206
15,103,309
15,104,240
15,105,208
15,106,198
15,107,208
15,108,214
15,109,216
15,110,205
15,111,210
15,112,210
15,113,219
15,114,317
15,115,276
15,116,208
15,117,202
15,118,211
15,119,232
15,120,206
15,121,199
15,122,219
15,123,183
15,124,282
15,125,191
15,126,227
15,127,196
15,128,237
15,129,168
15,130,238
15,131,173
15,132,208
15,133,165
15,134,145
15,135,236
15,136,130
15,137,155
15,138,167
15,139,174
15,140,150
15,141,155
15,142,142
15,143,2646
15,144,678
15,145,232
15,146,137
15,147,157
15,148,305
15,149,161
15,150,163
15,151,168
15,152,176
15,153,196
15,154,153
15,155,247
15,156,170
15,157,224
15,158,182
15,159,182
15,160,270
15,161,221
15,162,169
15,163,246
15,164,181
15,165,174
15,166,184
15,167,179
15,168,182
15,169,181
15,170,244
15,171,221
15,172,180
15,173,192
15,174,225
15,175,187
15,176,174
15,177,193
15,178,212
15,179,3122
15,180,195
15,181,222
15,182,191
15,183,266
15,184,205
15,185,236
15,186,174
15,187,199
15,188,219
15,189,227
15,190,177
15,191,257
15,192,201
15,193,214
15,194,177
15,195,231
15,196,188
15,197,255
15,198,286
15,199,214
15,200,212
15,201,240
15,202,217
15,203,231
15,204,200
15,205,255
15,206,213
15,207,248
15,208,211
15,209,253
15,210,2565
15,211,341
15,212,213
15,213,436
15,214,290
15,215,425
15,216,213
15,217,286
15,218,266
15,219,326
15,220,266
15,221,1706
15,222,259
15,223,337
15,224,269
15,225,839
15,226,270
15,227,427
15,228,276
15,229,374
15,230,306
15,231,374
15,232,318
15,233,434
15,234,332
15,235,4095
15,236,382
15,237,468
15,238,494
15,239,486
15,240,425
15,241,496
15,242,458
15,243,534
15,244,479
15,245,887
15,246,666
15,247,878
15,248,547
15,249,675
15,250,574
15,251,649
15,252,618
15,253,674
15,254,726
15,255,649
15,256,618
16,1,358
16,2,399
16,3,376
16,4,392
16,5,367
16,6,529
16,7,398
16,8,732
16,9,988
16,10,454
16,11,402
16,12,412
16,13,492
16,14,436
16,15,427
16,16,451
16,17,393
16,18,441
16,19,422
16,20,483
16,21,374
16,22,435
16,23,3672
16,24,418
16,25,393
16,26,417
16,27,434
16,28,1202
16,29,401
16,30,489
16,31,418
16,32,465
16,33,387
16,34,475
16,35,498
16,36,416
16,37,447
16,38,616
16,39,404
16,40,450
16,41,395
16,42,414
16,43,364
16,44,390
16,45,374
16,46,303
16,47,230
16,48,253
16,49,313
16,50,229
16,51,626
16,52,314
16,53,295
16,54,229
16,55,230
16,56,228
16,57,217
16,58,238
16,59,462
16,60,244
16,61,247
16,62,244
16,63,205
16,64,330
16,65,214
16,66,229
16,67,244
16,68,288
16,69,226
16,70,231
16,71,567
16,72,564
16,73,406
16,74,235
16,75,246
16,76,280
16,77,378
16,78,239
16,79,216
16,80,272
16,81,231
16,82,225
16,83,221
16,84,229
16,85,198
16,86,253
16,87,241
16,88,300
16,89,206
16,90,222
16,91,227
16,92,339
16,93,236
16,94,228
16,95,225
16,96,208
16,97,303
16,98,213
16,99,249
16,100,266
16,101,213
16,102,206
16,103,309
16,104,240
16,105,208
16,106,198
16,107,208
16,108,214
16,109,216
16,110,205
16,111,210
16,112,210
16,113,219
16,114,317
16,115,276
16,116,208
16,117,202
16,118,211
16,119,232
16,120,206
16,121,199
16,122,219
16,123,183
16,124,282
16,125,191
16,126,227
16,127,196
16,128,237
16,129,168
16,130,238
16,131,173
16,132,208
16,133,165
16,134,145
16,135,236
16,136,130
16,137,155
16,138,167
16,139,174
16,140,150
16,141,155
16,142,142
16,143,2646
16,144,678
16,145,232
16,146,137
16,147,157
16,148,305
16,149,161
16,150,163
16,151,168
16,152,176
16,153,196
16,154,153
16,155,247
16,156,170
16,157,224
16,158,182
16,159,182
16,160,270
16,161,221
16,162,169
16,163,246
16,164,181
16,165,174
16,166,184
16,167,179
16,168,182
16,169,181
16,170,244
16,171,221
16,172,180
16,173,192
16,174,225
16,175,187
16,176,174
16,177,193
16,178,212
16,179,3122
16,180,195
16,181,222
16,182,191
16,183,266
16,184,205
16,185,236
16,186,174
16,187,199
16,188,219
16,189,227
16,190,177
16,191,257
16,192,201
16,193,214
16,194,177
16,195,231
16,196,188
16,197,255
16,198,286
16,199,214
16,200,212
16,201,240
16,202,217
16,203,231
16,204,200
16,205,255
16,206,213
16,207,248
16,208,211
16,209,253
16,210,2565
16,211,341
16,212,213
16,213,436
16,214,290
16,215,425
16,216,213
16,217,286
16,218,266
16,219,326
16,220,266
16,221,1706
16,222,259
16,223,337
16,224,269
16,225,839
16,226,270
16,227,427
16,228,276
16,229,374
16,230,306
16,231,374
16,232,318
16,233,434
16,234,332
16,235,4095
16,236,382
16,237,468
16,238,494
16,239,486
16,240,425
16,241,496
16,242,458
16,243,534
16,244,479
16,245,887
16,246,666
16,247,878
16,248,547
16,249,675
16,250,574
16,251,649
16,252,618
16,253,674
16,254,726
16,255,649
16,256,618
17,1,359
17,2,399
17,3,375
17,4,393
17,5,366
17,6,527
17,7,398
17,8,735
17,9,1006
17,10,454
17,11,401
17,12,412
17,13,491
17,14,437
17,15,428
17,16,448
17,17,389
17,18,427
17,19,390
17,20,470
17,21,371
17,22,437
17,23,3669
17,24,419
17,25,392
17,26,418
17,27,439
17,28,1203
17,29,402
17,30,490
17,31,418
17,32,466
17,33,386
17,34,475
17,35,501
17,36,416
17,37,446
17,38,616
17,39,403
17,40,455
17,41,395
17,42,412
17,43,364
17,44,389
17,45,375
17,46,303
17,47,229
17,48,253
17,49,312
17,50,229
17,51,626
17,52,320
17,53,295
17,54,229
17,55,229
17,56,228
17,57,215
17,58,239
17,59,461
17,60,244
17,61,252
17,62,242
17,63,205
17,64,327
17,65,214
17,66,230
17,67,244
17,68,290
17,69,227
17,70,231
17,71,570
17,72,583
17,73,404
17,74,235
17,75,243
17,76,280
17,77,374
17,78,238
17,79,216
17,80,271
17,81,230
17,82,225
17,83,220
17,84,228
17,85,197
17,86,249
17,87,234
17,88,301
17,89,205
17,90,222
17,91,226
17,92,346
17,93,237
17,94,228
17,95,226
17,96,208
17,97,302
17,98,212
17,99,247
17,100,263
17,101,211
17,102,206
17,103,310
17,104,241
17,105,206
17,106,199
17,107,207
17,108,213
17,109,214
17,110,204
17,111,208
17,112,210
17,113,219
17,114,317
17,115,276
17,116,206
17,117,201
17,118,209
17,119,232
17,120,207
17,121,198
17,122,219
17,123,182
17,124,286
17,125,190
17,126,225
17,127,197
17,128,235
17,129,166
17,130,240
17,131,172
17,132,209
17,133,163
17,134,146
17,135,237
17,136,129
17,137,154
17,138,166
17,139,173
17,140,149
17,141,152
17,142,141
17,143,2644
17,144,676
17,145,232
17,146,138
17,147,156
17,148,306
17,149,161
17,150,162
17,151,167
17,152,175
17,153,195
17,154,154
17,155,243
17,156,169
17,157,221
17,158,182
17,159,182
17,160,270
17,161,221
17,162,170
17,163,248
17,164,182
17,165,174
17,166,186
17,167,180
17,168,183
17,169,181
17,170,245
17,171,219
17,172,180
17,173,192
17,174,226
17,175,188
17,176,175
17,177,192
17,178,211
17,179,3127
17,180,196
17,181,220
17,182,191
17,183,270
17,184,204
17,185,236
17,186,175
17,187,200
17,188,218
17,189,225
17,190,176
17,191,258
17,192,202
17,193,213
17,194,177
17,195,230
17,196,188
17,197,251
17,198,294
17,199,213
17,200,211
17,201,238
17,202,216
17,203,229
17,204,201
17,205,255
17,206,212
17,207,247
17,208,210
17,209,252
17,210,2569
17,211,339
17,212,212
17,213,432
17,214,290
17,215,419
17,216,213
17,217,285
17,218,266
17,219,325
17,220,267
17,221,1737
17,222,259
17,223,338
17,224,267
17,225,826
17,226,270
17,227,422
17,228,277
17,229,374
17,230,307
17,231,372
17,232,318
17,233,434
17,234,334
17,235,4095
17,236,386
17,237,467
17,238,499
17,239,482
17,240,426
17,241,495
17,242,457
17,243,534
17,244,478
17,245,888
17,246,654
17,247,878
17,248,546
17,249,667
17,250,577
17,251,649
17,252,617
17,253,676
17,254,736
17,255,650
17,256,618
18,1,359
18,2,399
18,3,375
18,4,393
18,5,366
18,6,527
18,7,398
18,8,735
18,9,1006
18,10,454
18,11,401
18,12,412
18,13,491
18,14,437
18,15,428
18,16,448
18,17,389
18,18,427
18,19,390
18,20,470
18,21,371
18,22,437
18,23,3669
18,24,419
18,25,392
18,26,418
18,27,439
18,28,1203
18,29,402
18,30,490
18,31,418
18,32,466
18,33,386
18,34,475
18,35,501
18,36,416
18,37,446
18,38,616
18,39,403
18,40,455
18,41,395
18,42,412
18,43,364
18,44,389
18,45,375
18,46,303
18,47,229
18,48,253
18,49,312
18,50,229
18,51,626
18,52,320
18,53,295
18,54,229
18,55,229
18,56,228
18,57,215
18,58,239
18,59,461
18,60,244
18,61,252
18,62,242
18,63,205
18,64,327
18,65,214
18,66,230
18,67,244
18,68,290
18,69,227
18,70,231
18,71,570
18,72,583
18,73,404
18,74,235
18,75,243
18,76,280
18,77,374
18,78,238
18,79,216
18,80,271
18,81,230
18,82,225
18,83,220
18,84,228
18,85,197
18,86,249
18,87,234
18,88,301
18,89,205
18,90,222
18,91,226
18,92,346
18,93,237
18,94,228
18,95,226
18,96,208
18,97,302
18,98,212
18,99,247
18,100,263
18,101,211
18,102,206
18,103,310
18,104,241
18,105,206
18,106,199
18,107,207
18,108,213
18,109,214
18,110,204
18,111,208
18,112,210
18,113,219
18,114,317
18,115,276
18,116,206
18,117,201
18,118,209
18,119,232
18,120,207
18,121,198
18,122,219
18,123,182
18,124,286
18,125,190
18,126,225
18,127,197
18,128,235
18,129,166
18,130,240
18,131,172
18,132,209
18,133,163
18,134,146
18,135,237
18,136,129
18,137,154
18,138,166
18,139,173
18,140,149
18,141,152
18,142,141
18,143,2644
18,144,676
18,145,232
18,146,138
18,147,156
18,148,306
18,149,161
18,150,162
18,151,167
18,152,175
18,153,195
18,154,154
18,155,243
18,156,169
18,157,221
18,158,182
18,159,182
18,160,270
18,161,221
18,162,170
18,163,248
18,164,182
18,165,174
18,166,186
18,167,180
18,168,183
18,169,181
18,170,245
18,171,219
18,172,180
18,173,192
18,174,226
18,175,188
18,176,175
18,177,192
18,178,211
18,179,3127
18,180,196
18,181,220
18,182,191
18,183,270
18,184,204
18,185,236
18,186,175
18,187,200
18,188,218
18,189,225
18,190,176
18,191,258
18,192,202
18,193,213
18,194,177
18,195,230
18,196,188
18,197,251
18,198,294
18,199,213
18,200,211
18,201,238
18,202,216
18,203,229
18,204,201
18,205,255
18,206,212
18,207,247
18,208,210
18,209,252
18,210,2569
18,211,339
18,212,212
18,213,432
18,214,290
18,215,419
18,216,213
18,217,285
18,218,266
18,219,325
18,220,267
18,221,1737
18,222,259
18,223,338
18,224,267
18,225,826
18,226,270
18,227,422
18,228,277
18,229,374
18,230,307
18,231,372
18,232,318
18,233,434
18,234,334
18,235,4095
18,236,386
18,237,467
18,238,499
18,239,482
18,240,426
18,241,495
18,242,457
18,243,534
18,244,478
18,245,888
18,246,654
18,247,878
18,248,546
18,249,667
18,250,577
18,251,649
18,252,617
18,253,676
18,254,736
18,255,650
18,256,618
19,1,362
19,2,399
19,3,374
19,4,392
19,5,365
19,6,527
19,7,398
19,8,738
19,9,1006
19,10,456
19,11,402
19,12,414
19,13,492
19,14,436
19,15,427
19,16,449
19,17,391
19,18,427
19,19,391
19,20,469
19,21,370
19,22,437
19,23,3845
19,24,419
19,25,391
19,26,418
19,27,435
19,28,1199
19,29,399
19,30,490
19,31,418
19,32,466
19,33,388
19,34,476
19,35,500
19,36,416
19,37,447
19,38,617
19,39,403
19,40,456
19,41,394
19,42,414
19,43,363
19,44,390
19,45,374
19,46,302
19,47,229
19,48,254
19,49,313
19,50,230
19,51,620
19,52,320
19,53,294
19,54,228
19,55,231
19,56,228
19,57,217
19,58,238
19,59,460
19,60,245
19,61,249
19,62,243
19,63,205
19,64,328
19,65,214
19,66,229
19,67,244
19,68,287
19,69,227
19,70,231
19,71,567
19,72,586
19,73,410
19,74,235
19,75,244
19,76,279
19,77,367
19,78,238
19,79,215
19,80,273
19,81,230
19,82,224
19,83,221
19,84,229
19,85,198
19,86,252
19,87,271
19,88,306
19,89,206
19,90,222
19,91,225
19,92,339
19,93,236
19,94,228
19,95,225
19,96,209
19,97,294
19,98,211
19,99,247
19,100,265
19,101,211
19,102,206
19,103,309
19,104,241
19,105,205
19,106,199
19,107,208
19,108,213
19,109,214
19,110,205
19,111,208
19,112,210
19,113,218
19,114,316
19,115,274
19,116,208
19,117,201
19,118,211
19,119,231
19,120,207
19,121,199
19,122,218
19,123,183
19,124,283
19,125,191
19,126,226
19,127,195
19,128,239
19,129,166
19,130,238
19,131,171
19,132,209
19,133,165
19,134,147
19,135,238
19,136,130
19,137,154
19,138,168
19,139,172
19,140,150
19,141,153
19,142,141
19,143,2639
19,144,676
19,145,234
19,146,139
19,147,157
19,148,310
19,149,161
19,150,162
19,151,166
19,152,174
19,153,194
19,154,154
19,155,245
19,156,169
19,157,221
19,158,181
19,159,181
19,160,270
19,161,221
19,162,169
19,163,243
19,164,181
19,165,173
19,166,184
19,167,180
19,168,182
19,169,182
19,170,242
19,171,221
19,172,180
19,173,191
19,174,226
19,175,187
19,176,174
19,177,191
19,178,209
19,179,3123
19,180,197
19,181,221
19,182,191
19,183,267
19,184,204
19,185,236
19,186,174
19,187,199
19,188,219
19,189,227
19,190,177
19,191,255
19,192,200
19,193,211
19,194,175
19,195,229
19,196,188
19,197,255
19,198,289
19,199,211
19,200,211
19,201,238
19,202,217
19,203,229
19,204,201
19,205,251
19,206,211
19,207,246
19,208,211
19,209,252
19,210,2564
19,211,339
19,212,212
19,213,432
19,214,289
19,215,422
19,216,213
19,217,285
19,218,266
19,219,325
19,220,266
19,221,1751
19,222,259
19,223,338
19,224,267
19,225,832
19,226,270
19,227,435
19,228,277
19,229,373
19,230,307
19,231,372
19,232,320
19,233,435
19,234,333
19,235,4095
19,236,383
19,237,467
19,238,499
19,239,484
19,240,426
19,241,494
19,242,459
19,243,534
19,244,476
19,245,885
19,246,657
19,247,857
19,248,547
19,249,675
19,250,577
19,251,649
19,252,617
19,253,676
19,254,742
19,255,650
19,256,614
20,1,362
20,2,399
20,3,374
20,4,392
20,5,365
20,6,527
20,7,398
20,8,738
20,9,1006
20,10,456
20,11,402
20,12,414
20,13,492
20,14,436
20,15,427
20,16,449
20,17,391
20,18,427
20,19,391
20,20,469
20,21,370
20,22,437
20,23,3845
20,24,419
20,25,391
20,26,418
20,27,435
20,28,1199
20,29,399
20,30,490
20,31,418
20,32,466
20,33,388
20,34,476
20,35,500
20,36,416
20,37,447
20,38,617
20,39,403
20,40,456
20,41,394
20,42,414
20,43,363
20,44,390
20,45,374
20,46,302
20,47,229
20,48,254
20,49,313
20,50,230
20,51,620
20,52,320
20,53,294
20,54,228
20,55,231
20,56,228
20,57,217
20,58,238
20,59,460
20,60,245
20,61,249
20,62,243
20,63,205
20,64,328
20,65,214
20,66,229
20,67,244
20,68,287
20,69,227
20,70,231
20,71,567
20,72,586
20,73,410
20,74,235
20,75,244
20,76,279
20,77,367
20,78,238
20,79,215
20,80,273
20,81,230
20,82,224
20,83,221
20,84,229
20,85,198
20,86,252
20,87,271
20,88,306
20,89,206
20,90,222
20,91,225
20,92,339
20,93,236
20,94,228
20,95,225
20,96,209
20,97,294
20,98,211
20,99,247
20,100,265
20,101,211
20,102,206
20,103,309
20,104,241
20,105,205
20,106,199
20,107,208
20,108,213
20,109,214
20,110,205
20,111,208
20,112,210
20,113,218
20,114,316
20,115,274
20,116,208
20,117,201
20,118,211
20,119,231
20,120,207
20,121,199
20,122,218
20,123,183
20,124,283
20,125,191
20,126,226
20,127,195
20,128,239
20,129,166
20,130,238
20,131,171
20,132,209
20,133,165
20,134,147
20,135,238
20,136,130
20,137,154
20,138,168
20,139,172
20,140,150
20,141,153
20,142,141
20,143,2639
20,144,676
20,145,234
20,146,139
20,147,157
20,148,310
20,149,161
20,150,162
20,151,166
20,152,174
20,153,194
20,154,154
20,155,245
20,156,169
20,157,221
20,158,181
20,159,181
20,160,270
20,161,221
20,162,169
20,163,243
20,164,181
20,165,173
20,166,184
20,167,180
20,168,182
20,169,182
20,170,242
20,171,221
20,172,180
20,173,191
20,174,226
20,175,187
20,176,174
20,177,191
20,178,209
20,179,3123
20,180,197
20,181,221
20,182,191
20,183,267
20,184,204
20,185,236
20,186,174
20,187,199
20,188,219
20,189,227
20,190,177
20,191,255
20,192,200
20,193,211
20,194,175
20,195,229
20,196,188
20,197,255
20,198,289
20,199,211
20,200,211
20,201,238
20,202,217
20,203,229
20,204,201
20,205,251
20,206,211
20,207,246
20,208,211
20,209,252
20,210,2564
20,211,339
20,212,212
20,213,432
20,214,289
20,215,422
20,216,213
20,217,285
20,218,266
20,219,325
20,220,266
20,221,1751
20,222,259
20,223,338
20,224,267
20,225,832
20,226,270
20,227,435
20,228,277
20,229,373
20,230,307
20,231,372
20,232,320
20,233,435
20,234,333
20,235,4095
20,236,383
20,237,467
20,238,499
20,239,484
20,240,426
20,241,494
20,242,459
20,243,534
20,244,476
20,245,885
20,246,657
20,247,857
20,248,547
20,249,675
20,250,577
20,251,649
20,252,617
20,253,676
20,254,742
20,255,650
20,256,614
21,1,360
21,2,398
21,3,376
21,4,392
21,5,367
21,6,529
21,7,396
21,8,741
21,9,1021
21,10,455
21,11,404
21,12,412
21,13,492
21,14,438
21,15,426
21,16,448
21,17,391
21,18,427
21,19,390
21,20,469
21,21,369
21,22,435
21,23,3667
21,24,419
21,25,393
21,26,417
21,27,437
21,28,1201
21,29,401
21,30,489
21,31,419
21,32,465
21,33,387
21,34,476
21,35,498
21,36,415
21,37,446
21,38,617
21,39,402
21,40,456
21,41,397
21,42,413
21,43,363
21,44,389
21,45,373
21,46,302
21,47,230
21,48,254
21,49,311
21,50,230
21,51,625
21,52,320
21,53,293
21,54,229
21,55,229
21,56,227
21,57,215
21,58,239
21,59,460
21,60,246
21,61,248
21,62,243
21,63,204
21,64,328
21,65,214
21,66,230
21,67,244
21,68,290
21,69,227
21,70,230
21,71,569
21,72,571
21,73,408
21,74,235
21,75,245
21,76,281
21,77,372
21,78,239
21,79,215
21,80,271
21,81,230
21,82,225
21,83,221
21,84,229
21,85,199
21,86,253
21,87,234
21,88,300
21,89,206
21,90,223
21,91,226
21,92,344
21,93,238
21,94,228
21,95,226
21,96,208
21,97,304
21,98,212
21,99,248
21,100,263
21,101,211
21,102,207
21,103,313
21,104,241
21,105,205
21,106,199
21,107,208
21,108,213
21,109,212
21,110,206
21,111,208
21,112,210
21,113,219
21,114,314
21,115,275
21,116,207
21,117,202
21,118,211
21,119,233
21,120,207
21,121,198
21,122,220
21,123,183
21,124,282
21,125,190
21,126,228
21,127,195
21,128,235
21,129,166
21,130,237
21,131,173
21,132,209
21,133,164
21,134,146
21,135,235
21,136,131
21,137,155
21,138,168
21,139,173
21,140,150
21,141,154
21,142,142
21,143,2644
21,144,681
21,145,232
21,146,139
21,147,156
21,148,312
21,149,160
21,150,163
21,151,167
21,152,175
21,153,196
21,154,153
21,155,245
21,156,170
21,157,221
21,158,182
21,159,181
21,160,271
21,161,220
21,162,170
21,163,249
21,164,181
21,165,176
21,166,184
21,167,180
21,168,183
21,169,182
21,170,244
21,171,222
21,172,179
21,173,191
21,174,225
21,175,192
21,176,176
21,177,192
21,178,211
21,179,3121
21,180,197
21,181,220
21,182,191
21,183,267
21,184,204
21,185,237
21,186,175
21,187,200
21,188,219
21,189,226
21,190,177
21,191,257
21,192,202
21,193,214
21,194,176
21,195,231
21,196,188
21,197,254
21,198,293
21,199,214
21,200,211
21,201,239
21,202,218
21,203,230
21,204,200
21,205,251
21,206,214
21,207,247
21,208,211
21,209,252
21,210,2564
21,211,342
21,212,214
21,213,425
21,214,287
21,215,416
21,216,214
21,217,285
21,218,267
21,219,325
21,220,267
21,221,1713
21,222,259
21,223,337
21,224,268
21,225,823
21,226,270
21,227,424
21,228,276
21,229,374
21,230,306
21,231,372
21,232,320
21,233,433
21,234,333
21,235,4095
21,236,381
21,237,468
21,238,498
21,239,482
21,240,426
21,241,494
21,242,459
21,243,534
21,244,478
21,245,889
21,246,675
21,247,872
21,248,547
21,249,670
21,250,576
21,251,649
21,252,617
21,253,677
21,254,739
21,255,648
21,256,616
22,1,360
22,2,398
22,3,376
22,4,392
22,5,367
22,6,529
22,7,396
22,8,741
22,9,1021
22,10,455
22,11,404
22,12,412
22,13,492
22,14,438
22,15,426
22,16,448
22,17,391
22,18,427
22,19,390
22,20,469
22,21,369
22,22,435
22,23,3667
22,24,419
22,25,393
22,26,417
22,27,437
22,28,1201
22,29,401
22,30,489
22,31,419
22,32,465
22,33,387
22,34,476
22,35,498
22,36,415
22,37,446
22,38,617
22,39,402
22,40,456
22,41,397
22,42,413
22,43,363
22,44,389
22,45,373
22,46,302
22,47,230
22,48,254
22,49,311
22,50,230
22,51,625
22,52,320
22,53,293
22,54,229
22,55,229
22,56,227
22,57,215
22,58,239
22,59,460
22,60,246
22,61,248
22,62,243
22,63,204
22,64,328
22,65,214
22,66,230
22,67,244
22,68,290
22,69,227
22,70,230
22,71,569
22,72,571
22,73,408
22,74,235
22,75,245
22,76,281
22,77,372
22,78,239
22,79,215
22,80,271
22,81,230
22,82,225
22,83,221
22,84,229
22,85,199
22,86,253
22,87,234
22,88,300
22,89,206
22,90,223
22,91,226
22,92,344
22,93,238
22,94,228
22,95,226
22,96,208
22,97,304
22,98,212
22,99,248
22,100,263
22,101,211
22,102,207
22,103,313
22,104,241
22,105,205
22,106,199
22,107,208
22,108,213
22,109,212
22,110,206
22,111,208
22,112,210
22,113,219
22,114,314
22,115,275
22,116,207
22,117,202
22,118,211
22,119,233
22,120,207
22,121,198
22,122,220
22,123,183
22,124,282
22,125,190
22,126,228
22,127,195
22,128,235
22,129,166
22,130,237
22,131,173
22,132,209
22,133,164
22,134,146
22,135,235
22,136,131
22,137,155
22,138,168
22,139,173
22,140,150
22,141,154
22,142,142
22,143,2644
22,144,681
22,145,232
22,146,139
22,147,156
22,148,312
22,149,160
22,150,163
22,151,167
22,152,175
22,153,196
22,154,153
22,155,245
22,156,170
22,157,221
22,158,182
22,159,181
22,160,271
22,161,220
22,162,170
22,163,249
22,164,181
22,165,176
22,166,184
22,167,180
22,168,183
22,169,182
22,170,244
22,171,222
22,172,179
22,173,191
22,174,225
22,175,192
22,176,176
22,177,192
22,178,211
22,179,3121
22,180,197
22,181,220
22,182,191
22,183,267
22,184,204
22,185,237
22,186,175
22,187,200
22,188,219
22,189,226
22,190,177
22,191,257
22,192,202
22,193,214
22,194,176
22,195,231
22,196,188
22,197,254
22,198,293
22,199,214
22,200,211
22,201,239
22,202,218
22,203,230
22,204,200
22,205,251
22,206,214
22,207,247
22,208,211
22,209,252
22,210,2564
22,211,342
22,212,214
22,213,425
22,214,287
22,215,416
22,216,214
22,217,285
22,218,267
22,219,325
22,220,267
22,221,1713
22,222,259
22,223,337
22,224,268
22,225,823
22,226,270
22,227,424
22,228,276
22,229,374
22,230,306
22,231,372
22,232,320
22,233,433
22,234,333
22,235,4095
22,236,381
22,237,468
22,238,498
22,239,482
22,240,426
22,241,494
22,242,459
22,243,534
22,244,478
22,245,889
22,246,675
22,247,872
22,248,547
22,249,670
22,250,576
22,251,649
22,252,617
22,253,677
22,254,739
22,255,648
22,256,616
23,1,360
23,2,400
23,3,373
23,4,395
23,5,366
23,6,526
23,7,397
23,8,744
23,9,1010
23,10,456
23,11,405
23,12,413
23,13,491
23,14,438
23,15,427
23,16,449
23,17,391
23,18,427
23,19,391
23,20,470
23,21,370
23,22,437
23,23,3668
23,24,418
23,25,393
23,26,417
23,27,433
23,28,1199
23,29,402
23,30,490
23,31,418
23,32,467
23,33,387
23,34,476
23,35,499
23,36,415
23,37,445
23,38,615
23,39,403
23,40,451
23,41,395
23,42,415
23,43,365
23,44,389
23,45,374
23,46,302
23,47,229
23,48,255
23,49,304
23,50,230
23,51,626
23,52,322
23,53,295
23,54,229
23,55,230
23,56,228
23,57,215
23,58,239
23,59,461
23,60,244
23,61,248
23,62,242
23,63,203
23,64,332
23,65,213
23,66,230
23,67,243
23,68,288
23,69,226
23,70,232
23,71,568
23,72,574
23,73,411
23,74,235
23,75,245
23,76,279
23,77,371
23,78,239
23,79,217
23,80,269
23,81,230
23,82,224
23,83,220
23,84,227
23,85,198
23,86,254
23,87,235
23,88,301
23,89,208
23,90,223
23,91,226
23,92,336
23,93,236
23,94,229
23,95,225
23,96,209
23,97,301
23,98,213
23,99,248
23,100,265
23,101,210
23,102,206
23,103,309
23,104,241
23,105,206
23,106,199
23,107,207
23,108,215
23,109,214
23,110,206
23,111,208
23,112,211
23,113,218
23,114,313
23,115,275
23,116,207
23,117,202
23,118,211
23,119,233
23,120,207
23,121,199
23,122,220
23,123,181
23,124,285
23,125,191
23,126,228
23,127,195
23,128,237
23,129,166
23,130,239
23,131,172
23,132,208
23,133,165
23,134,146
23,135,236
23,136,131
23,137,156
23,138,168
23,139,172
23,140,148
23,141,153
23,142,141
23,143,2645
23,144,677
23,145,231
23,146,138
23,147,157
23,148,312
23,149,160
23,150,163
23,151,167
23,152,174
23,153,195
23,154,154
23,155,246
23,156,169
23,157,221
23,158,182
23,159,182
23,160,272
23,161,220
23,162,170
23,163,247
23,164,182
23,165,175
23,166,185
23,167,179
23,168,182
23,169,181
23,170,240
23,171,220
23,172,178
23,173,192
23,174,225
23,175,189
23,176,176
23,177,191
23,178,211
23,179,3123
23,180,197
23,181,221
23,182,191
23,183,265
23,184,205
23,185,238
23,186,174
23,187,199
23,188,220
23,189,227
23,190,177
23,191,256
23,192,202
23,193,213
23,194,178
23,195,231
23,196,189
23,197,253
23,198,284
23,199,213
23,200,213
23,201,240
23,202,218
23,203,230
23,204,203
23,205,251
23,206,212
23,207,248
23,208,211
23,209,253
23,210,2570
23,211,339
23,212,212
23,213,437
23,214,288
23,215,420
23,216,214
23,217,284
23,218,267
23,219,325
23,220,267
23,221,1737
23,222,258
23,223,336
23,224,267
23,225,840
23,226,272
23,227,425
23,228,277
23,229,375
23,230,306
23,231,372
23,232,319
23,233,435
23,234,333
23,235,4095
23,236,379
23,237,467
23,238,497
23,239,487
23,240,427
23,241,494
23,242,458
23,243,534
23,244,477
23,245,878
23,246,649
23,247,866
23,248,548
23,249,667
23,250,575
23,251,649
23,252,619
23,253,677
23,254,735
23,255,650
23,256,617
24,1,360
24,2,400
24,3,373
24,4,395
24,5,366
24,6,526
24,7,397
24,8,744
24,9,1010
24,10,456
24,11,405
24,12,413
24,13,491
24,14,438
24,15,427
24,16,449
24,17,391
24,18,427
24,19,391
24,20,470
24,21,370
24,22,437
24,23,3668
24,24,418
24,25,393
24,26,417
24,27,433
24,28,1199
24,29,402
24,30,490
24,31,418
24,32,467
24,33,387
24,34,476
24,35,499
24,36,415
24,37,445
24,38,615
24,39,403
24,40,451
24,41,395
24,42,415
24,43,365
24,44,389
24,45,374
24,46,302
24,47,229
24,48,255
24,49,304
24,50,230
24,51,626
24,52,322
24,53,295
24,54,229
24,55,230
24,56,228
24,57,215
24,58,239
24,59,461
24,60,244
24,61,248
24,62,242
24,63,203
24,64,332
24,65,213
24,66,230
24,67,243
24,68,288
24,69,226
24,70,232
24,71,568
24,72,574
24,73,411
24,74,235
24,75,245
24,76,279
24,77,371
24,78,239
24,79,217
24,80,269
24,81,230
24,82,224
24,83,220
24,84,227
24,85,198
24,86,254
24,87,235
24,88,301
24,89,208
24,90,223
24,91,226
24,92,336
24,93,236
24,94,229
24,95,225
24,96,209
24,97,301
24,98,213
24,99,248
24,100,265
24,101,210
24,102,206
24,103,309
24,104,241
24,105,206
24,106,199
24,107,207
24,108,215
24,109,214
24,110,206
24,111,208
24,112,211
24,113,218
24,114,313
24,115,275
24,116,207
24,117,202
24,118,211
24,119,233
24,120,207
24,121,199
24,122,220
24,123,181
24,124,285
24,125,191
24,126,228
24,127,195
24,128,237
24,129,166
24,130,239
24,131,172
24,132,208
24,133,165
24,134,146
24,135,236
24,136,131
24,137,156
24,138,168
24,139,172
24,140,148
24,141,153
24,142,141
24,143,2645
24,144,677
24,145,231
24,146,138
24,147,157
24,148,312
24,149,160
24,150,163
24,151,167
24,152,174
24,153,195
24,154,154
24,155,246
24,156,169
24,157,221
24,158,182
24,159,182
24,160,272
24,161,220
24,162,170
24,163,247
24,164,182
24,165,175
24,166,185
24,167,179
24,168,182
24,169,181
24,170,240
24,171,220
24,172,178
24,173,192
24,174,225
24,175,189
24,176,176
24,177,191
24,178,211
24,179,3123
24,180,197
24,181,221
24,182,191
24,183,265
24,184,205
24,185,238
24,186,174
24,187,199
24,188,220
24,189,227
24,190,177
24,191,256
24,192,202
24,193,213
24,194,178
24,195,231
24,196,189
24,197,253
24,198,284
24,199,213
24,200,213
24,201,240
24,202,218
24,203,230
24,204,203
24,205,251
24,206,212
24,207,248
24,208,211
24,209,253
24,210,2570
24,211,339
24,212,212
24,213,437
24,214,288
24,215,420
24,216,214
24,217,284
24,218,267
24,219,325
24,220,267
24,221,1737
24,222,258
24,223,336
24,224,267
24,225,840
24,226,272
24,227,425
24,228,277
24,229,375
24,230,306
24,231,372
24,232,319
24,233,435
24,234,333
24,235,4095
24,236,379
24,237,467
24,238,497
24,239,487
24,240,427
24,241,494
24,242,458
24,243,534
24,244,477
24,245,878
24,246,649
24,247,866
24,248,548
24,249,667
24,250,575
24,251,649
24,252,619
24,253,677
24,254,735
24,255,650
24,256,617
25,1,358
25,2,398
25,3,375
25,4,392
25,5,367
25,6,527
25,7,397
25,8,744
25,9,1047
25,10,456
25,11,403
25,12,413
25,13,491
25,14,438
25,15,427
25,16,448
25,17,392
25,18,427
25,19,389
25,20,469
25,21,370
25,22,434
25,23,3668
25,24,420
25,25,394
25,26,418
25,27,434
25,28,1201
25,29,399
25,30,489
25,31,418
25,32,468
25,33,386
25,34,473
25,35,497
25,36,415
25,37,446
25,38,615
25,39,402
25,40,454
25,41,397
25,42,413
25,43,365
25,44,389
25,45,372
25,46,302
25,47,229
25,48,254
25,49,312
25,50,230
25,51,619
25,52,321
25,53,294
25,54,228
25,55,229
25,56,227
25,57,213
25,58,239
25,59,462
25,60,245
25,61,248
25,62,243
25,63,204
25,64,328
25,65,214
25,66,229
25,67,245
25,68,289
25,69,226
25,70,231
25,71,570
25,72,570
25,73,410
25,74,234
25,75,245
25,76,281
25,77,372
25,78,237
25,79,217
25,80,272
25,81,230
25,82,228
25,83,222
25,84,228
25,85,198
25,86,254
25,87,235
25,88,300
25,89,207
25,90,221
25,91,227
25,92,333
25,93,238
25,94,228
25,95,225
25,96,209
25,97,301
25,98,213
25,99,251
25,100,264
25,101,211
25,102,206
25,103,308
25,104,242
25,105,206
25,106,199
25,107,208
25,108,214
25,109,212
25,110,206
25,111,209
25,112,209
25,113,219
25,114,313
25,115,271
25,116,207
25,117,202
25,118,211
25,119,231
25,120,207
25,121,199
25,122,217
25,123,182
25,124,283
25,125,191
25,126,227
25,127,196
25,128,237
25,129,167
25,130,239
25,131,173
25,132,208
25,133,165
25,134,145
25,135,239
25,136,130
25,137,155
25,138,168
25,139,173
25,140,150
25,141,152
25,142,140
25,143,2643
25,144,678
25,145,231
25,146,139
25,147,158
25,148,314
25,149,160
25,150,162
25,151,167
25,152,175
25,153,195
25,154,154
25,155,245
25,156,171
25,157,221
25,158,181
25,159,182
25,160,270
25,161,220
25,162,169
25,163,251
25,164,181
25,165,174
25,166,184
25,167,181
25,168,183
25,169,182
25,170,241
25,171,220
25,172,179
25,173,191
25,174,226
25,175,188
25,176,175
25,177,192
25,178,212
25,179,3122
25,180,196
25,181,222
25,182,192
25,183,270
25,184,204
25,185,236
25,186,176
25,187,199
25,188,226
25,189,225
25,190,177
25,191,272
25,192,202
25,193,214
25,194,178
25,195,230
25,196,186
25,197,252
25,198,286
25,199,213
25,200,213
25,201,239
25,202,217
25,203,230
25,204,202
25,205,251
25,206,212
25,207,247
25,208,211
25,209,254
25,210,2563
25,211,341
25,212,213
25,213,434
25,214,289
25,215,418
25,216,212
25,217,285
25,218,265
25,219,324
25,220,268
25,221,1719
25,222,259
25,223,337
25,224,268
25,225,834
25,226,268
25,227,423
25,228,276
25,229,373
25,230,306
25,231,371
25,232,317
25,233,434
25,234,332
25,235,4095
25,236,380
25,237,467
25,238,499
25,239,481
25,240,424
25,241,495
25,242,458
25,243,534
25,244,477
25,245,880
25,246,652
25,247,861
25,248,547
25,249,671
25,250,573
25,251,650
25,252,617
25,253,678
25,254,746
25,255,648
25,256,616
26,1,358
26,2,398
26,3,375
26,4,392
26,5,367
26,6,527
26,7,397
26,8,744
26,9,1047
26,10,456
26,11,403
26,12,413
26,13,491
26,14,438
26,15,427
26,16,448
26,17,392
26,18,427
26,19,389
26,20,469
26,21,370
26,22,434
26,23,3668
26,24,420
26,25,394
26,26,418
26,27,434
26,28,1201
26,29,399
26,30,489
26,31,418
26,32,468
26,33,386
26,34,473
26,35,497
26,36,415
26,37,446
26,38,615
26,39,402
26,40,454
26,41,397
26,42,413
26,43,365
26,44,389
26,45,372
26,46,302
26,47,229
26,48,254
26,49,312
26,50,230
26,51,619
26,52,321
26,53,294
26,54,228
26,55,229
26,56,227
26,57,213
26,58,239
26,59,462
26,60,245
26,61,248
26,62,243
26,63,204
26,64,328
26,65,214
26,66,229
26,67,245
26,68,289
26,69,226
26,70,231
26,71,570
26,72,570
26,73,410
26,74,234
26,75,245
26,76,281
26,77,372
26,78,237
26,79,217
26,80,272
26,81,230
26,82,228
26,83,222
26,84,228
26,85,198
26,86,254
26,87,235
26,88,300
26,89,207
26,90,221
26,91,227
26,92,333
26,93,238
26,94,228
26,95,225
26,96,209
26,97,301
26,98,213
26,99,251
26,100,264
26,101,211
26,102,206
26,103,308
26,104,242
26,105,206
26,106,199
26,107,208
26,108,214
26,109,212
26,110,206
26,111,209
26,112,209
26,113,219
26,114,313
26,115,271
26,116,207
26,117,202
26,118,211
26,119,231
26,120,207
26,121,199
26,122,217
26,123,182
26,124,283
26,125,191
26,126,227
26,127,196
26,128,237
26,129,167
26,130,239
26,131,173
26,132,208
26,133,165
26,134,145
26,135,239
26,136,130
26,137,155
26,138,168
26,139,173
26,140,150
26,141,152
26,142,140
26,143,2643
26,144,678
26,145,231
26,146,139
26,147,158
26,148,314
26,149,160
26,150,162
26,151,167
26,152,175
26,153,195
26,154,154
26,155,245
26,156,171
26,157,221
26,158,181
26,159,182
26,160,270
26,161,220
26,162,169
26,163,251
26,164,181
26,165,174
26,166,184
26,167,181
26,168,183
26,169,182
26,170,241
26,171,220
26,172,179
26,173,191
26,174,226
26,175,188
26,176,175
26,177,192
26,178,212
26,179,3122
26,180,196
26,181,222
26,182,192
26,183,270
26,184,204
26,185,236
26,186,176
26,187,199
26,188,226
26,189,225
26,190,177
26,191,272
26,192,202
26,193,214
26,194,178
26,195,230
26,196,186
26,197,252
26,198,286
26,199,213
26,200,213
26,201,239
26,202,217
26,203,230
26,204,202
26,205,251
26,206,212
26,207,247
26,208,211
26,209,254
26,210,2563
26,211,341
26,212,213
26,213,434
26,214,289
26,215,418
26,216,212
26,217,285
26,218,265
26,219,324
26,220,268
26,221,1719
26,222,259
26,223,337
26,224,268
26,225,834
26,226,268
26,227,423
26,228,276
26,229,373
26,230,306
26,231,371
26,232,317
26,233,434
26,234,332
26,235,4095
26,236,380
26,237,467
26,238,499
26,239,481
26,240,424
26,241,495
26,242,458
26,243,534
26,244,477
26,245,880
26,246,652
26,247,861
26,248,547
26,249,671
26,250,573
26,251,650
26,252,617
26,253,678
26,254,746
26,255,648
26,256,616
27,1,359
27,2,399
27,3,375
27,4,393
27,5,367
27,6,529
27,7,396
27,8,741
27,9,1055
27,10,456
27,11,401
27,12,414
27,13,492
27,14,438
27,15,428
27,16,449
27,17,391
27,18,426
27,19,390
27,20,472
27,21,371
27,22,435
27,23,3669
27,24,421
27,25,393
27,26,419
27,27,434
27,28,1200
27,29,400
27,30,490
27,31,419
27,32,466
27,33,387
27,34,475
27,35,498
27,36,415
27,37,447
27,38,614
27,39,404
27,40,453
27,41,410
27,42,413
27,43,364
27,44,390
27,45,378
27,46,302
27,47,230
27,48,254
27,49,310
27,50,230
27,51,626
27,52,321
27,53,294
27,54,230
27,55,230
27,56,228
27,57,215
27,58,240
27,59,462
27,60,246
27,61,250
27,62,243
27,63,206
27,64,327
27,65,214
27,66,230
27,67,243
27,68,291
27,69,226
27,70,231
27,71,567
27,72,572
27,73,407
27,74,235
27,75,244
27,76,283
27,77,369
27,78,239
27,79,217
27,80,273
27,81,231
27,82,225
27,83,220
27,84,228
27,85,197
27,86,254
27,87,235
27,88,301
27,89,206
27,90,222
27,91,225
27,92,342
27,93,239
27,94,230
27,95,225
27,96,209
27,97,303
27,98,213
27,99,249
27,100,265
27,101,212
27,102,206
27,103,310
27,104,242
27,105,207
27,106,199
27,107,207
27,108,214
27,109,216
27,110,206
27,111,209
27,112,207
27,113,219
27,114,317
27,115,271
27,116,209
27,117,203
27,118,210
27,119,232
27,120,208
27,121,200
27,122,218
27,123,182
27,124,282
27,125,190
27,126,228
27,127,197
27,128,237
27,129,165
27,130,239
27,131,174
27,132,208
27,133,165
27,134,145
27,135,238
27,136,131
27,137,157
27,138,169
27,139,173
27,140,152
27,141,153
27,142,141
27,143,2645
27,144,677
27,145,233
27,146,139
27,147,156
27,148,310
27,149,160
27,150,163
27,151,167
27,152,173
27,153,195
27,154,154
27,155,244
27,156,171
27,157,225
27,158,185
27,159,181
27,160,268
27,161,221
27,162,170
27,163,247
27,164,180
27,165,173
27,166,184
27,167,180
27,168,184
27,169,181
27,170,241
27,171,221
27,172,179
27,173,191
27,174,223
27,175,188
27,176,174
27,177,194
27,178,211
27,179,3119
27,180,197
27,181,222
27,182,191
27,183,265
27,184,205
27,185,237
27,186,176
27,187,207
27,188,235
27,189,226
27,190,175
27,191,259
27,192,202
27,193,213
27,194,179
27,195,230
27,196,188
27,197,254
27,198,290
27,199,213
27,200,212
27,201,239
27,202,215
27,203,230
27,204,202
27,205,252
27,206,212
27,207,246
27,208,210
27,209,252
27,210,2569
27,211,343
27,212,213
27,213,435
27,214,290
27,215,419
27,216,214
27,217,286
27,218,267
27,219,327
27,220,267
27,221,1710
27,222,259
27,223,337
27,224,270
27,225,826
27,226,270
27,227,425
27,228,277
27,229,371
27,230,306
27,231,373
27,232,319
27,233,436
27,234,332
27,235,4095
27,236,381
27,237,467
27,238,498
27,239,483
27,240,425
27,241,493
27,242,459
27,243,535
27,244,477
27,245,882
27,246,652
27,247,861
27,248,547
27,249,673
27,250,575
27,251,649
27,252,617
27,253,677
27,254,730
27,255,649
27,256,619
28,1,359
28,2,399
28,3,375
28,4,393
28,5,367
28,6,529
28,7,396
28,8,741
28,9,1055
28,10,456
28,11,401
28,12,414
28,13,492
28,14,438
28,15,428
28,16,449
28,17,391
28,18,426
28,19,390
28,20,472
28,21,371
28,22,435
28,23,3669
28,24,421
28,25,393
28,26,419
28,27,434
28,28,1200
28,29,400
28,30,490
28,31,419
28,32,466
28,33,387
28,34,475
28,35,498
28,36,415
28,37,447
28,38,614
28,39,404
28,40,453
28,41,410
28,42,413
28,43,364
28,44,390
28,45,378
28,46,302
28,47,230
28,48,254
28,49,310
28,50,230
28,51,626
28,52,321
28,53,294
28,54,230
28,55,230
28,56,228
28,57,215
28,58,240
28,59,462
28,60,246
28,61,250
28,62,243
28,63,206
28,64,327
28,65,214
28,66,230
28,67,243
28,68,291
28,69,226
28,70,231
28,71,567
28,72,572
28,73,407
28,74,235
28,75,244
28,76,283
28,77,369
28,78,239
28,79,217
28,80,273
28,81,231
28,82,225
28,83,220
28,84,228
28,85,197
28,86,254
28,87,235
28,88,301
28,89,206
28,90,222
28,91,225
28,92,342
28,93,239
28,94,230
28,95,225
28,96,209
28,97,303
28,98,213
28,99,249
28,100,265
28,101,212
28,102,206
28,103,310
28,104,242
28,105,207
28,106,199
28,107,207
28,108,214
28,109,216
28,110,206
28,111,209
28,112,207
28,113,219
28,114,317
28,115,271
28,116,209
28,117,203
28,118,210
28,119,232
28,120,208
28,121,200
28,122,218
28,123,182
28,124,282
28,125,190
28,126,228
28,127,197
28,128,237
28,129,165
28,130,239
28,131,174
28,132,208
28,133,165
28,134,145
28,135,238
28,136,131
28,137,157
28,138,169
28,139,173
28,140,152
28,141,153
28,142,141
28,143,2645
28,144,677
28,145,233
28,146,139
28,147,156
28,148,310
28,149,160
28,150,163
28,151,167
28,152,173
28,153,195
28,154,154
28,155,244
28,156,171
28,157,225
28,158,185
28,159,181
28,160,268
28,161,221
28,162,170
28,163,247
28,164,180
28,165,173
28,166,184
28,167,180
28,168,184
28,169,181
28,170,241
28,171,221
28,172,179
28,173,191
28,174,223
28,175,188
28,176,174
28,177,194
28,178,211
28,179,3119
28,180,197
28,181,222
28,182,191
28,183,265
28,184,205
28,185,237
28,186,176
28,187,207
28,188,235
28,189,226
28,190,175
28,191,259
28,192,202
28,193,213
28,194,179
28,195,230
28,196,188
28,197,254
28,198,290
28,199,213
28,200,212
28,201,239
28,202,215
28,203,230
28,204,202
28,205,252
28,206,212
28,207,246
28,208,210
28,209,252
28,210,2569
28,211,343
28,212,213
28,213,435
28,214,290
28,215,419
28,216,214
28,217,286
28,218,267
28,219,327
28,220,267
28,221,1710
28,222,259
28,223,337
28,224,270
28,225,826
28,226,270
28,227,425
28,228,277
28,229,371
28,230,306
28,231,373
28,232,319
28,233,436
28,234,332
28,235,4095
28,236,381
28,237,467
28,238,498
28,239,483
28,240,425
28,241,493
28,242,459
28,243,535
28,244,477
28,245,882
28,246,652
28,247,861
28,248,547
28,249,673
28,250,575
28,251,649
28,252,617
28,253,677
28,254,730
28,255,649
28,256,619
29,1,358
29,2,398
29,3,376
29,4,392
29,5,366
29,6,534
29,7,397
29,8,741
29,9,1024
29,10,456
29,11,403
29,12,414
29,13,492
29,14,436
29,15,426
29,16,448
29,17,391
29,18,427
29,19,389
29,20,471
29,21,368
29,22,435
29,23,3695
29,24,417
29,25,392
29,26,418
29,27,431
29,28,1198
29,29,399
29,30,489
29,31,417
29,32,466
29,33,387
29,34,475
29,35,496
29,36,413
29,37,446
29,38,614
29,39,403
29,40,451
29,41,396
29,42,412
29,43,365
29,44,390
29,45,376
29,46,301
29,47,228
29,48,254
29,49,314
29,50,230
29,51,627
29,52,322
29,53,296
29,54,229
29,55,231
29,56,227
29,57,216
29,58,240
29,59,462
29,60,246
29,61,251
29,62,242
29,63,206
29,64,327
29,65,214
29,66,230
29,67,243
29,68,290
29,69,227
29,70,232
29,71,568
29,72,559
29,73,409
29,74,235
29,75,246
29,76,279
29,77,365
29,78,236
29,79,216
29,80,273
29,81,230
29,82,227
29,83,221
29,84,226
29,85,199
29,86,253
29,87,234
29,88,299
29,89,206
29,90,222
29,91,226
29,92,342
29,93,240
29,94,227
29,95,225
29,96,209
29,97,306
29,98,211
29,99,248
29,100,265
29,101,211
29,102,206
29,103,313
29,104,243
29,105,206
29,106,198
29,107,208
29,108,213
29,109,213
29,110,206
29,111,210
29,112,211
29,113,218
29,114,314
29,115,273
29,116,208
29,117,204
29,118,212
29,119,232
29,120,205
29,121,198
29,122,218
29,123,183
29,124,281
29,125,191
29,126,228
29,127,196
29,128,235
29,129,167
29,130,240
29,131,174
29,132,208
29,133,164
29,134,144
29,135,236
29,136,130
29,137,154
29,138,167
29,139,173
29,140,150
29,141,153
29,142,141
29,143,2640
29,144,675
29,145,246
29,146,138
29,147,157
29,148,307
29,149,161
29,150,162
29,151,168
29,152,174
29,153,193
29,154,153
29,155,246
29,156,170
29,157,223
29,158,181
29,159,182
29,160,267
29,161,220
29,162,169
29,163,247
29,164,181
29,165,173
29,166,184
29,167,179
29,168,180
29,169,182
29,170,242
29,171,220
29,172,179
29,173,191
29,174,225
29,175,189
29,176,175
29,177,191
29,178,211
29,179,3124
29,180,197
29,181,220
29,182,191
29,183,270
29,184,203
29,185,236
29,186,174
29,187,200
29,188,225
29,189,226
29,190,175
29,191,257
29,192,201
29,193,213
29,194,177
29,195,231
29,196,188
29,197,253
29,198,294
29,199,211
29,200,211
29,201,239
29,202,215
29,203,230
29,204,200
29,205,253
29,206,214
29,207,248
29,208,210
29,209,253
29,210,2576
29,211,341
29,212,212
29,213,431
29,214,288
29,215,418
29,216,214
29,217,285
29,218,265
29,219,324
29,220,266
29,221,1693
29,222,258
29,223,338
29,224,266
29,225,823
29,226,271
29,227,428
29,228,276
29,229,374
29,230,306
29,231,373
29,232,320
29,233,437
29,234,331
29,235,4095
29,236,377
29,237,468
29,238,497
29,239,483
29,240,426
29,241,496
29,242,459
29,243,534
29,244,476
29,245,882
29,246,671
29,247,875
29,248,546
29,249,674
29,250,574
29,251,649
29,252,618
29,253,677
29,254,735
29,255,647
29,256,615
30,1,358
30,2,398
30,3,376
30,4,392
30,5,366
30,6,534
30,7,397
30,8,741
30,9,1024
30,10,456
30,11,403
30,12,414
30,13,492
30,14,436
30,15,426
30,16,448
30,17,391
30,18,427
30,19,389
30,20,471
30,21,368
30,22,435
30,23,3695
30,24,417
30,25,392
30,26,418
30,27,431
30,28,1198
30,29,399
30,30,489
30,31,417
30,32,466
30,33,387
30,34,475
30,35,496
30,36,413
30,37,446
30,38,614
30,39,403
30,40,451
30,41,396
30,42,412
30,43,365
30,44,390
30,45,376
30,46,301
30,47,228
30,48,254
30,49,314
30,50,230
30,51,627
30,52,322
30,53,296
30,54,229
30,55,231
30,56,227
30,57,216
30,58,240
30,59,462
30,60,246
30,61,251
30,62,242
30,63,206
30,64,327
30,65,214
30,66,230
30,67,243
30,68,290
30,69,227
30,70,232
30,71,568
30,72,559
30,73,409
30,74,235
30,75,246
30,76,279
30,77,365
30,78,236
30,79,216
30,80,273
30,81,230
30,82,227
30,83,221
30,84,226
30,85,199
30,86,253
30,87,234
30,88,299
30,89,206
30,90,222
30,91,226
30,92,342
30,93,240
30,94,227
30,95,225
30,96,209
30,97,306
30,98,211
30,99,248
30,100,265
30,101,211
30,102,206
30,103,313
30,104,243
30,105,206
30,106,198
30,107,208
30,108,213
30,109,213
30,110,206
30,111,210
30,112,211
30,113,218
30,114,314
30,115,273
30,116,208
30,117,204
30,118,212
30,119,232
30,120,205
30,121,198
30,122,218
30,123,183
30,124,281
30,125,191
30,126,228
30,127,196
30,128,235
30,129,167
30,130,240
30,131,174
30,132,208
30,133,164
30,134,144
30,135,236
30,136,130
30,137,154
30,138,167
30,139,173
30,140,150
30,141,153
30,142,141
30,143,2640
30,144,675
30,145,246
30,146,138
30,147,157
30,148,307
30,149,161
30,150,162
30,151,168
30,152,174
30,153,193
30,154,153
30,155,246
30,156,170
30,157,223
30,158,181
30,159,182
30,160,267
30,161,220
30,162,169
30,163,247
30,164,181
30,165,173
30,166,184
30,167,179
30,168,180
30,169,182
30,170,242
30,171,220
30,172,179
30,173,191
30,174,225
30,175,189
30,176,175
30,177,191
30,178,211
30,179,3124
30,180,197
30,181,220
30,182,191
30,183,270
30,184,203
30,185,236
30,186,174
30,187,200
30,188,225
30,189,226
30,190,175
30,191,257
30,192,201
30,193,213
30,194,177
30,195,231
30,196,188
30,197,253
30,198,294
30,199,211
30,200,211
30,201,239
30,202,215
30,203,230
30,204,200
30,205,253
30,206,214
30,207,248
30,208,210
30,209,253
30,210,2576
30,211,341
30,212,212
30,213,431
30,214,288
30,215,418
30,216,214
30,217,285
30,218,265
30,219,324
30,220,266
30,221,1693
30,222,258
30,223,338
30,224,266
30,225,823
30,226,271
30,227,428
30,228,276
30,229,374
30,230,306
30,231,373
30,232,320
30,233,437
30,234,331
30,235,4095
30,236,377
30,237,468
30,238,497
30,239,483
30,240,426
30,241,496
30,242,459
30,243,534
30,244,476
30,245,882
30,246,671
30,247,875
30,248,546
30,249,674
30,250,574
30,251,649
30,252,618
30,253,677
30,254,735
30,255,647
30,256,615
