Line,Band,Value
1,1,349
1,2,389
1,3,366
1,4,384
1,5,357
1,6,523
1,7,386
1,8,726
1,9,998
1,10,443
1,11,394
1,12,402
1,13,479
1,14,428
1,15,418
1,16,438
1,17,379
1,18,415
1,19,379
1,20,457
1,21,359
1,22,428
1,23,3625
1,24,408
1,25,383
1,26,407
1,27,425
1,28,1177
1,29,387
1,30,477
1,31,405
1,32,454
1,33,377
1,34,465
1,35,484
1,36,405
1,37,433
1,38,628
1,39,392
1,40,443
1,41,384
1,42,404
1,43,354
1,44,380
1,45,373
1,46,296
1,47,223
1,48,250
1,49,304
1,50,226
1,51,563
1,52,312
1,53,287
1,54,225
1,55,224
1,56,223
1,57,210
1,58,241
1,59,492
1,60,242
1,61,244
1,62,237
1,63,202
1,64,328
1,65,209
1,66,226
1,67,240
1,68,283
1,69,222
1,70,228
1,71,555
1,72,551
1,73,409
1,74,233
1,75,239
1,76,281
1,77,357
1,78,233
1,79,212
1,80,266
1,81,225
1,82,221
1,83,217
1,84,222
1,85,194
1,86,249
1,87,231
1,88,295
1,89,203
1,90,219
1,91,222
1,92,331
1,93,233
1,94,225
1,95,221
1,96,205
1,97,292
1,98,208
1,99,241
1,100,261
1,101,206
1,102,202
1,103,307
1,104,237
1,105,201
1,106,196
1,107,205
1,108,209
1,109,210
1,110,202
1,111,205
1,112,208
1,113,213
1,114,309
1,115,270
1,116,204
1,117,198
1,118,206
1,119,227
1,120,202
1,121,195
1,122,215
1,123,180
1,124,277
1,125,186
1,126,222
1,127,190
1,128,232
1,129,163
1,130,233
1,131,171
1,132,202
1,133,163
1,134,143
1,135,238
1,136,128
1,137,152
1,138,162
1,139,171
1,140,147
1,141,152
1,142,143
1,143,2617
1,144,667
1,145,228
1,146,135
1,147,155
1,148,295
1,149,159
1,150,159
1,151,165
1,152,173
1,153,200
1,154,162
1,155,241
1,156,169
1,157,218
1,158,180
1,159,179
1,160,266
1,161,216
1,162,167
1,163,247
1,164,173
1,165,171
1,166,181
1,167,177
1,168,180
1,169,179
1,170,241
1,171,217
1,172,175
1,173,191
1,174,220
1,175,183
1,176,172
1,177,189
1,178,207
1,179,3058
1,180,190
1,181,218
1,182,188
1,183,263
1,184,200
1,185,235
1,186,173
1,187,198
1,188,218
1,189,223
1,190,173
1,191,253
1,192,195
1,193,209
1,194,173
1,195,223
1,196,186
1,197,247
1,198,281
1,199,210
1,200,207
1,201,236
1,202,210
1,203,226
1,204,197
1,205,249
1,206,209
1,207,244
1,208,206
1,209,249
1,210,2518
1,211,334
1,212,207
1,213,423
1,214,282
1,215,407
1,216,208
1,217,279
1,218,259
1,219,315
1,220,258
1,221,1634
1,222,251
1,223,330
1,224,260
1,225,808
1,226,263
1,227,414
1,228,269
1,229,366
1,230,298
1,231,363
1,232,310
1,233,425
1,234,323
1,235,4095
1,236,365
1,237,454
1,238,479
1,239,468
1,240,412
1,241,480
1,242,444
1,243,518
1,244,461
1,245,857
1,246,631
1,247,849
1,248,529
1,249,653
1,250,555
1,251,630
1,252,595
1,253,652
1,254,722
1,255,630
1,256,591
2,1,349
2,2,389
2,3,366
2,4,384
2,5,357
2,6,523
2,7,386
2,8,726
2,9,998
2,10,443
2,11,394
2,12,402
2,13,479
2,14,428
2,15,418
2,16,438
2,17,379
2,18,415
2,19,379
2,20,457
2,21,359
2,22,428
2,23,3625
2,24,408
2,25,383
2,26,407
2,27,425
2,28,1177
2,29,387
2,30,477
2,31,405
2,32,454
2,33,377
2,34,465
2,35,484
2,36,405
2,37,433
2,38,628
2,39,392
2,40,443
2,41,384
2,42,404
2,43,354
2,44,380
2,45,373
2,46,296
2,47,223
2,48,250
2,49,304
2,50,226
2,51,563
2,52,312
2,53,287
2,54,225
2,55,224
2,56,223
2,57,210
2,58,241
2,59,492
2,60,242
2,61,244
2,62,237
2,63,202
2,64,328
2,65,209
2,66,226
2,67,240
2,68,283
2,69,222
2,70,228
2,71,555
2,72,551
2,73,409
2,74,233
2,75,239
2,76,281
2,77,357
2,78,233
2,79,212
2,80,266
2,81,225
2,82,221
2,83,217
2,84,222
2,85,194
2,86,249
2,87,231
2,88,295
2,89,203
2,90,219
2,91,222
2,92,331
2,93,233
2,94,225
2,95,221
2,96,205
2,97,292
2,98,208
2,99,241
2,100,261
2,101,206
2,102,202
2,103,307
2,104,237
2,105,201
2,106,196
2,107,205
2,108,209
2,109,210
2,110,202
2,111,205
2,112,208
2,113,213
2,114,309
2,115,270
2,116,204
2,117,198
2,118,206
2,119,227
2,120,202
2,121,195
2,122,215
2,123,180
2,124,277
2,125,186
2,126,222
2,127,190
2,128,232
2,129,163
2,130,233
2,131,171
2,132,202
2,133,163
2,134,143
2,135,238
2,136,128
2,137,152
2,138,162
2,139,171
2,140,147
2,141,152
2,142,143
2,143,2617
2,144,667
2,145,228
2,146,135
2,147,155
2,148,295
2,149,159
2,150,159
2,151,165
2,152,173
2,153,200
2,154,162
2,155,241
2,156,169
2,157,218
2,158,180
2,159,179
2,160,266
2,161,216
2,162,167
2,163,247
2,164,173
2,165,171
2,166,181
2,167,177
2,168,180
2,169,179
2,170,241
2,171,217
2,172,175
2,173,191
2,174,220
2,175,183
2,176,172
2,177,189
2,178,207
2,179,3058
2,180,190
2,181,218
2,182,188
2,183,263
2,184,200
2,185,235
2,186,173
2,187,198
2,188,218
2,189,223
2,190,173
2,191,253
2,192,195
2,193,209
2,194,173
2,195,223
2,196,186
2,197,247
2,198,281
2,199,210
2,200,207
2,201,236
2,202,210
2,203,226
2,204,197
2,205,249
2,206,209
2,207,244
2,208,206
2,209,249
2,210,2518
2,211,334
2,212,207
2,213,423
2,214,282
2,215,407
2,216,208
2,217,279
2,218,259
2,219,315
2,220,258
2,221,1634
2,222,251
2,223,330
2,224,260
2,225,808
2,226,263
2,227,414
2,228,269
2,229,366
2,230,298
2,231,363
2,232,310
2,233,425
2,234,323
2,235,4095
2,236,365
2,237,454
2,238,479
2,239,468
2,240,412
2,241,480
2,242,444
2,243,518
2,244,461
2,245,857
2,246,631
2,247,849
2,248,529
2,249,653
2,250,555
2,251,630
2,252,595
2,253,652
2,254,722
2,255,630
2,256,591
3,1,348
3,2,390
3,3,364
3,4,382
3,5,357
3,6,515
3,7,387
3,8,723
3,9,1010
3,10,445
3,11,392
3,12,403
3,13,479
3,14,427
3,15,417
3,16,437
3,17,380
3,18,415
3,19,378
3,20,458
3,21,360
3,22,425
3,23,3594
3,24,410
3,25,381
3,26,409
3,27,426
3,28,1181
3,29,388
3,30,477
3,31,406
3,32,450
3,33,375
3,34,463
3,35,485
3,36,403
3,37,433
3,38,629
3,39,390
3,40,441
3,41,386
3,42,404
3,43,355
3,44,383
3,45,371
3,46,295
3,47,224
3,48,250
3,49,305
3,50,228
3,51,584
3,52,308
3,53,288
3,54,227
3,55,224
3,56,226
3,57,210
3,58,237
3,59,493
3,60,239
3,61,246
3,62,238
3,63,202
3,64,326
3,65,210
3,66,226
3,67,239
3,68,281
3,69,223
3,70,228
3,71,559
3,72,542
3,73,407
3,74,231
3,75,238
3,76,281
3,77,365
3,78,232
3,79,212
3,80,262
3,81,227
3,82,221
3,83,217
3,84,221
3,85,194
3,86,246
3,87,231
3,88,294
3,89,202
3,90,220
3,91,222
3,92,328
3,93,231
3,94,225
3,95,220
3,96,203
3,97,296
3,98,207
3,99,243
3,100,262
3,101,205
3,102,203
3,103,316
3,104,236
3,105,201
3,106,196
3,107,204
3,108,210
3,109,214
3,110,205
3,111,205
3,112,205
3,113,213
3,114,309
3,115,269
3,116,205
3,117,198
3,118,208
3,119,226
3,120,202
3,121,194
3,122,218
3,123,180
3,124,276
3,125,187
3,126,221
3,127,190
3,128,232
3,129,163
3,130,236
3,131,171
3,132,203
3,133,162
3,134,142
3,135,238
3,136,127
3,137,152
3,138,162
3,139,169
3,140,149
3,141,151
3,142,138
3,143,2597
3,144,665
3,145,229
3,146,135
3,147,154
3,148,296
3,149,173
3,150,160
3,151,165
3,152,171
3,153,193
3,154,151
3,155,237
3,156,167
3,157,218
3,158,181
3,159,178
3,160,266
3,161,215
3,162,167
3,163,244
3,164,173
3,165,171
3,166,182
3,167,177
3,168,181
3,169,178
3,170,240
3,171,215
3,172,175
3,173,189
3,174,217
3,175,185
3,176,173
3,177,189
3,178,208
3,179,3083
3,180,190
3,181,218
3,182,190
3,183,265
3,184,201
3,185,234
3,186,173
3,187,196
3,188,216
3,189,224
3,190,174
3,191,253
3,192,196
3,193,210
3,194,174
3,195,228
3,196,186
3,197,247
3,198,277
3,199,209
3,200,208
3,201,236
3,202,212
3,203,226
3,204,196
3,205,251
3,206,209
3,207,244
3,208,207
3,209,248
3,210,2525
3,211,335
3,212,207
3,213,424
3,214,283
3,215,412
3,216,208
3,217,278
3,218,260
3,219,317
3,220,260
3,221,1709
3,222,252
3,223,330
3,224,261
3,225,812
3,226,262
3,227,414
3,228,269
3,229,365
3,230,297
3,231,363
3,232,310
3,233,424
3,234,323
3,235,4095
3,236,366
3,237,454
3,238,479
3,239,471
3,240,413
3,241,480
3,242,443
3,243,518
3,244,460
3,245,856
3,246,641
3,247,847
3,248,527
3,249,641
3,250,557
3,251,630
3,252,596
3,253,653
3,254,720
3,255,629
3,256,591
4,1,348
4,2,390
4,3,364
4,4,382
4,5,357
4,6,515
4,7,387
4,8,723
4,9,1010
4,10,445
4,11,392
4,12,403
4,13,479
4,14,427
4,15,417
4,16,437
4,17,380
4,18,415
4,19,378
4,20,458
4,21,360
4,22,425
4,23,3594
4,24,410
4,25,381
4,26,409
4,27,426
4,28,1181
4,29,388
4,30,477
4,31,406
4,32,450
4,33,375
4,34,463
4,35,485
4,36,403
4,37,433
4,38,629
4,39,390
4,40,441
4,41,386
4,42,404
4,43,355
4,44,383
4,45,371
4,46,295
4,47,224
4,48,250
4,49,305
4,50,228
4,51,584
4,52,308
4,53,288
4,54,227
4,55,224
4,56,226
4,57,210
4,58,237
4,59,493
4,60,239
4,61,246
4,62,238
4,63,202
4,64,326
4,65,210
4,66,226
4,67,239
4,68,281
4,69,223
4,70,228
4,71,559
4,72,542
4,73,407
4,74,231
4,75,238
4,76,281
4,77,365
4,78,232
4,79,212
4,80,262
4,81,227
4,82,221
4,83,217
4,84,221
4,85,194
4,86,246
4,87,231
4,88,294
4,89,202
4,90,220
4,91,222
4,92,328
4,93,231
4,94,225
4,95,220
4,96,203
4,97,296
4,98,207
4,99,243
4,100,262
4,101,205
4,102,203
4,103,316
4,104,236
4,105,201
4,106,196
4,107,204
4,108,210
4,109,214
4,110,205
4,111,205
4,112,205
4,113,213
4,114,309
4,115,269
4,116,205
4,117,198
4,118,208
4,119,226
4,120,202
4,121,194
4,122,218
4,123,180
4,124,276
4,125,187
4,126,221
4,127,190
4,128,232
4,129,163
4,130,236
4,131,171
4,132,203
4,133,162
4,134,142
4,135,238
4,136,127
4,137,152
4,138,162
4,139,169
4,140,149
4,141,151
4,142,138
4,143,2597
4,144,665
4,145,229
4,146,135
4,147,154
4,148,296
4,149,173
4,150,160
4,151,165
4,152,171
4,153,193
4,154,151
4,155,237
4,156,167
4,157,218
4,158,181
4,159,178
4,160,266
4,161,215
4,162,167
4,163,244
4,164,173
4,165,171
4,166,182
4,167,177
4,168,181
4,169,178
4,170,240
4,171,215
4,172,175
4,173,189
4,174,217
4,175,185
4,176,173
4,177,189
4,178,208
4,179,3083
4,180,190
4,181,218
4,182,190
4,183,265
4,184,201
4,185,234
4,186,173
4,187,196
4,188,216
4,189,224
4,190,174
4,191,253
4,192,196
4,193,210
4,194,174
4,195,228
4,196,186
4,197,247
4,198,277
4,199,209
4,200,208
4,201,236
4,202,212
4,203,226
4,204,196
4,205,251
4,206,209
4,207,244
4,208,207
4,209,248
4,210,2525
4,211,335
4,212,207
4,213,424
4,214,283
4,215,412
4,216,208
4,217,278
4,218,260
4,219,317
4,220,260
4,221,1709
4,222,252
4,223,330
4,224,261
4,225,812
4,226,262
4,227,414
4,228,269
4,229,365
4,230,297
4,231,363
4,232,310
4,233,424
4,234,323
4,235,4095
4,236,366
4,237,454
4,238,479
4,239,471
4,240,413
4,241,480
4,242,443
4,243,518
4,244,460
4,245,856
4,246,641
4,247,847
4,248,527
4,249,641
4,250,557
4,251,630
4,252,596
4,253,653
4,254,720
4,255,629
4,256,591
5,1,349
5,2,389
5,3,366
5,4,383
5,5,356
5,6,514
5,7,385
5,8,725
5,9,1030
5,10,444
5,11,392
5,12,403
5,13,478
5,14,427
5,15,417
5,16,437
5,17,381
5,18,415
5,19,379
5,20,463
5,21,361
5,22,425
5,23,3600
5,24,409
5,25,381
5,26,410
5,27,424
5,28,1178
5,29,391
5,30,475
5,31,405
5,32,453
5,33,376
5,34,467
5,35,485
5,36,404
5,37,433
5,38,631
5,39,393
5,40,437
5,41,385
5,42,405
5,43,357
5,44,383
5,45,372
5,46,296
5,47,224
5,48,251
5,49,306
5,50,228
5,51,579
5,52,307
5,53,291
5,54,226
5,55,227
5,56,225
5,57,210
5,58,239
5,59,491
5,60,238
5,61,244
5,62,238
5,63,200
5,64,328
5,65,210
5,66,227
5,67,238
5,68,282
5,69,223
5,70,228
5,71,559
5,72,546
5,73,407
5,74,232
5,75,236
5,76,284
5,77,368
5,78,232
5,79,212
5,80,263
5,81,227
5,82,225
5,83,218
5,84,222
5,85,195
5,86,247
5,87,230
5,88,295
5,89,203
5,90,221
5,91,225
5,92,327
5,93,231
5,94,225
5,95,222
5,96,204
5,97,305
5,98,209
5,99,242
5,100,260
5,101,207
5,102,203
5,103,313
5,104,238
5,105,202
5,106,196
5,107,205
5,108,212
5,109,210
5,110,203
5,111,205
5,112,208
5,113,213
5,114,309
5,115,271
5,116,203
5,117,199
5,118,207
5,119,228
5,120,205
5,121,195
5,122,215
5,123,179
5,124,279
5,125,187
5,126,222
5,127,191
5,128,232
5,129,163
5,130,234
5,131,171
5,132,203
5,133,162
5,134,143
5,135,241
5,136,128
5,137,152
5,138,161
5,139,171
5,140,148
5,141,152
5,142,140
5,143,2601
5,144,668
5,145,227
5,146,136
5,147,155
5,148,301
5,149,158
5,150,160
5,151,165
5,152,176
5,153,193
5,154,151
5,155,236
5,156,168
5,157,217
5,158,181
5,159,178
5,160,268
5,161,216
5,162,166
5,163,247
5,164,173
5,165,171
5,166,181
5,167,178
5,168,182
5,169,180
5,170,241
5,171,218
5,172,177
5,173,188
5,174,219
5,175,185
5,176,174
5,177,190
5,178,209
5,179,3060
5,180,191
5,181,218
5,182,190
5,183,265
5,184,201
5,185,233
5,186,173
5,187,197
5,188,217
5,189,224
5,190,174
5,191,254
5,192,196
5,193,209
5,194,173
5,195,227
5,196,187
5,197,251
5,198,283
5,199,210
5,200,208
5,201,234
5,202,212
5,203,226
5,204,198
5,205,251
5,206,210
5,207,244
5,208,208
5,209,248
5,210,2521
5,211,331
5,212,207
5,213,427
5,214,284
5,215,407
5,216,209
5,217,280
5,218,260
5,219,318
5,220,259
5,221,1682
5,222,251
5,223,331
5,224,262
5,225,820
5,226,264
5,227,414
5,228,269
5,229,365
5,230,298
5,231,363
5,232,309
5,233,424
5,234,322
5,235,4095
5,236,365
5,237,456
5,238,484
5,239,471
5,240,412
5,241,480
5,242,443
5,243,519
5,244,464
5,245,857
5,246,635
5,247,864
5,248,531
5,249,643
5,250,557
5,251,631
5,252,598
5,253,653
5,254,711
5,255,630
5,256,590
6,1,349
6,2,389
6,3,366
6,4,383
6,5,356
6,6,514
6,7,385
6,8,725
6,9,1030
6,10,444
6,11,392
6,12,403
6,13,478
6,14,427
6,15,417
6,16,437
6,17,381
6,18,415
6,19,379
6,20,463
6,21,361
6,22,425
6,23,3600
6,24,409
6,25,381
6,26,410
6,27,424
6,28,1178
6,29,391
6,30,475
6,31,405
6,32,453
6,33,376
6,34,467
6,35,485
6,36,404
6,37,433
6,38,631
6,39,393
6,40,437
6,41,385
6,42,405
6,43,357
6,44,383
6,45,372
6,46,296
6,47,224
6,48,251
6,49,306
6,50,228
6,51,579
6,52,307
6,53,291
6,54,226
6,55,227
6,56,225
6,57,210
6,58,239
6,59,491
6,60,238
6,61,244
6,62,238
6,63,200
6,64,328
6,65,210
6,66,227
6,67,238
6,68,282
6,69,223
6,70,228
6,71,559
6,72,546
6,73,407
6,74,232
6,75,236
6,76,284
6,77,368
6,78,232
6,79,212
6,80,263
6,81,227
6,82,225
6,83,218
6,84,222
6,85,195
6,86,247
6,87,230
6,88,295
6,89,203
6,90,221
6,91,225
6,92,327
6,93,231
6,94,225
6,95,222
6,96,204
6,97,305
6,98,209
6,99,242
6,100,260
6,101,207
6,102,203
6,103,313
6,104,238
6,105,202
6,106,196
6,107,205
6,108,212
6,109,210
6,110,203
6,111,205
6,112,208
6,113,213
6,114,309
6,115,271
6,116,203
6,117,199
6,118,207
6,119,228
6,120,205
6,121,195
6,122,215
6,123,179
6,124,279
6,125,187
6,126,222
6,127,191
6,128,232
6,129,163
6,130,234
6,131,171
6,132,203
6,133,162
6,134,143
6,135,241
6,136,128
6,137,152
6,138,161
6,139,171
6,140,148
6,141,152
6,142,140
6,143,2601
6,144,668
6,145,227
6,146,136
6,147,155
6,148,301
6,149,158
6,150,160
6,151,165
6,152,176
6,153,193
6,154,151
6,155,236
6,156,168
6,157,217
6,158,181
6,159,178
6,160,268
6,161,216
6,162,166
6,163,247
6,164,173
6,165,171
6,166,181
6,167,178
6,168,182
6,169,180
6,170,241
6,171,218
6,172,177
6,173,188
6,174,219
6,175,185
6,176,174
6,177,190
6,178,209
6,179,3060
6,180,191
6,181,218
6,182,190
6,183,265
6,184,201
6,185,233
6,186,173
6,187,197
6,188,217
6,189,224
6,190,174
6,191,254
6,192,196
6,193,209
6,194,173
6,195,227
6,196,187
6,197,251
6,198,283
6,199,210
6,200,208
6,201,234
6,202,212
6,203,226
6,204,198
6,205,251
6,206,210
6,207,244
6,208,208
6,209,248
6,210,2521
6,211,331
6,212,207
6,213,427
6,214,284
6,215,407
6,216,209
6,217,280
6,218,260
6,219,318
6,220,259
6,221,1682
6,222,251
6,223,331
6,224,262
6,225,820
6,226,264
6,227,414
6,228,269
6,229,365
6,230,298
6,231,363
6,232,309
6,233,424
6,234,322
6,235,4095
6,236,365
6,237,456
6,238,484
6,239,471
6,240,412
6,241,480
6,242,443
6,243,519
6,244,464
6,245,857
6,246,635
6,247,864
6,248,531
6,249,643
6,250,557
6,251,631
6,252,598
6,253,653
6,254,711
6,255,630
6,256,590
7,1,348
7,2,388
7,3,367
7,4,382
7,5,358
7,6,523
7,7,386
7,8,723
7,9,1012
7,10,444
7,11,392
7,12,402
7,13,479
7,14,427
7,15,415
7,16,437
7,17,378
7,18,414
7,19,380
7,20,459
7,21,358
7,22,424
7,23,3593
7,24,408
7,25,382
7,26,409
7,27,425
7,28,1177
7,29,391
7,30,474
7,31,406
7,32,448
7,33,375
7,34,464
7,35,487
7,36,404
7,37,434
7,38,627
7,39,392
7,40,438
7,41,386
7,42,404
7,43,356
7,44,381
7,45,371
7,46,297
7,47,225
7,48,250
7,49,308
7,50,227
7,51,577
7,52,308
7,53,293
7,54,225
7,55,226
7,56,224
7,57,210
7,58,238
7,59,491
7,60,239
7,61,247
7,62,237
7,63,203
7,64,323
7,65,210
7,66,227
7,67,239
7,68,281
7,69,222
7,70,227
7,71,559
7,72,546
7,73,406
7,74,231
7,75,237
7,76,284
7,77,365
7,78,231
7,79,212
7,80,262
7,81,226
7,82,225
7,83,218
7,84,222
7,85,194
7,86,246
7,87,231
7,88,294
7,89,203
7,90,219
7,91,223
7,92,327
7,93,233
7,94,225
7,95,222
7,96,203
7,97,290
7,98,207
7,99,243
7,100,257
7,101,207
7,102,202
7,103,306
7,104,237
7,105,201
7,106,195
7,107,204
7,108,210
7,109,209
7,110,202
7,111,206
7,112,207
7,113,214
7,114,316
7,115,269
7,116,203
7,117,198
7,118,206
7,119,228
7,120,203
7,121,195
7,122,214
7,123,180
7,124,276
7,125,186
7,126,222
7,127,190
7,128,230
7,129,163
7,130,235
7,131,172
7,132,203
7,133,162
7,134,142
7,135,238
7,136,128
7,137,153
7,138,162
7,139,172
7,140,149
7,141,153
7,142,140
7,143,2595
7,144,667
7,145,229
7,146,136
7,147,155
7,148,297
7,149,160
7,150,159
7,151,165
7,152,174
7,153,193
7,154,151
7,155,237
7,156,166
7,157,218
7,158,181
7,159,179
7,160,265
7,161,216
7,162,167
7,163,245
7,164,172
7,165,171
7,166,181
7,167,177
7,168,180
7,169,179
7,170,239
7,171,216
7,172,176
7,173,190
7,174,218
7,175,185
7,176,173
7,177,190
7,178,207
7,179,3062
7,180,190
7,181,220
7,182,188
7,183,268
7,184,199
7,185,235
7,186,172
7,187,197
7,188,215
7,189,223
7,190,175
7,191,252
7,192,194
7,193,209
7,194,174
7,195,225
7,196,183
7,197,250
7,198,275
7,199,210
7,200,207
7,201,235
7,202,209
7,203,225
7,204,195
7,205,250
7,206,207
7,207,244
7,208,206
7,209,249
7,210,2525
7,211,332
7,212,207
7,213,430
7,214,280
7,215,412
7,216,208
7,217,279
7,218,259
7,219,318
7,220,258
7,221,1694
7,222,251
7,223,330
7,224,260
7,225,819
7,226,262
7,227,417
7,228,268
7,229,364
7,230,296
7,231,362
7,232,308
7,233,424
7,234,322
7,235,4095
7,236,363
7,237,456
7,238,483
7,239,470
7,240,412
7,241,480
7,242,443
7,243,520
7,244,459
7,245,859
7,246,634
7,247,850
7,248,530
7,249,648
7,250,554
7,251,630
7,252,597
7,253,655
7,254,718
7,255,629
7,256,592
8,1,348
8,2,388
8,3,367
8,4,382
8,5,358
8,6,523
8,7,386
8,8,723
8,9,1012
8,10,444
8,11,392
8,12,402
8,13,479
8,14,427
8,15,415
8,16,437
8,17,378
8,18,414
8,19,380
8,20,459
8,21,358
8,22,424
8,23,3593
8,24,408
8,25,382
8,26,409
8,27,425
8,28,1177
8,29,391
8,30,474
8,31,406
8,32,448
8,33,375
8,34,464
8,35,487
8,36,404
8,37,434
8,38,627
8,39,392
8,40,438
8,41,386
8,42,404
8,43,356
8,44,381
8,45,371
8,46,297
8,47,225
8,48,250
8,49,308
8,50,227
8,51,577
8,52,308
8,53,293
8,54,225
8,55,226
8,56,224
8,57,210
8,58,238
8,59,491
8,60,239
8,61,247
8,62,237
8,63,203
8,64,323
8,65,210
8,66,227
8,67,239
8,68,281
8,69,222
8,70,227
8,71,559
8,72,546
8,73,406
8,74,231
8,75,237
8,76,284
8,77,365
8,78,231
8,79,212
8,80,262
8,81,226
8,82,225
8,83,218
8,84,222
8,85,194
8,86,246
8,87,231
8,88,294
8,89,203
8,90,219
8,91,223
8,92,327
8,93,233
8,94,225
8,95,222
8,96,203
8,97,290
8,98,207
8,99,243
8,100,257
8,101,207
8,102,202
8,103,306
8,104,237
8,105,201
8,106,195
8,107,204
8,108,210
8,109,209
8,110,202
8,111,206
8,112,207
8,113,214
8,114,316
8,115,269
8,116,203
8,117,198
8,118,206
8,119,228
8,120,203
8,121,195
8,122,214
8,123,180
8,124,276
8,125,186
8,126,222
8,127,190
8,128,230
8,129,163
8,130,235
8,131,172
8,132,203
8,133,162
8,134,142
8,135,238
8,136,128
8,137,153
8,138,162
8,139,172
8,140,149
8,141,153
8,142,140
8,143,2595
8,144,667
8,145,229
8,146,136
8,147,155
8,148,297
8,149,160
8,150,159
8,151,165
8,152,174
8,153,193
8,154,151
8,155,237
8,156,166
8,157,218
8,158,181
8,159,179
8,160,265
8,161,216
8,162,167
8,163,245
8,164,172
8,165,171
8,166,181
8,167,177
8,168,180
8,169,179
8,170,239
8,171,216
8,172,176
8,173,190
8,174,218
8,175,185
8,176,173
8,177,190
8,178,207
8,179,3062
8,180,190
8,181,220
8,182,188
8,183,268
8,184,199
8,185,235
8,186,172
8,187,197
8,188,215
8,189,223
8,190,175
8,191,252
8,192,194
8,193,209
8,194,174
8,195,225
8,196,183
8,197,250
8,198,275
8,199,210
8,200,207
8,201,235
8,202,209
8,203,225
8,204,195
8,205,250
8,206,207
8,207,244
8,208,206
8,209,249
8,210,2525
8,211,332
8,212,207
8,213,430
8,214,280
8,215,412
8,216,208
8,217,279
8,218,259
8,219,318
8,220,258
8,221,1694
8,222,251
8,223,330
8,224,260
8,225,819
8,226,262
8,227,417
8,228,268
8,229,364
8,230,296
8,231,362
8,232,308
8,233,424
8,234,322
8,235,4095
8,236,363
8,237,456
8,238,483
8,239,470
8,240,412
8,241,480
8,242,443
8,243,520
8,244,459
8,245,859
8,246,634
8,247,850
8,248,530
8,249,648
8,250,554
8,251,630
8,252,597
8,253,655
8,254,718
8,255,629
8,256,592
9,1,349
9,2,388
9,3,366
9,4,382
9,5,356
9,6,516
9,7,386
9,8,719
9,9,998
9,10,443
9,11,393
9,12,402
9,13,479
9,14,429
9,15,415
9,16,436
9,17,380
9,18,417
9,19,377
9,20,462
9,21,358
9,22,422
9,23,3628
9,24,409
9,25,381
9,26,408
9,27,427
9,28,1181
9,29,391
9,30,476
9,31,404
9,32,449
9,33,375
9,34,465
9,35,486
9,36,406
9,37,431
9,38,631
9,39,392
9,40,439
9,41,386
9,42,403
9,43,355
9,44,382
9,45,368
9,46,297
9,47,225
9,48,250
9,49,297
9,50,227
9,51,587
9,52,314
9,53,292
9,54,226
9,55,226
9,56,225
9,57,211
9,58,238
9,59,493
9,60,241
9,61,246
9,62,237
9,63,202
9,64,330
9,65,211
9,66,227
9,67,239
9,68,284
9,69,222
9,70,227
9,71,560
9,72,562
9,73,399
9,74,233
9,75,238
9,76,284
9,77,365
9,78,232
9,79,211
9,80,265
9,81,227
9,82,226
9,83,217
9,84,223
9,85,196
9,86,249
9,87,232
9,88,296
9,89,202
9,90,220
9,91,223
9,92,338
9,93,234
9,94,226
9,95,221
9,96,205
9,97,289
9,98,208
9,99,242
9,100,262
9,101,208
9,102,204
9,103,310
9,104,238
9,105,202
9,106,197
9,107,203
9,108,210
9,109,210
9,110,202
9,111,204
9,112,208
9,113,214
9,114,311
9,115,271
9,116,205
9,117,199
9,118,208
9,119,228
9,120,203
9,121,195
9,122,216
9,123,179
9,124,278
9,125,186
9,126,222
9,127,191
9,128,232
9,129,162
9,130,236
9,131,170
9,132,202
9,133,161
9,134,143
9,135,240
9,136,128
9,137,153
9,138,163
9,139,170
9,140,148
9,141,151
9,142,138
9,143,2599
9,144,667
9,145,228
9,146,136
9,147,154
9,148,309
9,149,159
9,150,159
9,151,165
9,152,172
9,153,192
9,154,152
9,155,237
9,156,166
9,157,220
9,158,181
9,159,179
9,160,264
9,161,217
9,162,167
9,163,243
9,164,174
9,165,171
9,166,181
9,167,177
9,168,181
9,169,179
9,170,241
9,171,216
9,172,177
9,173,192
9,174,217
9,175,186
9,176,173
9,177,190
9,178,208
9,179,3062
9,180,189
9,181,219
9,182,190
9,183,267
9,184,202
9,185,232
9,186,172
9,187,195
9,188,216
9,189,224
9,190,174
9,191,253
9,192,197
9,193,211
9,194,175
9,195,223
9,196,185
9,197,250
9,198,282
9,199,211
9,200,249
9,201,241
9,202,212
9,203,227
9,204,197
9,205,249
9,206,210
9,207,244
9,208,208
9,209,249
9,210,2529
9,211,336
9,212,209
9,213,428
9,214,282
9,215,407
9,216,209
9,217,278
9,218,260
9,219,315
9,220,259
9,221,1647
9,222,251
9,223,329
9,224,262
9,225,805
9,226,265
9,227,418
9,228,270
9,229,366
9,230,298
9,231,364
9,232,310
9,233,425
9,234,325
9,235,4095
9,236,366
9,237,454
9,238,474
9,239,468
9,240,412
9,241,479
9,242,445
9,243,518
9,244,462
9,245,860
9,246,635
9,247,846
9,248,531
9,249,651
9,250,558
9,251,628
9,252,595
9,253,653
9,254,712
9,255,629
9,256,591
10,1,349
10,2,388
10,3,366
10,4,382
10,5,356
10,6,516
10,7,386
10,8,719
10,9,998
10,10,443
10,11,393
10,12,402
10,13,479
10,14,429
10,15,415
10,16,436
10,17,380
10,18,417
10,19,377
10,20,462
10,21,358
10,22,422
10,23,3628
10,24,409
10,25,381
10,26,408
10,27,427
10,28,1181
10,29,391
10,30,476
10,31,404
10,32,449
10,33,375
10,34,465
10,35,486
10,36,406
10,37,431
10,38,631
10,39,392
10,40,439
10,41,386
10,42,403
10,43,355
10,44,382
10,45,368
10,46,297
10,47,225
10,48,250
10,49,297
10,50,227
10,51,587
10,52,314
10,53,292
10,54,226
10,55,226
10,56,225
10,57,211
10,58,238
10,59,493
10,60,241
10,61,246
10,62,237
10,63,202
10,64,330
10,65,211
10,66,227
10,67,239
10,68,284
10,69,222
10,70,227
10,71,560
10,72,562
10,73,399
10,74,233
10,75,238
10,76,284
10,77,365
10,78,232
10,79,211
10,80,265
10,81,227
10,82,226
10,83,217
10,84,223
10,85,196
10,86,249
10,87,232
10,88,296
10,89,202
10,90,220
10,91,223
10,92,338
10,93,234
10,94,226
10,95,221
10,96,205
10,97,289
10,98,208
10,99,242
10,100,262
10,101,208
10,102,204
10,103,310
10,104,238
10,105,202
10,106,197
10,107,203
10,108,210
10,109,210
10,110,202
10,111,204
10,112,208
10,113,214
10,114,311
10,115,271
10,116,205
10,117,199
10,118,208
10,119,228
10,120,203
10,121,195
10,122,216
10,123,179
10,124,278
10,125,186
10,126,222
10,127,191
10,128,232
10,129,162
10,130,236
10,131,170
10,132,202
10,133,161
10,134,143
10,135,240
10,136,128
10,137,153
10,138,163
10,139,170
10,140,148
10,141,151
10,142,138
10,143,2599
10,144,667
10,145,228
10,146,136
10,147,154
10,148,309
10,149,159
10,150,159
10,151,165
10,152,172
10,153,192
10,154,152
10,155,237
10,156,166
10,157,220
10,158,181
10,159,179
10,160,264
10,161,217
10,162,167
10,163,243
10,164,174
10,165,171
10,166,181
10,167,177
10,168,181
10,169,179
10,170,241
10,171,216
10,172,177
10,173,192
10,174,217
10,175,186
10,176,173
10,177,190
10,178,208
10,179,3062
10,180,189
10,181,219
10,182,190
10,183,267
10,184,202
10,185,232
10,186,172
10,187,195
10,188,216
10,189,224
10,190,174
10,191,253
10,192,197
10,193,211
10,194,175
10,195,223
10,196,185
10,197,250
10,198,282
10,199,211
10,200,249
10,201,241
10,202,212
10,203,227
10,204,197
10,205,249
10,206,210
10,207,244
10,208,208
10,209,249
10,210,2529
10,211,336
10,212,209
10,213,428
10,214,282
10,215,407
10,216,209
10,217,278
10,218,260
10,219,315
10,220,259
10,221,1647
10,222,251
10,223,329
10,224,262
10,225,805
10,226,265
10,227,418
10,228,270
10,229,366
10,230,298
10,231,364
10,232,310
10,233,425
10,234,325
10,235,4095
10,236,366
10,237,454
10,238,474
10,239,468
10,240,412
10,241,479
10,242,445
10,243,518
10,244,462
10,245,860
10,246,635
10,247,846
10,248,531
10,249,651
10,250,558
10,251,628
10,252,595
10,253,653
10,254,712
10,255,629
10,256,591
11,1,347
11,2,387
11,3,367
11,4,381
11,5,356
11,6,520
11,7,387
11,8,723
11,9,975
11,10,443
11,11,391
11,12,401
11,13,478
11,14,428
11,15,417
11,16,437
11,17,379
11,18,415
11,19,378
11,20,460
11,21,359
11,22,422
11,23,3597
11,24,408
11,25,381
11,26,408
11,27,425
11,28,1177
11,29,390
11,30,477
11,31,406
11,32,449
11,33,377
11,34,465
11,35,485
11,36,405
11,37,434
11,38,630
11,39,391
11,40,441
11,41,386
11,42,404
11,43,355
11,44,381
11,45,369
11,46,296
11,47,226
11,48,249
11,49,300
11,50,227
11,51,597
11,52,312
11,53,292
11,54,226
11,55,228
11,56,225
11,57,210
11,58,238
11,59,492
11,60,240
11,61,247
11,62,237
11,63,202
11,64,332
11,65,210
11,66,226
11,67,238
11,68,283
11,69,223
11,70,227
11,71,559
11,72,550
11,73,404
11,74,229
11,75,239
11,76,283
11,77,367
11,78,235
11,79,213
11,80,265
11,81,227
11,82,224
11,83,217
11,84,224
11,85,196
11,86,246
11,87,231
11,88,295
11,89,204
11,90,220
11,91,223
11,92,326
11,93,231
11,94,225
11,95,221
11,96,205
11,97,290
11,98,208
11,99,244
11,100,258
11,101,207
11,102,203
11,103,310
11,104,234
11,105,202
11,106,196
11,107,204
11,108,210
11,109,211
11,110,202
11,111,205
11,112,207
11,113,215
11,114,309
11,115,270
11,116,203
11,117,199
11,118,207
11,119,227
11,120,203
11,121,195
11,122,218
11,123,181
11,124,276
11,125,187
11,126,221
11,127,191
11,128,232
11,129,163
11,130,235
11,131,170
11,132,202
11,133,163
11,134,143
11,135,239
11,136,128
11,137,153
11,138,163
11,139,171
11,140,147
11,141,151
11,142,138
11,143,2594
11,144,666
11,145,230
11,146,135
11,147,156
11,148,299
11,149,160
11,150,160
11,151,165
11,152,171
11,153,193
11,154,151
11,155,237
11,156,167
11,157,221
11,158,180
11,159,180
11,160,266
11,161,215
11,162,166
11,163,242
11,164,171
11,165,170
11,166,180
11,167,178
11,168,180
11,169,181
11,170,241
11,171,218
11,172,176
11,173,190
11,174,217
11,175,186
11,176,173
11,177,190
11,178,207
11,179,3060
11,180,190
11,181,219
11,182,190
11,183,261
11,184,202
11,185,234
11,186,171
11,187,196
11,188,215
11,189,224
11,190,173
11,191,253
11,192,196
11,193,211
11,194,174
11,195,228
11,196,186
11,197,248
11,198,281
11,199,211
11,200,207
11,201,235
11,202,211
11,203,227
11,204,196
11,205,251
11,206,209
11,207,244
11,208,206
11,209,250
11,210,2520
11,211,334
11,212,207
11,213,427
11,214,280
11,215,412
11,216,208
11,217,280
11,218,261
11,219,318
11,220,259
11,221,1681
11,222,251
11,223,328
11,224,262
11,225,800
11,226,264
11,227,414
11,228,268
11,229,365
11,230,297
11,231,364
11,232,309
11,233,427
11,234,322
11,235,4095
11,236,366
11,237,455
11,238,483
11,239,470
11,240,412
11,241,483
11,242,489
11,243,521
11,244,463
11,245,853
11,246,637
11,247,852
11,248,530
11,249,655
11,250,556
11,251,631
11,252,595
11,253,654
11,254,714
11,255,629
11,256,592
12,1,347
12,2,387
12,3,367
12,4,381
12,5,356
12,6,520
12,7,387
12,8,723
12,9,975
12,10,443
12,11,391
12,12,401
12,13,478
12,14,428
12,15,417
12,16,437
12,17,379
12,18,415
12,19,378
12,20,460
12,21,359
12,22,422
12,23,3597
12,24,408
12,25,381
12,26,408
12,27,425
12,28,1177
12,29,390
12,30,477
12,31,406
12,32,449
12,33,377
12,34,465
12,35,485
12,36,405
12,37,434
12,38,630
12,39,391
12,40,441
12,41,386
12,42,404
12,43,355
12,44,381
12,45,369
12,46,296
12,47,226
12,48,249
12,49,300
12,50,227
12,51,597
12,52,312
12,53,292
12,54,226
12,55,228
12,56,225
12,57,210
12,58,238
12,59,492
12,60,240
12,61,247
12,62,237
12,63,202
12,64,332
12,65,210
12,66,226
12,67,238
12,68,283
12,69,223
12,70,227
12,71,559
12,72,550
12,73,404
12,74,229
12,75,239
12,76,283
12,77,367
12,78,235
12,79,213
12,80,265
12,81,227
12,82,224
12,83,217
12,84,224
12,85,196
12,86,246
12,87,231
12,88,295
12,89,204
12,90,220
12,91,223
12,92,326
12,93,231
12,94,225
12,95,221
12,96,205
12,97,290
12,98,208
12,99,244
12,100,258
12,101,207
12,102,203
12,103,310
12,104,234
12,105,202
12,106,196
12,107,204
12,108,210
12,109,211
12,110,202
12,111,205
12,112,207
12,113,215
12,114,309
12,115,270
12,116,203
12,117,199
12,118,207
12,119,227
12,120,203
12,121,195
12,122,218
12,123,181
12,124,276
12,125,187
12,126,221
12,127,191
12,128,232
12,129,163
12,130,235
12,131,170
12,132,202
12,133,163
12,134,143
12,135,239
12,136,128
12,137,153
12,138,163
12,139,171
12,140,147
12,141,151
12,142,138
12,143,2594
12,144,666
12,145,230
12,146,135
12,147,156
12,148,299
12,149,160
12,150,160
12,151,165
12,152,171
12,153,193
12,154,151
12,155,237
12,156,167
12,157,221
12,158,180
12,159,180
12,160,266
12,161,215
12,162,166
12,163,242
12,164,171
12,165,170
12,166,180
12,167,178
12,168,180
12,169,181
12,170,241
12,171,218
12,172,176
12,173,190
12,174,217
12,175,186
12,176,173
12,177,190
12,178,207
12,179,3060
12,180,190
12,181,219
12,182,190
12,183,261
12,184,202
12,185,234
12,186,171
12,187,196
12,188,215
12,189,224
12,190,173
12,191,253
12,192,196
12,193,211
12,194,174
12,195,228
12,196,186
12,197,248
12,198,281
12,199,211
12,200,207
12,201,235
12,202,211
12,203,227
12,204,196
12,205,251
12,206,209
12,207,244
12,208,206
12,209,250
12,210,2520
12,211,334
12,212,207
12,213,427
12,214,280
12,215,412
12,216,208
12,217,280
12,218,261
12,219,318
12,220,259
12,221,1681
12,222,251
12,223,328
12,224,262
12,225,800
12,226,264
12,227,414
12,228,268
12,229,365
12,230,297
12,231,364
12,232,309
12,233,427
12,234,322
12,235,4095
12,236,366
12,237,455
12,238,483
12,239,470
12,240,412
12,241,483
12,242,489
12,243,521
12,244,463
12,245,853
12,246,637
12,247,852
12,248,530
12,249,655
12,250,556
12,251,631
12,252,595
12,253,654
12,254,714
12,255,629
12,256,592
13,1,348
13,2,390
13,3,366
13,4,382
13,5,357
13,6,516
13,7,388
13,8,716
13,9,1080
13,10,444
13,11,393
13,12,404
13,13,479
13,14,429
13,15,418
13,16,437
13,17,381
13,18,415
13,19,379
13,20,458
13,21,360
13,22,424
13,23,3598
13,24,410
13,25,381
13,26,409
13,27,425
13,28,1184
13,29,389
13,30,477
13,31,407
13,32,450
13,33,377
13,34,467
13,35,488
13,36,404
13,37,435
13,38,630
13,39,391
13,40,442
13,41,387
13,42,405
13,43,356
13,44,382
13,45,372
13,46,297
13,47,225
13,48,250
13,49,308
13,50,228
13,51,569
13,52,311
13,53,291
13,54,228
13,55,227
13,56,225
13,57,210
13,58,237
13,59,493
13,60,240
13,61,247
13,62,239
13,63,202
13,64,327
13,65,210
13,66,227
13,67,240
13,68,282
13,69,223
13,70,228
13,71,560
13,72,561
13,73,402
13,74,231
13,75,241
13,76,284
13,77,367
13,78,237
13,79,213
13,80,267
13,81,227
13,82,222
13,83,217
13,84,223
13,85,195
13,86,247
13,87,231
13,88,295
13,89,203
13,90,220
13,91,222
13,92,332
13,93,234
13,94,226
13,95,221
13,96,205
13,97,307
13,98,207
13,99,243
13,100,260
13,101,207
13,102,203
13,103,308
13,104,238
13,105,202
13,106,197
13,107,204
13,108,211
13,109,211
13,110,203
13,111,207
13,112,210
13,113,214
13,114,319
13,115,270
13,116,203
13,117,199
13,118,207
13,119,229
13,120,204
13,121,194
13,122,218
13,123,181
13,124,278
13,125,188
13,126,221
13,127,191
13,128,233
13,129,164
13,130,237
13,131,172
13,132,202
13,133,163
13,134,143
13,135,239
13,136,128
13,137,152
13,138,162
13,139,171
13,140,149
13,141,152
13,142,140
13,143,2598
13,144,666
13,145,231
13,146,137
13,147,156
13,148,308
13,149,160
13,150,161
13,151,167
13,152,173
13,153,194
13,154,152
13,155,238
13,156,169
13,157,219
13,158,180
13,159,180
13,160,266
13,161,217
13,162,168
13,163,245
13,164,173
13,165,171
13,166,181
13,167,177
13,168,181
13,169,181
13,170,240
13,171,216
13,172,177
13,173,189
13,174,217
13,175,186
13,176,174
13,177,191
13,178,207
13,179,3063
13,180,191
13,181,220
13,182,190
13,183,283
13,184,203
13,185,245
13,186,174
13,187,198
13,188,218
13,189,225
13,190,174
13,191,254
13,192,195
13,193,210
13,194,174
13,195,228
13,196,187
13,197,247
13,198,287
13,199,210
13,200,208
13,201,236
13,202,212
13,203,227
13,204,199
13,205,251
13,206,211
13,207,244
13,208,209
13,209,251
13,210,2526
13,211,336
13,212,208
13,213,434
13,214,284
13,215,455
13,216,214
13,217,280
13,218,261
13,219,317
13,220,260
13,221,1714
13,222,252
13,223,330
13,224,262
13,225,806
13,226,263
13,227,415
13,228,269
13,229,366
13,230,298
13,231,363
13,232,309
13,233,425
13,234,323
13,235,4095
13,236,367
13,237,454
13,238,483
13,239,472
13,240,413
13,241,482
13,242,443
13,243,521
13,244,464
13,245,858
13,246,641
13,247,861
13,248,533
13,249,644
13,250,556
13,251,633
13,252,597
13,253,654
13,254,715
13,255,630
13,256,595
14,1,348
14,2,390
14,3,366
14,4,382
14,5,357
14,6,516
14,7,388
14,8,716
14,9,1080
14,10,444
14,11,393
14,12,404
14,13,479
14,14,429
14,15,418
14,16,437
14,17,381
14,18,415
14,19,379
14,20,458
14,21,360
14,22,424
14,23,3598
14,24,410
14,25,381
14,26,409
14,27,425
14,28,1184
14,29,389
14,30,477
14,31,407
14,32,450
14,33,377
14,34,467
14,35,488
14,36,404
14,37,435
14,38,630
14,39,391
14,40,442
14,41,387
14,42,405
14,43,356
14,44,382
14,45,372
14,46,297
14,47,225
14,48,250
14,49,308
14,50,228
14,51,569
14,52,311
14,53,291
14,54,228
14,55,227
14,56,225
14,57,210
14,58,237
14,59,493
14,60,240
14,61,247
14,62,239
14,63,202
14,64,327
14,65,210
14,66,227
14,67,240
14,68,282
14,69,223
14,70,228
14,71,560
14,72,561
14,73,402
14,74,231
14,75,241
14,76,284
14,77,367
14,78,237
14,79,213
14,80,267
14,81,227
14,82,222
14,83,217
14,84,223
14,85,195
14,86,247
14,87,231
14,88,295
14,89,203
14,90,220
14,91,222
14,92,332
14,93,234
14,94,226
14,95,221
14,96,205
14,97,307
14,98,207
14,99,243
14,100,260
14,101,207
14,102,203
14,103,308
14,104,238
14,105,202
14,106,197
14,107,204
14,108,211
14,109,211
14,110,203
14,111,207
14,112,210
14,113,214
14,114,319
14,115,270
14,116,203
14,117,199
14,118,207
14,119,229
14,120,204
14,121,194
14,122,218
14,123,181
14,124,278
14,125,188
14,126,221
14,127,191
14,128,233
14,129,164
14,130,237
14,131,172
14,132,202
14,133,163
14,134,143
14,135,239
14,136,128
14,137,152
14,138,162
14,139,171
14,140,149
14,141,152
14,142,140
14,143,2598
14,144,666
14,145,231
14,146,137
14,147,156
14,148,308
14,149,160
14,150,161
14,151,167
14,152,173
14,153,194
14,154,152
14,155,238
14,156,169
14,157,219
14,158,180
14,159,180
14,160,266
14,161,217
14,162,168
14,163,245
14,164,173
14,165,171
14,166,181
14,167,177
14,168,181
14,169,181
14,170,240
14,171,216
14,172,177
14,173,189
14,174,217
14,175,186
14,176,174
14,177,191
14,178,207
14,179,3063
14,180,191
14,181,220
14,182,190
14,183,283
14,184,203
14,185,245
14,186,174
14,187,198
14,188,218
14,189,225
14,190,174
14,191,254
14,192,195
14,193,210
14,194,174
14,195,228
14,196,187
14,197,247
14,198,287
14,199,210
14,200,208
14,201,236
14,202,212
14,203,227
14,204,199
14,205,251
14,206,211
14,207,244
14,208,209
14,209,251
14,210,2526
14,211,336
14,212,208
14,213,434
14,214,284
14,215,455
14,216,214
14,217,280
14,218,261
14,219,317
14,220,260
14,221,1714
14,222,252
14,223,330
14,224,262
14,225,806
14,226,263
14,227,415
14,228,269
14,229,366
14,230,298
14,231,363
14,232,309
14,233,425
14,234,323
14,235,4095
14,236,367
14,237,454
14,238,483
14,239,472
14,240,413
14,241,482
14,242,443
14,243,521
14,244,464
14,245,858
14,246,641
14,247,861
14,248,533
14,249,644
14,250,556
14,251,633
14,252,597
14,253,654
14,254,715
14,255,630
14,256,595
15,1,346
15,2,387
15,3,365
15,4,382
15,5,355
15,6,516
15,7,386
15,8,724
15,9,1018
15,10,445
15,11,391
15,12,402
15,13,478
15,14,426
15,15,419
15,16,436
15,17,380
15,18,415
15,19,380
15,20,458
15,21,360
15,22,423
15,23,3597
15,24,409
15,25,382
15,26,408
15,27,426
15,28,1178
15,29,389
15,30,477
15,31,406
15,32,450
15,33,377
15,34,463
15,35,484
15,36,404
15,37,432
15,38,631
15,39,391
15,40,441
15,41,386
15,42,404
15,43,355
15,44,383
15,45,374
15,46,295
15,47,224
15,48,250
15,49,300
15,50,227
15,51,570
15,52,308
15,53,291
15,54,226
15,55,226
15,56,224
15,57,211
15,58,237
15,59,491
15,60,242
15,61,245
15,62,237
15,63,202
15,64,327
15,65,210
15,66,226
15,67,239
15,68,284
15,69,223
15,70,228
15,71,559
15,72,558
15,73,404
15,74,231
15,75,239
15,76,282
15,77,367
15,78,233
15,79,212
15,80,266
15,81,227
15,82,224
15,83,217
15,84,222
15,85,195
15,86,245
15,87,229
15,88,295
15,89,203
15,90,220
15,91,222
15,92,331
15,93,232
15,94,225
15,95,222
15,96,203
15,97,291
15,98,207
15,99,241
15,100,259
15,101,207
15,102,203
15,103,310
15,104,235
15,105,202
15,106,197
15,107,204
15,108,209
15,109,213
15,110,201
15,111,205
15,112,207
15,113,214
15,114,310
15,115,270
15,116,203
15,117,198
15,118,207
15,119,227
15,120,203
15,121,196
15,122,213
15,123,180
15,124,276
15,125,188
15,126,221
15,127,191
15,128,231
15,129,162
15,130,234
15,131,171
15,132,201
15,133,162
15,134,143
15,135,238
15,136,128
15,137,152
15,138,162
15,139,170
15,140,146
15,141,151
15,142,139
15,143,2596
15,144,666
15,145,231
15,146,135
15,147,155
15,148,299
15,149,159
15,150,159
15,151,165
15,152,171
15,153,193
15,154,152
15,155,237
15,156,165
15,157,218
15,158,180
15,159,179
15,160,264
15,161,215
15,162,165
15,163,242
15,164,172
15,165,171
15,166,181
15,167,177
15,168,180
15,169,179
15,170,239
15,171,216
15,172,175
15,173,189
15,174,217
15,175,186
15,176,172
15,177,189
15,178,207
15,179,3060
15,180,190
15,181,219
15,182,190
15,183,270
15,184,200
15,185,233
15,186,171
15,187,195
15,188,215
15,189,223
15,190,174
15,191,253
15,192,195
15,193,210
15,194,174
15,195,227
15,196,185
15,197,247
15,198,261
15,199,209
15,200,207
15,201,235
15,202,211
15,203,226
15,204,195
15,205,252
15,206,209
15,207,243
15,208,206
15,209,250
15,210,2523
15,211,336
15,212,208
15,213,427
15,214,283
15,215,406
15,216,208
15,217,280
15,218,259
15,219,317
15,220,259
15,221,1686
15,222,251
15,223,330
15,224,261
15,225,808
15,226,264
15,227,429
15,228,268
15,229,365
15,230,296
15,231,363
15,232,309
15,233,424
15,234,322
15,235,4095
15,236,366
15,237,453
15,238,485
15,239,474
15,240,412
15,241,479
15,242,443
15,243,518
15,244,461
15,245,859
15,246,635
15,247,847
15,248,531
15,249,651
15,250,555
15,251,630
15,252,595
15,253,652
15,254,722
15,255,629
15,256,590
16,1,346
16,2,387
16,3,365
16,4,382
16,5,355
16,6,516
16,7,386
16,8,724
16,9,1018
16,10,445
16,11,391
16,12,402
16,13,478
16,14,426
16,15,419
16,16,436
16,17,380
16,18,415
16,19,380
16,20,458
16,21,360
16,22,423
16,23,3597
16,24,409
16,25,382
16,26,408
16,27,426
16,28,1178
16,29,389
16,30,477
16,31,406
16,32,450
16,33,377
16,34,463
16,35,484
16,36,404
16,37,432
16,38,631
16,39,391
16,40,441
16,41,386
16,42,404
16,43,355
16,44,383
16,45,374
16,46,295
16,47,224
16,48,250
16,49,300
16,50,227
16,51,570
16,52,308
16,53,291
16,54,226
16,55,226
16,56,224
16,57,211
16,58,237
16,59,491
16,60,242
16,61,245
16,62,237
16,63,202
16,64,327
16,65,210
16,66,226
16,67,239
16,68,284
16,69,223
16,70,228
16,71,559
16,72,558
16,73,404
16,74,231
16,75,239
16,76,282
16,77,367
16,78,233
16,79,212
16,80,266
16,81,227
16,82,224
16,83,217
16,84,222
16,85,195
16,86,245
16,87,229
16,88,295
16,89,203
16,90,220
16,91,222
16,92,331
16,93,232
16,94,225
16,95,222
16,96,203
16,97,291
16,98,207
16,99,241
16,100,259
16,101,207
16,102,203
16,103,310
16,104,235
16,105,202
16,106,197
16,107,204
16,108,209
16,109,213
16,110,201
16,111,205
16,112,207
16,113,214
16,114,310
16,115,270
16,116,203
16,117,198
16,118,207
16,119,227
16,120,203
16,121,196
16,122,213
16,123,180
16,124,276
16,125,188
16,126,221
16,127,191
16,128,231
16,129,162
16,130,234
16,131,171
16,132,201
16,133,162
16,134,143
16,135,238
16,136,128
16,137,152
16,138,162
16,139,170
16,140,146
16,141,151
16,142,139
16,143,2596
16,144,666
16,145,231
16,146,135
16,147,155
16,148,299
16,149,159
16,150,159
16,151,165
16,152,171
16,153,193
16,154,152
16,155,237
16,156,165
16,157,218
16,158,180
16,159,179
16,160,264
16,161,215
16,162,165
16,163,242
16,164,172
16,165,171
16,166,181
16,167,177
16,168,180
16,169,179
16,170,239
16,171,216
16,172,175
16,173,189
16,174,217
16,175,186
16,176,172
16,177,189
16,178,207
16,179,3060
16,180,190
16,181,219
16,182,190
16,183,270
16,184,200
16,185,233
16,186,171
16,187,195
16,188,215
16,189,223
16,190,174
16,191,253
16,192,195
16,193,210
16,194,174
16,195,227
16,196,185
16,197,247
16,198,261
16,199,209
16,200,207
16,201,235
16,202,211
16,203,226
16,204,195
16,205,252
16,206,209
16,207,243
16,208,206
16,209,250
16,210,2523
16,211,336
16,212,208
16,213,427
16,214,283
16,215,406
16,216,208
16,217,280
16,218,259
16,219,317
16,220,259
16,221,1686
16,222,251
16,223,330
16,224,261
16,225,808
16,226,264
16,227,429
16,228,268
16,229,365
16,230,296
16,231,363
16,232,309
16,233,424
16,234,322
16,235,4095
16,236,366
16,237,453
16,238,485
16,239,474
16,240,412
16,241,479
16,242,443
16,243,518
16,244,461
16,245,859
16,246,635
16,247,847
16,248,531
16,249,651
16,250,555
16,251,630
16,252,595
16,253,652
16,254,722
16,255,629
16,256,590
17,1,346
17,2,390
17,3,366
17,4,383
17,5,357
17,6,516
17,7,385
17,8,721
17,9,1059
17,10,443
17,11,392
17,12,402
17,13,479
17,14,427
17,15,416
17,16,437
17,17,378
17,18,416
17,19,379
17,20,459
17,21,358
17,22,424
17,23,3639
17,24,408
17,25,380
17,26,408
17,27,423
17,28,1181
17,29,391
17,30,475
17,31,406
17,32,449
17,33,376
17,34,464
17,35,484
17,36,403
17,37,433
17,38,633
17,39,390
17,40,442
17,41,382
17,42,404
17,43,356
17,44,422
17,45,370
17,46,295
17,47,224
17,48,251
17,49,302
17,50,227
17,51,579
17,52,313
17,53,291
17,54,227
17,55,226
17,56,225
17,57,210
17,58,238
17,59,493
17,60,241
17,61,242
17,62,237
17,63,201
17,64,327
17,65,209
17,66,227
17,67,238
17,68,283
17,69,222
17,70,228
17,71,561
17,72,545
17,73,410
17,74,232
17,75,236
17,76,283
17,77,367
17,78,232
17,79,212
17,80,266
17,81,226
17,82,220
17,83,217
17,84,221
17,85,193
17,86,245
17,87,231
17,88,297
17,89,202
17,90,218
17,91,224
17,92,330
17,93,233
17,94,225
17,95,221
17,96,204
17,97,289
17,98,207
17,99,243
17,100,260
17,101,206
17,102,203
17,103,308
17,104,237
17,105,203
17,106,196
17,107,204
17,108,210
17,109,210
17,110,201
17,111,204
17,112,207
17,113,212
17,114,311
17,115,270
17,116,204
17,117,198
17,118,206
17,119,229
17,120,203
17,121,195
17,122,215
17,123,179
17,124,278
17,125,187
17,126,222
17,127,190
17,128,232
17,129,163
17,130,235
17,131,169
17,132,203
17,133,162
17,134,143
17,135,236
17,136,129
17,137,152
17,138,162
17,139,170
17,140,148
17,141,150
17,142,139
17,143,2593
17,144,667
17,145,229
17,146,135
17,147,154
17,148,299
17,149,158
17,150,160
17,151,164
17,152,172
17,153,193
17,154,151
17,155,236
17,156,166
17,157,217
17,158,180
17,159,179
17,160,260
17,161,215
17,162,167
17,163,248
17,164,173
17,165,171
17,166,181
17,167,176
17,168,179
17,169,179
17,170,239
17,171,215
17,172,175
17,173,189
17,174,217
17,175,186
17,176,173
17,177,189
17,178,208
17,179,3061
17,180,190
17,181,217
17,182,190
17,183,274
17,184,201
17,185,234
17,186,171
17,187,195
17,188,215
17,189,222
17,190,174
17,191,252
17,192,194
17,193,209
17,194,174
17,195,227
17,196,186
17,197,248
17,198,273
17,199,209
17,200,209
17,201,236
17,202,211
17,203,226
17,204,198
17,205,252
17,206,208
17,207,242
17,208,207
17,209,248
17,210,2521
17,211,333
17,212,209
17,213,406
17,214,284
17,215,409
17,216,208
17,217,279
17,218,261
17,219,319
17,220,284
17,221,1649
17,222,251
17,223,329
17,224,262
17,225,806
17,226,263
17,227,425
17,228,269
17,229,364
17,230,298
17,231,364
17,232,309
17,233,425
17,234,323
17,235,4095
17,236,365
17,237,453
17,238,481
17,239,475
17,240,411
17,241,480
17,242,456
17,243,517
17,244,463
17,245,861
17,246,637
17,247,860
17,248,530
17,249,653
17,250,554
17,251,630
17,252,596
17,253,654
17,254,720
17,255,628
17,256,592
18,1,346
18,2,390
18,3,366
18,4,383
18,5,357
18,6,516
18,7,385
18,8,721
18,9,1059
18,10,443
18,11,392
18,12,402
18,13,479
18,14,427
18,15,416
18,16,437
18,17,378
18,18,416
18,19,379
18,20,459
18,21,358
18,22,424
18,23,3639
18,24,408
18,25,380
18,26,408
18,27,423
18,28,1181
18,29,391
18,30,475
18,31,406
18,32,449
18,33,376
18,34,464
18,35,484
18,36,403
18,37,433
18,38,633
18,39,390
18,40,442
18,41,382
18,42,404
18,43,356
18,44,422
18,45,370
18,46,295
18,47,224
18,48,251
18,49,302
18,50,227
18,51,579
18,52,313
18,53,291
18,54,227
18,55,226
18,56,225
18,57,210
18,58,238
18,59,493
18,60,241
18,61,242
18,62,237
18,63,201
18,64,327
18,65,209
18,66,227
18,67,238
18,68,283
18,69,222
18,70,228
18,71,561
18,72,545
18,73,410
18,74,232
18,75,236
18,76,283
18,77,367
18,78,232
18,79,212
18,80,266
18,81,226
18,82,220
18,83,217
18,84,221
18,85,193
18,86,245
18,87,231
18,88,297
18,89,202
18,90,218
18,91,224
18,92,330
18,93,233
18,94,225
18,95,221
18,96,204
18,97,289
18,98,207
18,99,243
18,100,260
18,101,206
18,102,203
18,103,308
18,104,237
18,105,203
18,106,196
18,107,204
18,108,210
18,109,210
18,110,201
18,111,204
18,112,207
18,113,212
18,114,311
18,115,270
18,116,204
18,117,198
18,118,206
18,119,229
18,120,203
18,121,195
18,122,215
18,123,179
18,124,278
18,125,187
18,126,222
18,127,190
18,128,232
18,129,163
18,130,235
18,131,169
18,132,203
18,133,162
18,134,143
18,135,236
18,136,129
18,137,152
18,138,162
18,139,170
18,140,148
18,141,150
18,142,139
18,143,2593
18,144,667
18,145,229
18,146,135
18,147,154
18,148,299
18,149,158
18,150,160
18,151,164
18,152,172
18,153,193
18,154,151
18,155,236
18,156,166
18,157,217
18,158,180
18,159,179
18,160,260
18,161,215
18,162,167
18,163,248
18,164,173
18,165,171
18,166,181
18,167,176
18,168,179
18,169,179
18,170,239
18,171,215
18,172,175
18,173,189
18,174,217
18,175,186
18,176,173
18,177,189
18,178,208
18,179,3061
18,180,190
18,181,217
18,182,190
18,183,274
18,184,201
18,185,234
18,186,171
18,187,195
18,188,215
18,189,222
18,190,174
18,191,252
18,192,194
18,193,209
18,194,174
18,195,227
18,196,186
18,197,248
18,198,273
18,199,209
18,200,209
18,201,236
18,202,211
18,203,226
18,204,198
18,205,252
18,206,208
18,207,242
18,208,207
18,209,248
18,210,2521
18,211,333
18,212,209
18,213,406
18,214,284
18,215,409
18,216,208
18,217,279
18,218,261
18,219,319
18,220,284
18,221,1649
18,222,251
18,223,329
18,224,262
18,225,806
18,226,263
18,227,425
18,228,269
18,229,364
18,230,298
18,231,364
18,232,309
18,233,425
18,234,323
18,235,4095
18,236,365
18,237,453
18,238,481
18,239,475
18,240,411
18,241,480
18,242,456
18,243,517
18,244,463
18,245,861
18,246,637
18,247,860
18,248,530
18,249,653
18,250,554
18,251,630
18,252,596
18,253,654
18,254,720
18,255,628
18,256,592
19,1,348
19,2,388
19,3,366
19,4,382
19,5,357
19,6,516
19,7,386
19,8,718
19,9,1010
19,10,445
19,11,393
19,12,403
19,13,480
19,14,427
19,15,417
19,16,436
19,17,380
19,18,415
19,19,380
19,20,460
19,21,360
19,22,427
19,23,3595
19,24,409
19,25,382
19,26,408
19,27,425
19,28,1180
19,29,390
19,30,475
19,31,407
19,32,449
19,33,378
19,34,465
19,35,486
19,36,404
19,37,436
19,38,631
19,39,391
19,40,439
19,41,386
19,42,404
19,43,356
19,44,381
19,45,370
19,46,296
19,47,224
19,48,250
19,49,305
19,50,228
19,51,607
19,52,313
19,53,293
19,54,226
19,55,226
19,56,225
19,57,212
19,58,237
19,59,491
19,60,241
19,61,246
19,62,237
19,63,202
19,64,326
19,65,211
19,66,226
19,67,239
19,68,282
19,69,224
19,70,227
19,71,559
19,72,552
19,73,409
19,74,231
19,75,238
19,76,284
19,77,365
19,78,234
19,79,212
19,80,266
19,81,228
19,82,220
19,83,218
19,84,222
19,85,194
19,86,247
19,87,230
19,88,295
19,89,204
19,90,221
19,91,274
19,92,327
19,93,233
19,94,226
19,95,222
19,96,204
19,97,291
19,98,209
19,99,243
19,100,261
19,101,207
19,102,203
19,103,309
19,104,237
19,105,202
19,106,195
19,107,206
19,108,210
19,109,213
19,110,201
19,111,205
19,112,205
19,113,215
19,114,308
19,115,271
19,116,203
19,117,200
19,118,207
19,119,228
19,120,204
19,121,196
19,122,217
19,123,180
19,124,276
19,125,187
19,126,222
19,127,191
19,128,231
19,129,163
19,130,235
19,131,170
19,132,201
19,133,164
19,134,143
19,135,238
19,136,128
19,137,153
19,138,162
19,139,171
19,140,147
19,141,151
19,142,139
19,143,2597
19,144,668
19,145,231
19,146,137
19,147,155
19,148,307
19,149,159
19,150,160
19,151,166
19,152,172
19,153,193
19,154,152
19,155,239
19,156,167
19,157,218
19,158,181
19,159,179
19,160,265
19,161,216
19,162,166
19,163,242
19,164,172
19,165,172
19,166,180
19,167,177
19,168,181
19,169,179
19,170,240
19,171,218
19,172,175
19,173,191
19,174,215
19,175,187
19,176,173
19,177,190
19,178,206
19,179,3067
19,180,190
19,181,219
19,182,190
19,183,271
19,184,201
19,185,234
19,186,173
19,187,197
19,188,217
19,189,225
19,190,173
19,191,253
19,192,195
19,193,210
19,194,175
19,195,224
19,196,185
19,197,248
19,198,281
19,199,209
19,200,207
19,201,236
19,202,211
19,203,227
19,204,197
19,205,251
19,206,209
19,207,244
19,208,207
19,209,250
19,210,2526
19,211,335
19,212,207
19,213,417
19,214,283
19,215,412
19,216,208
19,217,281
19,218,259
19,219,320
19,220,259
19,221,1692
19,222,247
19,223,331
19,224,261
19,225,792
19,226,264
19,227,415
19,228,270
19,229,364
19,230,298
19,231,364
19,232,310
19,233,427
19,234,322
19,235,4095
19,236,371
19,237,454
19,238,485
19,239,473
19,240,413
19,241,481
19,242,456
19,243,519
19,244,462
19,245,862
19,246,640
19,247,849
19,248,531
19,249,653
19,250,555
19,251,631
19,252,597
19,253,654
19,254,722
19,255,630
19,256,592
20,1,348
20,2,388
20,3,366
20,4,382
20,5,357
20,6,516
20,7,386
20,8,718
20,9,1010
20,10,445
20,11,393
20,12,403
20,13,480
20,14,427
20,15,417
20,16,436
20,17,380
20,18,415
20,19,380
20,20,460
20,21,360
20,22,427
20,23,3595
20,24,409
20,25,382
20,26,408
20,27,425
20,28,1180
20,29,390
20,30,475
20,31,407
20,32,449
20,33,378
20,34,465
20,35,486
20,36,404
20,37,436
20,38,631
20,39,391
20,40,439
20,41,386
20,42,404
20,43,356
20,44,381
20,45,370
20,46,296
20,47,224
20,48,250
20,49,305
20,50,228
20,51,607
20,52,313
20,53,293
20,54,226
20,55,226
20,56,225
20,57,212
20,58,237
20,59,491
20,60,241
20,61,246
20,62,237
20,63,202
20,64,326
20,65,211
20,66,226
20,67,239
20,68,282
20,69,224
20,70,227
20,71,559
20,72,552
20,73,409
20,74,231
20,75,238
20,76,284
20,77,365
20,78,234
20,79,212
20,80,266
20,81,228
20,82,220
20,83,218
20,84,222
20,85,194
20,86,247
20,87,230
20,88,295
20,89,204
20,90,221
20,91,274
20,92,327
20,93,233
20,94,226
20,95,222
20,96,204
20,97,291
20,98,209
20,99,243
20,100,261
20,101,207
20,102,203
20,103,309
20,104,237
20,105,202
20,106,195
20,107,206
20,108,210
20,109,213
20,110,201
20,111,205
20,112,205
20,113,215
20,114,308
20,115,271
20,116,203
20,117,200
20,118,207
20,119,228
20,120,204
20,121,196
20,122,217
20,123,180
20,124,276
20,125,187
20,126,222
20,127,191
20,128,231
20,129,163
20,130,235
20,131,170
20,132,201
20,133,164
20,134,143
20,135,238
20,136,128
20,137,153
20,138,162
20,139,171
20,140,147
20,141,151
20,142,139
20,143,2597
20,144,668
20,145,231
20,146,137
20,147,155
20,148,307
20,149,159
20,150,160
20,151,166
20,152,172
20,153,193
20,154,152
20,155,239
20,156,167
20,157,218
20,158,181
20,159,179
20,160,265
20,161,216
20,162,166
20,163,242
20,164,172
20,165,172
20,166,180
20,167,177
20,168,181
20,169,179
20,170,240
20,171,218
20,172,175
20,173,191
20,174,215
20,175,187
20,176,173
20,177,190
20,178,206
20,179,3067
20,180,190
20,181,219
20,182,190
20,183,271
20,184,201
20,185,234
20,186,173
20,187,197
20,188,217
20,189,225
20,190,173
20,191,253
20,192,195
20,193,210
20,194,175
20,195,224
20,196,185
20,197,248
20,198,281
20,199,209
20,200,207
20,201,236
20,202,211
20,203,227
20,204,197
20,205,251
20,206,209
20,207,244
20,208,207
20,209,250
20,210,2526
20,211,335
20,212,207
20,213,417
20,214,283
20,215,412
20,216,208
20,217,281
20,218,259
20,219,320
20,220,259
20,221,1692
20,222,247
20,223,331
20,224,261
20,225,792
20,226,264
20,227,415
20,228,270
20,229,364
20,230,298
20,231,364
20,232,310
20,233,427
20,234,322
20,235,4095
20,236,371
20,237,454
20,238,485
20,239,473
20,240,413
20,241,481
20,242,456
20,243,519
20,244,462
20,245,862
20,246,640
20,247,849
20,248,531
20,249,653
20,250,555
20,251,631
20,252,597
20,253,654
20,254,722
20,255,630
20,256,592
21,1,348
21,2,389
21,3,367
21,4,382
21,5,358
21,6,516
21,7,387
21,8,731
21,9,1040
21,10,444
21,11,393
21,12,401
21,13,479
21,14,428
21,15,418
21,16,435
21,17,380
21,18,415
21,19,378
21,20,458
21,21,361
21,22,428
21,23,3772
21,24,409
21,25,382
21,26,408
21,27,428
21,28,1180
21,29,392
21,30,476
21,31,407
21,32,449
21,33,376
21,34,466
21,35,486
21,36,404
21,37,434
21,38,626
21,39,391
21,40,438
21,41,385
21,42,404
21,43,355
21,44,382
21,45,372
21,46,295
21,47,225
21,48,250
21,49,304
21,50,227
21,51,571
21,52,311
21,53,290
21,54,227
21,55,226
21,56,225
21,57,211
21,58,236
21,59,492
21,60,241
21,61,245
21,62,237
21,63,203
21,64,327
21,65,210
21,66,227
21,67,238
21,68,280
21,69,223
21,70,227
21,71,560
21,72,561
21,73,403
21,74,231
21,75,239
21,76,284
21,77,368
21,78,234
21,79,214
21,80,266
21,81,227
21,82,220
21,83,218
21,84,223
21,85,195
21,86,246
21,87,231
21,88,295
21,89,204
21,90,220
21,91,225
21,92,327
21,93,232
21,94,226
21,95,222
21,96,204
21,97,292
21,98,208
21,99,243
21,100,262
21,101,207
21,102,203
21,103,310
21,104,238
21,105,203
21,106,196
21,107,205
21,108,210
21,109,212
21,110,202
21,111,207
21,112,207
21,113,214
21,114,310
21,115,270
21,116,203
21,117,199
21,118,207
21,119,227
21,120,203
21,121,196
21,122,215
21,123,179
21,124,277
21,125,187
21,126,222
21,127,191
21,128,231
21,129,164
21,130,234
21,131,171
21,132,202
21,133,162
21,134,143
21,135,237
21,136,128
21,137,153
21,138,161
21,139,171
21,140,147
21,141,151
21,142,139
21,143,2598
21,144,668
21,145,229
21,146,137
21,147,156
21,148,303
21,149,159
21,150,159
21,151,166
21,152,173
21,153,194
21,154,151
21,155,236
21,156,166
21,157,220
21,158,180
21,159,180
21,160,267
21,161,217
21,162,167
21,163,244
21,164,172
21,165,171
21,166,181
21,167,178
21,168,180
21,169,180
21,170,240
21,171,218
21,172,176
21,173,190
21,174,219
21,175,186
21,176,173
21,177,191
21,178,209
21,179,3083
21,180,190
21,181,219
21,182,189
21,183,264
21,184,200
21,185,234
21,186,172
21,187,196
21,188,216
21,189,224
21,190,175
21,191,256
21,192,195
21,193,210
21,194,175
21,195,228
21,196,185
21,197,247
21,198,282
21,199,209
21,200,208
21,201,236
21,202,211
21,203,226
21,204,197
21,205,250
21,206,210
21,207,244
21,208,207
21,209,250
21,210,2518
21,211,334
21,212,209
21,213,430
21,214,282
21,215,407
21,216,209
21,217,281
21,218,295
21,219,317
21,220,259
21,221,1648
21,222,250
21,223,331
21,224,261
21,225,806
21,226,263
21,227,417
21,228,268
21,229,365
21,230,296
21,231,364
21,232,309
21,233,427
21,234,324
21,235,4095
21,236,366
21,237,457
21,238,483
21,239,472
21,240,413
21,241,481
21,242,457
21,243,518
21,244,461
21,245,864
21,246,635
21,247,851
21,248,529
21,249,657
21,250,555
21,251,628
21,252,596
21,253,655
21,254,720
21,255,629
21,256,591
22,1,348
22,2,389
22,3,367
22,4,382
22,5,358
22,6,516
22,7,387
22,8,731
22,9,1040
22,10,444
22,11,393
22,12,401
22,13,479
22,14,428
22,15,418
22,16,435
22,17,380
22,18,415
22,19,378
22,20,458
22,21,361
22,22,428
22,23,3772
22,24,409
22,25,382
22,26,408
22,27,428
22,28,1180
22,29,392
22,30,476
22,31,407
22,32,449
22,33,376
22,34,466
22,35,486
22,36,404
22,37,434
22,38,626
22,39,391
22,40,438
22,41,385
22,42,404
22,43,355
22,44,382
22,45,372
22,46,295
22,47,225
22,48,250
22,49,304
22,50,227
22,51,571
22,52,311
22,53,290
22,54,227
22,55,226
22,56,225
22,57,211
22,58,236
22,59,492
22,60,241
22,61,245
22,62,237
22,63,203
22,64,327
22,65,210
22,66,227
22,67,238
22,68,280
22,69,223
22,70,227
22,71,560
22,72,561
22,73,403
22,74,231
22,75,239
22,76,284
22,77,368
22,78,234
22,79,214
22,80,266
22,81,227
22,82,220
22,83,218
22,84,223
22,85,195
22,86,246
22,87,231
22,88,295
22,89,204
22,90,220
22,91,225
22,92,327
22,93,232
22,94,226
22,95,222
22,96,204
22,97,292
22,98,208
22,99,243
22,100,262
22,101,207
22,102,203
22,103,310
22,104,238
22,105,203
22,106,196
22,107,205
22,108,210
22,109,212
22,110,202
22,111,207
22,112,207
22,113,214
22,114,310
22,115,270
22,116,203
22,117,199
22,118,207
22,119,227
22,120,203
22,121,196
22,122,215
22,123,179
22,124,277
22,125,187
22,126,222
22,127,191
22,128,231
22,129,164
22,130,234
22,131,171
22,132,202
22,133,162
22,134,143
22,135,237
22,136,128
22,137,153
22,138,161
22,139,171
22,140,147
22,141,151
22,142,139
22,143,2598
22,144,668
22,145,229
22,146,137
22,147,156
22,148,303
22,149,159
22,150,159
22,151,166
22,152,173
22,153,194
22,154,151
22,155,236
22,156,166
22,157,220
22,158,180
22,159,180
22,160,267
22,161,217
22,162,167
22,163,244
22,164,172
22,165,171
22,166,181
22,167,178
22,168,180
22,169,180
22,170,240
22,171,218
22,172,176
22,173,190
22,174,219
22,175,186
22,176,173
22,177,191
22,178,209
22,179,3083
22,180,190
22,181,219
22,182,189
22,183,264
22,184,200
22,185,234
22,186,172
22,187,196
22,188,216
22,189,224
22,190,175
22,191,256
22,192,195
22,193,210
22,194,175
22,195,228
22,196,185
22,197,247
22,198,282
22,199,209
22,200,208
22,201,236
22,202,211
22,203,226
22,204,197
22,205,250
22,206,210
22,207,244
22,208,207
22,209,250
22,210,2518
22,211,334
22,212,209
22,213,430
22,214,282
22,215,407
22,216,209
22,217,281
22,218,295
22,219,317
22,220,259
22,221,1648
22,222,250
22,223,331
22,224,261
22,225,806
22,226,263
22,227,417
22,228,268
22,229,365
22,230,296
22,231,364
22,232,309
22,233,427
22,234,324
22,235,4095
22,236,366
22,237,457
22,238,483
22,239,472
22,240,413
22,241,481
22,242,457
22,243,518
22,244,461
22,245,864
22,246,635
22,247,851
22,248,529
22,249,657
22,250,555
22,251,628
22,252,596
22,253,655
22,254,720
22,255,629
22,256,591
23,1,348
23,2,388
23,3,365
23,4,382
23,5,357
23,6,516
23,7,386
23,8,721
23,9,984
23,10,443
23,11,392
23,12,403
23,13,479
23,14,427
23,15,417
23,16,435
23,17,380
23,18,415
23,19,379
23,20,459
23,21,360
23,22,423
23,23,3625
23,24,409
23,25,382
23,26,408
23,27,423
23,28,1178
23,29,391
23,30,477
23,31,406
23,32,449
23,33,377
23,34,464
23,35,487
23,36,404
23,37,436
23,38,630
23,39,392
23,40,442
23,41,385
23,42,403
23,43,357
23,44,381
23,45,369
23,46,295
23,47,225
23,48,249
23,49,306
23,50,227
23,51,590
23,52,312
23,53,289
23,54,226
23,55,227
23,56,226
23,57,210
23,58,238
23,59,492
23,60,241
23,61,245
23,62,236
23,63,202
23,64,326
23,65,212
23,66,228
23,67,240
23,68,280
23,69,223
23,70,228
23,71,562
23,72,555
23,73,399
23,74,230
23,75,239
23,76,280
23,77,366
23,78,234
23,79,213
23,80,263
23,81,227
23,82,223
23,83,218
23,84,224
23,85,200
23,86,248
23,87,231
23,88,295
23,89,203
23,90,219
23,91,225
23,92,333
23,93,234
23,94,225
23,95,222
23,96,204
23,97,309
23,98,207
23,99,242
23,100,260
23,101,207
23,102,203
23,103,309
23,104,237
23,105,203
23,106,196
23,107,205
23,108,211
23,109,211
23,110,201
23,111,206
23,112,206
23,113,216
23,114,308
23,115,272
23,116,203
23,117,200
23,118,207
23,119,227
23,120,204
23,121,197
23,122,217
23,123,181
23,124,278
23,125,189
23,126,221
23,127,191
23,128,232
23,129,162
23,130,234
23,131,172
23,132,200
23,133,164
23,134,144
23,135,238
23,136,128
23,137,153
23,138,162
23,139,170
23,140,148
23,141,152
23,142,139
23,143,2602
23,144,668
23,145,229
23,146,136
23,147,155
23,148,301
23,149,162
23,150,162
23,151,166
23,152,172
23,153,194
23,154,150
23,155,237
23,156,167
23,157,220
23,158,180
23,159,179
23,160,267
23,161,218
23,162,167
23,163,246
23,164,173
23,165,171
23,166,181
23,167,177
23,168,181
23,169,179
23,170,241
23,171,216
23,172,176
23,173,191
23,174,217
23,175,185
23,176,173
23,177,190
23,178,208
23,179,3061
23,180,190
23,181,222
23,182,190
23,183,264
23,184,201
23,185,235
23,186,172
23,187,196
23,188,216
23,189,223
23,190,175
23,191,255
23,192,196
23,193,210
23,194,174
23,195,227
23,196,184
23,197,248
23,198,285
23,199,210
23,200,208
23,201,236
23,202,211
23,203,225
23,204,196
23,205,250
23,206,208
23,207,243
23,208,207
23,209,250
23,210,2520
23,211,333
23,212,208
23,213,429
23,214,281
23,215,407
23,216,208
23,217,280
23,218,260
23,219,317
23,220,259
23,221,1700
23,222,252
23,223,331
23,224,261
23,225,819
23,226,264
23,227,419
23,228,268
23,229,367
23,230,297
23,231,363
23,232,309
23,233,424
23,234,322
23,235,4095
23,236,365
23,237,456
23,238,482
23,239,471
23,240,411
23,241,480
23,242,455
23,243,517
23,244,461
23,245,865
23,246,634
23,247,860
23,248,532
23,249,654
23,250,554
23,251,632
23,252,597
23,253,654
23,254,723
23,255,629
23,256,593
24,1,348
24,2,388
24,3,365
24,4,382
24,5,357
24,6,516
24,7,386
24,8,721
24,9,984
24,10,443
24,11,392
24,12,403
24,13,479
24,14,427
24,15,417
24,16,435
24,17,380
24,18,415
24,19,379
24,20,459
24,21,360
24,22,423
24,23,3625
24,24,409
24,25,382
24,26,408
24,27,423
24,28,1178
24,29,391
24,30,477
24,31,406
24,32,449
24,33,377
24,34,464
24,35,487
24,36,404
24,37,436
24,38,630
24,39,392
24,40,442
24,41,385
24,42,403
24,43,357
24,44,381
24,45,369
24,46,295
24,47,225
24,48,249
24,49,306
24,50,227
24,51,590
24,52,312
24,53,289
24,54,226
24,55,227
24,56,226
24,57,210
24,58,238
24,59,492
24,60,241
24,61,245
24,62,236
24,63,202
24,64,326
24,65,212
24,66,228
24,67,240
24,68,280
24,69,223
24,70,228
24,71,562
24,72,555
24,73,399
24,74,230
24,75,239
24,76,280
24,77,366
24,78,234
24,79,213
24,80,263
24,81,227
24,82,223
24,83,218
24,84,224
24,85,200
24,86,248
24,87,231
24,88,295
24,89,203
24,90,219
24,91,225
24,92,333
24,93,234
24,94,225
24,95,222
24,96,204
24,97,309
24,98,207
24,99,242
24,100,260
24,101,207
24,102,203
24,103,309
24,104,237
24,105,203
24,106,196
24,107,205
24,108,211
24,109,211
24,110,201
24,111,206
24,112,206
24,113,216
24,114,308
24,115,272
24,116,203
24,117,200
24,118,207
24,119,227
24,120,204
24,121,197
24,122,217
24,123,181
24,124,278
24,125,189
24,126,221
24,127,191
24,128,232
24,129,162
24,130,234
24,131,172
24,132,200
24,133,164
24,134,144
24,135,238
24,136,128
24,137,153
24,138,162
24,139,170
24,140,148
24,141,152
24,142,139
24,143,2602
24,144,668
24,145,229
24,146,136
24,147,155
24,148,301
24,149,162
24,150,162
24,151,166
24,152,172
24,153,194
24,154,150
24,155,237
24,156,167
24,157,220
24,158,180
24,159,179
24,160,267
24,161,218
24,162,167
24,163,246
24,164,173
24,165,171
24,166,181
24,167,177
24,168,181
24,169,179
24,170,241
24,171,216
24,172,176
24,173,191
24,174,217
24,175,185
24,176,173
24,177,190
24,178,208
24,179,3061
24,180,190
24,181,222
24,182,190
24,183,264
24,184,201
24,185,235
24,186,172
24,187,196
24,188,216
24,189,223
24,190,175
24,191,255
24,192,196
24,193,210
24,194,174
24,195,227
24,196,184
24,197,248
24,198,285
24,199,210
24,200,208
24,201,236
24,202,211
24,203,225
24,204,196
24,205,250
24,206,208
24,207,243
24,208,207
24,209,250
24,210,2520
24,211,333
24,212,208
24,213,429
24,214,281
24,215,407
24,216,208
24,217,280
24,218,260
24,219,317
24,220,259
24,221,1700
24,222,252
24,223,331
24,224,261
24,225,819
24,226,264
24,227,419
24,228,268
24,229,367
24,230,297
24,231,363
24,232,309
24,233,424
24,234,322
24,235,4095
24,236,365
24,237,456
24,238,482
24,239,471
24,240,411
24,241,480
24,242,455
24,243,517
24,244,461
24,245,865
24,246,634
24,247,860
24,248,532
24,249,654
24,250,554
24,251,632
24,252,597
24,253,654
24,254,723
24,255,629
24,256,593
