Line,Band,Value
1,1,285
1,2,324
1,3,301
1,4,327
1,5,301
1,6,327
1,7,330
1,8,550
1,9,322
1,10,363
1,11,320
1,12,348
1,13,385
1,14,362
1,15,340
1,16,366
1,17,323
1,18,356
1,19,319
1,20,352
1,21,310
1,22,366
1,23,2397
1,24,357
1,25,334
1,26,358
1,27,353
1,28,808
1,29,340
1,30,452
1,31,358
1,32,386
1,33,356
1,34,405
1,35,374
1,36,404
1,37,411
1,38,526
1,39,403
1,40,430
1,41,390
1,42,432
1,43,403
1,44,411
1,45,330
1,46,336
1,47,276
1,48,248
1,49,265
1,50,229
1,51,311
1,52,333
1,53,246
1,54,274
1,55,278
1,56,268
1,57,243
1,58,263
1,59,387
1,60,264
1,61,273
1,62,261
1,63,237
1,64,314
1,65,234
1,66,250
1,67,252
1,68,281
1,69,238
1,70,251
1,71,415
1,72,243
1,73,353
1,74,246
1,75,251
1,76,277
1,77,257
1,78,250
1,79,237
1,80,262
1,81,231
1,82,225
1,83,233
1,84,229
1,85,216
1,86,225
1,87,225
1,88,282
1,89,219
1,90,233
1,91,231
1,92,270
1,93,219
1,94,220
1,95,234
1,96,214
1,97,232
1,98,218
1,99,234
1,100,221
1,101,215
1,102,213
1,103,280
1,104,214
1,105,212
1,106,201
1,107,210
1,108,214
1,109,212
1,110,202
1,111,209
1,112,208
1,113,195
1,114,209
1,115,199
1,116,205
1,117,197
1,118,207
1,119,222
1,120,203
1,121,189
1,122,207
1,123,180
1,124,225
1,125,177
1,126,199
1,127,187
1,128,192
1,129,161
1,130,189
1,131,161
1,132,169
1,133,156
1,134,138
1,135,160
1,136,116
1,137,142
1,138,137
1,139,158
1,140,133
1,141,138
1,142,124
1,143,1522
1,144,423
1,145,160
1,146,125
1,147,143
1,148,211
1,149,146
1,150,141
1,151,144
1,152,139
1,153,145
1,154,132
1,155,185
1,156,147
1,157,185
1,158,160
1,159,165
1,160,199
1,161,181
1,162,148
1,163,154
1,164,148
1,165,154
1,166,155
1,167,159
1,168,150
1,169,163
1,170,173
1,171,186
1,172,155
1,173,169
1,174,191
1,175,177
1,176,161
1,177,173
1,178,193
1,179,1846
1,180,163
1,181,194
1,182,167
1,183,211
1,184,176
1,185,199
1,186,149
1,187,174
1,188,191
1,189,188
1,190,149
1,191,208
1,192,164
1,193,187
1,194,151
1,195,186
1,196,158
1,197,214
1,198,190
1,199,184
1,200,168
1,201,200
1,202,176
1,203,198
1,204,162
1,205,207
1,206,172
1,207,213
1,208,173
1,209,220
1,210,1506
1,211,256
1,212,176
1,213,331
1,214,201
1,215,350
1,216,175
1,217,246
1,218,191
1,219,273
1,220,202
1,221,704
1,222,202
1,223,277
1,224,213
1,225,297
1,226,217
1,227,306
1,228,220
1,229,311
1,230,242
1,231,305
1,232,245
1,233,337
1,234,262
1,235,3488
1,236,281
1,237,362
1,238,355
1,239,383
1,240,328
1,241,398
1,242,354
1,243,424
1,244,370
1,245,627
1,246,459
1,247,465
1,248,416
1,249,501
1,250,436
1,251,509
1,252,471
1,253,514
1,254,542
1,255,503
1,256,421
2,1,285
2,2,324
2,3,301
2,4,327
2,5,301
2,6,327
2,7,330
2,8,550
2,9,322
2,10,363
2,11,320
2,12,348
2,13,385
2,14,362
2,15,340
2,16,366
2,17,323
2,18,356
2,19,319
2,20,352
2,21,310
2,22,366
2,23,2397
2,24,357
2,25,334
2,26,358
2,27,353
2,28,808
2,29,340
2,30,452
2,31,358
2,32,386
2,33,356
2,34,405
2,35,374
2,36,404
2,37,411
2,38,526
2,39,403
2,40,430
2,41,390
2,42,432
2,43,403
2,44,411
2,45,330
2,46,336
2,47,276
2,48,248
2,49,265
2,50,229
2,51,311
2,52,333
2,53,246
2,54,274
2,55,278
2,56,268
2,57,243
2,58,263
2,59,387
2,60,264
2,61,273
2,62,261
2,63,237
2,64,314
2,65,234
2,66,250
2,67,252
2,68,281
2,69,238
2,70,251
2,71,415
2,72,243
2,73,353
2,74,246
2,75,251
2,76,277
2,77,257
2,78,250
2,79,237
2,80,262
2,81,231
2,82,225
2,83,233
2,84,229
2,85,216
2,86,225
2,87,225
2,88,282
2,89,219
2,90,233
2,91,231
2,92,270
2,93,219
2,94,220
2,95,234
2,96,214
2,97,232
2,98,218
2,99,234
2,100,221
2,101,215
2,102,213
2,103,280
2,104,214
2,105,212
2,106,201
2,107,210
2,108,214
2,109,212
2,110,202
2,111,209
2,112,208
2,113,195
2,114,209
2,115,199
2,116,205
2,117,197
2,118,207
2,119,222
2,120,203
2,121,189
2,122,207
2,123,180
2,124,225
2,125,177
2,126,199
2,127,187
2,128,192
2,129,161
2,130,189
2,131,161
2,132,169
2,133,156
2,134,138
2,135,160
2,136,116
2,137,142
2,138,137
2,139,158
2,140,133
2,141,138
2,142,124
2,143,1522
2,144,423
2,145,160
2,146,125
2,147,143
2,148,211
2,149,146
2,150,141
2,151,144
2,152,139
2,153,145
2,154,132
2,155,185
2,156,147
2,157,185
2,158,160
2,159,165
2,160,199
2,161,181
2,162,148
2,163,154
2,164,148
2,165,154
2,166,155
2,167,159
2,168,150
2,169,163
2,170,173
2,171,186
2,172,155
2,173,169
2,174,191
2,175,177
2,176,161
2,177,173
2,178,193
2,179,1846
2,180,163
2,181,194
2,182,167
2,183,211
2,184,176
2,185,199
2,186,149
2,187,174
2,188,191
2,189,188
2,190,149
2,191,208
2,192,164
2,193,187
2,194,151
2,195,186
2,196,158
2,197,214
2,198,190
2,199,184
2,200,168
2,201,200
2,202,176
2,203,198
2,204,162
2,205,207
2,206,172
2,207,213
2,208,173
2,209,220
2,210,1506
2,211,256
2,212,176
2,213,331
2,214,201
2,215,350
2,216,175
2,217,246
2,218,191
2,219,273
2,220,202
2,221,704
2,222,202
2,223,277
2,224,213
2,225,297
2,226,217
2,227,306
2,228,220
2,229,311
2,230,242
2,231,305
2,232,245
2,233,337
2,234,262
2,235,3488
2,236,281
2,237,362
2,238,355
2,239,383
2,240,328
2,241,398
2,242,354
2,243,424
2,244,370
2,245,627
2,246,459
2,247,465
2,248,416
2,249,501
2,250,436
2,251,509
2,252,471
2,253,514
2,254,542
2,255,503
2,256,421
3,1,283
3,2,324
3,3,303
3,4,327
3,5,302
3,6,327
3,7,330
3,8,559
3,9,321
3,10,361
3,11,321
3,12,347
3,13,385
3,14,362
3,15,338
3,16,366
3,17,323
3,18,358
3,19,321
3,20,353
3,21,310
3,22,366
3,23,2401
3,24,359
3,25,333
3,26,360
3,27,353
3,28,809
3,29,339
3,30,452
3,31,359
3,32,387
3,33,357
3,34,405
3,35,376
3,36,403
3,37,410
3,38,528
3,39,403
3,40,429
3,41,393
3,42,433
3,43,404
3,44,412
3,45,331
3,46,337
3,47,276
3,48,249
3,49,266
3,50,230
3,51,314
3,52,334
3,53,245
3,54,273
3,55,278
3,56,268
3,57,243
3,58,265
3,59,389
3,60,263
3,61,275
3,62,262
3,63,237
3,64,312
3,65,236
3,66,249
3,67,251
3,68,282
3,69,237
3,70,252
3,71,414
3,72,243
3,73,357
3,74,246
3,75,252
3,76,278
3,77,257
3,78,251
3,79,239
3,80,263
3,81,231
3,82,225
3,83,234
3,84,229
3,85,215
3,86,227
3,87,225
3,88,282
3,89,219
3,90,232
3,91,231
3,92,267
3,93,217
3,94,220
3,95,234
3,96,216
3,97,231
3,98,218
3,99,235
3,100,222
3,101,217
3,102,213
3,103,281
3,104,215
3,105,210
3,106,200
3,107,210
3,108,214
3,109,211
3,110,204
3,111,208
3,112,206
3,113,195
3,114,210
3,115,198
3,116,205
3,117,197
3,118,206
3,119,224
3,120,202
3,121,191
3,122,208
3,123,181
3,124,226
3,125,177
3,126,199
3,127,187
3,128,192
3,129,163
3,130,190
3,131,161
3,132,169
3,133,156
3,134,138
3,135,162
3,136,118
3,137,142
3,138,136
3,139,157
3,140,133
3,141,140
3,142,125
3,143,1523
3,144,423
3,145,160
3,146,124
3,147,143
3,148,212
3,149,147
3,150,141
3,151,144
3,152,140
3,153,145
3,154,132
3,155,186
3,156,146
3,157,187
3,158,161
3,159,165
3,160,201
3,161,182
3,162,149
3,163,155
3,164,149
3,165,155
3,166,155
3,167,159
3,168,151
3,169,162
3,170,171
3,171,186
3,172,155
3,173,169
3,174,187
3,175,159
3,176,154
3,177,172
3,178,195
3,179,1844
3,180,165
3,181,195
3,182,166
3,183,211
3,184,176
3,185,200
3,186,148
3,187,174
3,188,192
3,189,189
3,190,155
3,191,210
3,192,165
3,193,186
3,194,151
3,195,186
3,196,158
3,197,213
3,198,192
3,199,183
3,200,168
3,201,201
3,202,177
3,203,199
3,204,164
3,205,208
3,206,173
3,207,212
3,208,173
3,209,220
3,210,1510
3,211,256
3,212,175
3,213,338
3,214,202
3,215,348
3,216,176
3,217,246
3,218,190
3,219,274
3,220,202
3,221,705
3,222,203
3,223,279
3,224,213
3,225,297
3,226,218
3,227,307
3,228,219
3,229,310
3,230,242
3,231,306
3,232,246
3,233,337
3,234,261
3,235,3463
3,236,280
3,237,362
3,238,354
3,239,385
3,240,327
3,241,398
3,242,354
3,243,425
3,244,369
3,245,626
3,246,462
3,247,465
3,248,414
3,249,504
3,250,436
3,251,511
3,252,471
3,253,517
3,254,544
3,255,503
3,256,423
4,1,283
4,2,324
4,3,303
4,4,327
4,5,302
4,6,327
4,7,330
4,8,559
4,9,321
4,10,361
4,11,321
4,12,347
4,13,385
4,14,362
4,15,338
4,16,366
4,17,323
4,18,358
4,19,321
4,20,353
4,21,310
4,22,366
4,23,2401
4,24,359
4,25,333
4,26,360
4,27,353
4,28,809
4,29,339
4,30,452
4,31,359
4,32,387
4,33,357
4,34,405
4,35,376
4,36,403
4,37,410
4,38,528
4,39,403
4,40,429
4,41,393
4,42,433
4,43,404
4,44,412
4,45,331
4,46,337
4,47,276
4,48,249
4,49,266
4,50,230
4,51,314
4,52,334
4,53,245
4,54,273
4,55,278
4,56,268
4,57,243
4,58,265
4,59,389
4,60,263
4,61,275
4,62,262
4,63,237
4,64,312
4,65,236
4,66,249
4,67,251
4,68,282
4,69,237
4,70,252
4,71,414
4,72,243
4,73,357
4,74,246
4,75,252
4,76,278
4,77,257
4,78,251
4,79,239
4,80,263
4,81,231
4,82,225
4,83,234
4,84,229
4,85,215
4,86,227
4,87,225
4,88,282
4,89,219
4,90,232
4,91,231
4,92,267
4,93,217
4,94,220
4,95,234
4,96,216
4,97,231
4,98,218
4,99,235
4,100,222
4,101,217
4,102,213
4,103,281
4,104,215
4,105,210
4,106,200
4,107,210
4,108,214
4,109,211
4,110,204
4,111,208
4,112,206
4,113,195
4,114,210
4,115,198
4,116,205
4,117,197
4,118,206
4,119,224
4,120,202
4,121,191
4,122,208
4,123,181
4,124,226
4,125,177
4,126,199
4,127,187
4,128,192
4,129,163
4,130,190
4,131,161
4,132,169
4,133,156
4,134,138
4,135,162
4,136,118
4,137,142
4,138,136
4,139,157
4,140,133
4,141,140
4,142,125
4,143,1523
4,144,423
4,145,160
4,146,124
4,147,143
4,148,212
4,149,147
4,150,141
4,151,144
4,152,140
4,153,145
4,154,132
4,155,186
4,156,146
4,157,187
4,158,161
4,159,165
4,160,201
4,161,182
4,162,149
4,163,155
4,164,149
4,165,155
4,166,155
4,167,159
4,168,151
4,169,162
4,170,171
4,171,186
4,172,155
4,173,169
4,174,187
4,175,159
4,176,154
4,177,172
4,178,195
4,179,1844
4,180,165
4,181,195
4,182,166
4,183,211
4,184,176
4,185,200
4,186,148
4,187,174
4,188,192
4,189,189
4,190,155
4,191,210
4,192,165
4,193,186
4,194,151
4,195,186
4,196,158
4,197,213
4,198,192
4,199,183
4,200,168
4,201,201
4,202,177
4,203,199
4,204,164
4,205,208
4,206,173
4,207,212
4,208,173
4,209,220
4,210,1510
4,211,256
4,212,175
4,213,338
4,214,202
4,215,348
4,216,176
4,217,246
4,218,190
4,219,274
4,220,202
4,221,705
4,222,203
4,223,279
4,224,213
4,225,297
4,226,218
4,227,307
4,228,219
4,229,310
4,230,242
4,231,306
4,232,246
4,233,337
4,234,261
4,235,3463
4,236,280
4,237,362
4,238,354
4,239,385
4,240,327
4,241,398
4,242,354
4,243,425
4,244,369
4,245,626
4,246,462
4,247,465
4,248,414
4,249,504
4,250,436
4,251,511
4,252,471
4,253,517
4,254,544
4,255,503
4,256,423
5,1,284
5,2,324
5,3,303
5,4,329
5,5,301
5,6,326
5,7,333
5,8,557
5,9,322
5,10,362
5,11,324
5,12,350
5,13,383
5,14,362
5,15,342
5,16,366
5,17,324
5,18,358
5,19,319
5,20,353
5,21,312
5,22,366
5,23,2403
5,24,358
5,25,334
5,26,358
5,27,354
5,28,809
5,29,339
5,30,451
5,31,360
5,32,387
5,33,356
5,34,405
5,35,374
5,36,404
5,37,412
5,38,529
5,39,401
5,40,431
5,41,392
5,42,433
5,43,405
5,44,411
5,45,331
5,46,337
5,47,278
5,48,249
5,49,267
5,50,230
5,51,321
5,52,337
5,53,246
5,54,274
5,55,278
5,56,268
5,57,243
5,58,265
5,59,389
5,60,263
5,61,272
5,62,260
5,63,238
5,64,314
5,65,236
5,66,249
5,67,253
5,68,282
5,69,241
5,70,253
5,71,414
5,72,243
5,73,354
5,74,246
5,75,252
5,76,277
5,77,259
5,78,250
5,79,275
5,80,265
5,81,232
5,82,225
5,83,235
5,84,229
5,85,215
5,86,227
5,87,225
5,88,282
5,89,218
5,90,234
5,91,232
5,92,267
5,93,218
5,94,221
5,95,235
5,96,214
5,97,231
5,98,220
5,99,234
5,100,221
5,101,217
5,102,213
5,103,275
5,104,215
5,105,212
5,106,202
5,107,210
5,108,214
5,109,210
5,110,203
5,111,210
5,112,207
5,113,196
5,114,209
5,115,199
5,116,207
5,117,198
5,118,206
5,119,224
5,120,203
5,121,189
5,122,208
5,123,181
5,124,226
5,125,178
5,126,200
5,127,186
5,128,192
5,129,162
5,130,190
5,131,161
5,132,168
5,133,157
5,134,137
5,135,161
5,136,117
5,137,143
5,138,137
5,139,158
5,140,133
5,141,139
5,142,123
5,143,1524
5,144,423
5,145,160
5,146,125
5,147,143
5,148,211
5,149,146
5,150,140
5,151,144
5,152,138
5,153,146
5,154,132
5,155,187
5,156,146
5,157,185
5,158,160
5,159,164
5,160,197
5,161,182
5,162,148
5,163,155
5,164,149
5,165,156
5,166,155
5,167,158
5,168,150
5,169,163
5,170,173
5,171,187
5,172,156
5,173,170
5,174,186
5,175,160
5,176,155
5,177,172
5,178,197
5,179,1849
5,180,165
5,181,195
5,182,166
5,183,209
5,184,175
5,185,199
5,186,148
5,187,174
5,188,192
5,189,188
5,190,151
5,191,210
5,192,163
5,193,187
5,194,152
5,195,186
5,196,158
5,197,214
5,198,190
5,199,184
5,200,169
5,201,201
5,202,177
5,203,200
5,204,163
5,205,207
5,206,173
5,207,213
5,208,173
5,209,222
5,210,1511
5,211,255
5,212,175
5,213,334
5,214,202
5,215,352
5,216,176
5,217,245
5,218,191
5,219,274
5,220,201
5,221,708
5,222,202
5,223,279
5,224,213
5,225,297
5,226,217
5,227,307
5,228,219
5,229,311
5,230,243
5,231,307
5,232,247
5,233,337
5,234,261
5,235,3480
5,236,282
5,237,363
5,238,357
5,239,385
5,240,329
5,241,399
5,242,357
5,243,426
5,244,368
5,245,627
5,246,460
5,247,465
5,248,417
5,249,502
5,250,438
5,251,512
5,252,473
5,253,516
5,254,541
5,255,503
5,256,423
6,1,284
6,2,324
6,3,303
6,4,329
6,5,301
6,6,326
6,7,333
6,8,557
6,9,322
6,10,362
6,11,324
6,12,350
6,13,383
6,14,362
6,15,342
6,16,366
6,17,324
6,18,358
6,19,319
6,20,353
6,21,312
6,22,366
6,23,2403
6,24,358
6,25,334
6,26,358
6,27,354
6,28,809
6,29,339
6,30,451
6,31,360
6,32,387
6,33,356
6,34,405
6,35,374
6,36,404
6,37,412
6,38,529
6,39,401
6,40,431
6,41,392
6,42,433
6,43,405
6,44,411
6,45,331
6,46,337
6,47,278
6,48,249
6,49,267
6,50,230
6,51,321
6,52,337
6,53,246
6,54,274
6,55,278
6,56,268
6,57,243
6,58,265
6,59,389
6,60,263
6,61,272
6,62,260
6,63,238
6,64,314
6,65,236
6,66,249
6,67,253
6,68,282
6,69,241
6,70,253
6,71,414
6,72,243
6,73,354
6,74,246
6,75,252
6,76,277
6,77,259
6,78,250
6,79,275
6,80,265
6,81,232
6,82,225
6,83,235
6,84,229
6,85,215
6,86,227
6,87,225
6,88,282
6,89,218
6,90,234
6,91,232
6,92,267
6,93,218
6,94,221
6,95,235
6,96,214
6,97,231
6,98,220
6,99,234
6,100,221
6,101,217
6,102,213
6,103,275
6,104,215
6,105,212
6,106,202
6,107,210
6,108,214
6,109,210
6,110,203
6,111,210
6,112,207
6,113,196
6,114,209
6,115,199
6,116,207
6,117,198
6,118,206
6,119,224
6,120,203
6,121,189
6,122,208
6,123,181
6,124,226
6,125,178
6,126,200
6,127,186
6,128,192
6,129,162
6,130,190
6,131,161
6,132,168
6,133,157
6,134,137
6,135,161
6,136,117
6,137,143
6,138,137
6,139,158
6,140,133
6,141,139
6,142,123
6,143,1524
6,144,423
6,145,160
6,146,125
6,147,143
6,148,211
6,149,146
6,150,140
6,151,144
6,152,138
6,153,146
6,154,132
6,155,187
6,156,146
6,157,185
6,158,160
6,159,164
6,160,197
6,161,182
6,162,148
6,163,155
6,164,149
6,165,156
6,166,155
6,167,158
6,168,150
6,169,163
6,170,173
6,171,187
6,172,156
6,173,170
6,174,186
6,175,160
6,176,155
6,177,172
6,178,197
6,179,1849
6,180,165
6,181,195
6,182,166
6,183,209
6,184,175
6,185,199
6,186,148
6,187,174
6,188,192
6,189,188
6,190,151
6,191,210
6,192,163
6,193,187
6,194,152
6,195,186
6,196,158
6,197,214
6,198,190
6,199,184
6,200,169
6,201,201
6,202,177
6,203,200
6,204,163
6,205,207
6,206,173
6,207,213
6,208,173
6,209,222
6,210,1511
6,211,255
6,212,175
6,213,334
6,214,202
6,215,352
6,216,176
6,217,245
6,218,191
6,219,274
6,220,201
6,221,708
6,222,202
6,223,279
6,224,213
6,225,297
6,226,217
6,227,307
6,228,219
6,229,311
6,230,243
6,231,307
6,232,247
6,233,337
6,234,261
6,235,3480
6,236,282
6,237,363
6,238,357
6,239,385
6,240,329
6,241,399
6,242,357
6,243,426
6,244,368
6,245,627
6,246,460
6,247,465
6,248,417
6,249,502
6,250,438
6,251,512
6,252,473
6,253,516
6,254,541
6,255,503
6,256,423
7,1,284
7,2,325
7,3,301
7,4,328
7,5,303
7,6,327
7,7,331
7,8,557
7,9,322
7,10,364
7,11,322
7,12,350
7,13,385
7,14,362
7,15,339
7,16,367
7,17,322
7,18,358
7,19,319
7,20,352
7,21,310
7,22,365
7,23,2401
7,24,359
7,25,335
7,26,359
7,27,353
7,28,809
7,29,340
7,30,444
7,31,358
7,32,387
7,33,355
7,34,405
7,35,375
7,36,404
7,37,409
7,38,528
7,39,402
7,40,430
7,41,390
7,42,432
7,43,403
7,44,411
7,45,331
7,46,339
7,47,277
7,48,249
7,49,271
7,50,230
7,51,318
7,52,334
7,53,247
7,54,275
7,55,276
7,56,269
7,57,243
7,58,264
7,59,390
7,60,262
7,61,273
7,62,262
7,63,236
7,64,314
7,65,236
7,66,249
7,67,252
7,68,283
7,69,239
7,70,252
7,71,414
7,72,242
7,73,356
7,74,248
7,75,253
7,76,278
7,77,257
7,78,249
7,79,238
7,80,263
7,81,233
7,82,226
7,83,235
7,84,230
7,85,215
7,86,227
7,87,225
7,88,283
7,89,217
7,90,233
7,91,231
7,92,267
7,93,218
7,94,221
7,95,234
7,96,216
7,97,231
7,98,220
7,99,231
7,100,221
7,101,215
7,102,213
7,103,286
7,104,216
7,105,211
7,106,201
7,107,210
7,108,215
7,109,210
7,110,202
7,111,210
7,112,207
7,113,194
7,114,210
7,115,198
7,116,207
7,117,197
7,118,206
7,119,223
7,120,203
7,121,189
7,122,208
7,123,181
7,124,226
7,125,177
7,126,200
7,127,187
7,128,193
7,129,161
7,130,191
7,131,163
7,132,172
7,133,156
7,134,138
7,135,161
7,136,117
7,137,142
7,138,136
7,139,157
7,140,133
7,141,139
7,142,124
7,143,1519
7,144,423
7,145,159
7,146,126
7,147,143
7,148,211
7,149,146
7,150,142
7,151,144
7,152,140
7,153,146
7,154,133
7,155,185
7,156,147
7,157,185
7,158,161
7,159,165
7,160,201
7,161,181
7,162,149
7,163,155
7,164,149
7,165,154
7,166,155
7,167,158
7,168,151
7,169,161
7,170,172
7,171,188
7,172,157
7,173,169
7,174,191
7,175,160
7,176,155
7,177,172
7,178,194
7,179,1849
7,180,165
7,181,193
7,182,167
7,183,212
7,184,176
7,185,198
7,186,148
7,187,174
7,188,184
7,189,189
7,190,149
7,191,209
7,192,165
7,193,185
7,194,151
7,195,186
7,196,159
7,197,214
7,198,190
7,199,183
7,200,169
7,201,201
7,202,176
7,203,200
7,204,164
7,205,208
7,206,174
7,207,213
7,208,173
7,209,221
7,210,1511
7,211,254
7,212,176
7,213,334
7,214,204
7,215,346
7,216,176
7,217,246
7,218,191
7,219,274
7,220,203
7,221,708
7,222,202
7,223,279
7,224,213
7,225,297
7,226,218
7,227,307
7,228,221
7,229,311
7,230,241
7,231,306
7,232,246
7,233,337
7,234,263
7,235,3481
7,236,281
7,237,362
7,238,356
7,239,385
7,240,329
7,241,398
7,242,357
7,243,426
7,244,370
7,245,624
7,246,461
7,247,464
7,248,417
7,249,502
7,250,436
7,251,510
7,252,471
7,253,517
7,254,541
7,255,503
7,256,423
8,1,284
8,2,325
8,3,301
8,4,328
8,5,303
8,6,327
8,7,331
8,8,557
8,9,322
8,10,364
8,11,322
8,12,350
8,13,385
8,14,362
8,15,339
8,16,367
8,17,322
8,18,358
8,19,319
8,20,352
8,21,310
8,22,365
8,23,2401
8,24,359
8,25,335
8,26,359
8,27,353
8,28,809
8,29,340
8,30,444
8,31,358
8,32,387
8,33,355
8,34,405
8,35,375
8,36,404
8,37,409
8,38,528
8,39,402
8,40,430
8,41,390
8,42,432
8,43,403
8,44,411
8,45,331
8,46,339
8,47,277
8,48,249
8,49,271
8,50,230
8,51,318
8,52,334
8,53,247
8,54,275
8,55,276
8,56,269
8,57,243
8,58,264
8,59,390
8,60,262
8,61,273
8,62,262
8,63,236
8,64,314
8,65,236
8,66,249
8,67,252
8,68,283
8,69,239
8,70,252
8,71,414
8,72,242
8,73,356
8,74,248
8,75,253
8,76,278
8,77,257
8,78,249
8,79,238
8,80,263
8,81,233
8,82,226
8,83,235
8,84,230
8,85,215
8,86,227
8,87,225
8,88,283
8,89,217
8,90,233
8,91,231
8,92,267
8,93,218
8,94,221
8,95,234
8,96,216
8,97,231
8,98,220
8,99,231
8,100,221
8,101,215
8,102,213
8,103,286
8,104,216
8,105,211
8,106,201
8,107,210
8,108,215
8,109,210
8,110,202
8,111,210
8,112,207
8,113,194
8,114,210
8,115,198
8,116,207
8,117,197
8,118,206
8,119,223
8,120,203
8,121,189
8,122,208
8,123,181
8,124,226
8,125,177
8,126,200
8,127,187
8,128,193
8,129,161
8,130,191
8,131,163
8,132,172
8,133,156
8,134,138
8,135,161
8,136,117
8,137,142
8,138,136
8,139,157
8,140,133
8,141,139
8,142,124
8,143,1519
8,144,423
8,145,159
8,146,126
8,147,143
8,148,211
8,149,146
8,150,142
8,151,144
8,152,140
8,153,146
8,154,133
8,155,185
8,156,147
8,157,185
8,158,161
8,159,165
8,160,201
8,161,181
8,162,149
8,163,155
8,164,149
8,165,154
8,166,155
8,167,158
8,168,151
8,169,161
8,170,172
8,171,188
8,172,157
8,173,169
8,174,191
8,175,160
8,176,155
8,177,172
8,178,194
8,179,1849
8,180,165
8,181,193
8,182,167
8,183,212
8,184,176
8,185,198
8,186,148
8,187,174
8,188,184
8,189,189
8,190,149
8,191,209
8,192,165
8,193,185
8,194,151
8,195,186
8,196,159
8,197,214
8,198,190
8,199,183
8,200,169
8,201,201
8,202,176
8,203,200
8,204,164
8,205,208
8,206,174
8,207,213
8,208,173
8,209,221
8,210,1511
8,211,254
8,212,176
8,213,334
8,214,204
8,215,346
8,216,176
8,217,246
8,218,191
8,219,274
8,220,203
8,221,708
8,222,202
8,223,279
8,224,213
8,225,297
8,226,218
8,227,307
8,228,221
8,229,311
8,230,241
8,231,306
8,232,246
8,233,337
8,234,263
8,235,3481
8,236,281
8,237,362
8,238,356
8,239,385
8,240,329
8,241,398
8,242,357
8,243,426
8,244,370
8,245,624
8,246,461
8,247,464
8,248,417
8,249,502
8,250,436
8,251,510
8,252,471
8,253,517
8,254,541
8,255,503
8,256,423
9,1,284
9,2,324
9,3,301
9,4,329
9,5,303
9,6,327
9,7,332
9,8,590
9,9,323
9,10,363
9,11,321
9,12,349
9,13,384
9,14,362
9,15,340
9,16,366
9,17,323
9,18,358
9,19,319
9,20,353
9,21,311
9,22,367
9,23,2398
9,24,359
9,25,331
9,26,360
9,27,353
9,28,810
9,29,340
9,30,454
9,31,357
9,32,389
9,33,358
9,34,406
9,35,375
9,36,405
9,37,410
9,38,528
9,39,401
9,40,428
9,41,392
9,42,431
9,43,404
9,44,413
9,45,330
9,46,336
9,47,277
9,48,249
9,49,261
9,50,229
9,51,311
9,52,337
9,53,247
9,54,274
9,55,275
9,56,269
9,57,242
9,58,264
9,59,389
9,60,263
9,61,273
9,62,262
9,63,236
9,64,315
9,65,235
9,66,249
9,67,253
9,68,281
9,69,241
9,70,252
9,71,413
9,72,244
9,73,358
9,74,247
9,75,251
9,76,278
9,77,257
9,78,249
9,79,237
9,80,264
9,81,231
9,82,225
9,83,234
9,84,228
9,85,214
9,86,226
9,87,225
9,88,283
9,89,219
9,90,232
9,91,230
9,92,268
9,93,216
9,94,219
9,95,233
9,96,215
9,97,231
9,98,218
9,99,232
9,100,221
9,101,215
9,102,213
9,103,282
9,104,214
9,105,211
9,106,202
9,107,210
9,108,214
9,109,210
9,110,203
9,111,209
9,112,209
9,113,194
9,114,210
9,115,198
9,116,206
9,117,195
9,118,207
9,119,224
9,120,203
9,121,189
9,122,208
9,123,181
9,124,225
9,125,177
9,126,200
9,127,187
9,128,193
9,129,162
9,130,191
9,131,162
9,132,172
9,133,156
9,134,138
9,135,160
9,136,116
9,137,142
9,138,137
9,139,159
9,140,134
9,141,139
9,142,125
9,143,1522
9,144,425
9,145,159
9,146,125
9,147,142
9,148,208
9,149,146
9,150,142
9,151,145
9,152,139
9,153,145
9,154,133
9,155,186
9,156,147
9,157,187
9,158,161
9,159,165
9,160,195
9,161,181
9,162,149
9,163,152
9,164,147
9,165,154
9,166,156
9,167,158
9,168,150
9,169,163
9,170,174
9,171,186
9,172,155
9,173,169
9,174,186
9,175,159
9,176,155
9,177,172
9,178,193
9,179,1850
9,180,164
9,181,195
9,182,168
9,183,210
9,184,174
9,185,200
9,186,147
9,187,173
9,188,193
9,189,188
9,190,149
9,191,208
9,192,164
9,193,185
9,194,152
9,195,187
9,196,159
9,197,213
9,198,190
9,199,184
9,200,168
9,201,200
9,202,177
9,203,199
9,204,163
9,205,208
9,206,173
9,207,213
9,208,174
9,209,220
9,210,1508
9,211,255
9,212,177
9,213,333
9,214,203
9,215,350
9,216,175
9,217,246
9,218,191
9,219,274
9,220,202
9,221,712
9,222,203
9,223,279
9,224,213
9,225,297
9,226,218
9,227,307
9,228,219
9,229,311
9,230,243
9,231,307
9,232,248
9,233,336
9,234,262
9,235,3484
9,236,281
9,237,362
9,238,358
9,239,386
9,240,330
9,241,397
9,242,356
9,243,425
9,244,369
9,245,626
9,246,469
9,247,464
9,248,416
9,249,502
9,250,437
9,251,509
9,252,471
9,253,517
9,254,537
9,255,503
9,256,422
10,1,284
10,2,324
10,3,301
10,4,329
10,5,303
10,6,327
10,7,332
10,8,590
10,9,323
10,10,363
10,11,321
10,12,349
10,13,384
10,14,362
10,15,340
10,16,366
10,17,323
10,18,358
10,19,319
10,20,353
10,21,311
10,22,367
10,23,2398
10,24,359
10,25,331
10,26,360
10,27,353
10,28,810
10,29,340
10,30,454
10,31,357
10,32,389
10,33,358
10,34,406
10,35,375
10,36,405
10,37,410
10,38,528
10,39,401
10,40,428
10,41,392
10,42,431
10,43,404
10,44,413
10,45,330
10,46,336
10,47,277
10,48,249
10,49,261
10,50,229
10,51,311
10,52,337
10,53,247
10,54,274
10,55,275
10,56,269
10,57,242
10,58,264
10,59,389
10,60,263
10,61,273
10,62,262
10,63,236
10,64,315
10,65,235
10,66,249
10,67,253
10,68,281
10,69,241
10,70,252
10,71,413
10,72,244
10,73,358
10,74,247
10,75,251
10,76,278
10,77,257
10,78,249
10,79,237
10,80,264
10,81,231
10,82,225
10,83,234
10,84,228
10,85,214
10,86,226
10,87,225
10,88,283
10,89,219
10,90,232
10,91,230
10,92,268
10,93,216
10,94,219
10,95,233
10,96,215
10,97,231
10,98,218
10,99,232
10,100,221
10,101,215
10,102,213
10,103,282
10,104,214
10,105,211
10,106,202
10,107,210
10,108,214
10,109,210
10,110,203
10,111,209
10,112,209
10,113,194
10,114,210
10,115,198
10,116,206
10,117,195
10,118,207
10,119,224
10,120,203
10,121,189
10,122,208
10,123,181
10,124,225
10,125,177
10,126,200
10,127,187
10,128,193
10,129,162
10,130,191
10,131,162
10,132,172
10,133,156
10,134,138
10,135,160
10,136,116
10,137,142
10,138,137
10,139,159
10,140,134
10,141,139
10,142,125
10,143,1522
10,144,425
10,145,159
10,146,125
10,147,142
10,148,208
10,149,146
10,150,142
10,151,145
10,152,139
10,153,145
10,154,133
10,155,186
10,156,147
10,157,187
10,158,161
10,159,165
10,160,195
10,161,181
10,162,149
10,163,152
10,164,147
10,165,154
10,166,156
10,167,158
10,168,150
10,169,163
10,170,174
10,171,186
10,172,155
10,173,169
10,174,186
10,175,159
10,176,155
10,177,172
10,178,193
10,179,1850
10,180,164
10,181,195
10,182,168
10,183,210
10,184,174
10,185,200
10,186,147
10,187,173
10,188,193
10,189,188
10,190,149
10,191,208
10,192,164
10,193,185
10,194,152
10,195,187
10,196,159
10,197,213
10,198,190
10,199,184
10,200,168
10,201,200
10,202,177
10,203,199
10,204,163
10,205,208
10,206,173
10,207,213
10,208,174
10,209,220
10,210,1508
10,211,255
10,212,177
10,213,333
10,214,203
10,215,350
10,216,175
10,217,246
10,218,191
10,219,274
10,220,202
10,221,712
10,222,203
10,223,279
10,224,213
10,225,297
10,226,218
10,227,307
10,228,219
10,229,311
10,230,243
10,231,307
10,232,248
10,233,336
10,234,262
10,235,3484
10,236,281
10,237,362
10,238,358
10,239,386
10,240,330
10,241,397
10,242,356
10,243,425
10,244,369
10,245,626
10,246,469
10,247,464
10,248,416
10,249,502
10,250,437
10,251,509
10,252,471
10,253,517
10,254,537
10,255,503
10,256,422
11,1,285
11,2,323
11,3,302
11,4,327
11,5,302
11,6,327
11,7,330
11,8,561
11,9,323
11,10,363
11,11,321
11,12,350
11,13,384
11,14,361
11,15,340
11,16,366
11,17,323
11,18,358
11,19,320
11,20,352
11,21,311
11,22,365
11,23,2412
11,24,358
11,25,335
11,26,361
11,27,355
11,28,811
11,29,339
11,30,454
11,31,358
11,32,388
11,33,356
11,34,404
11,35,373
11,36,405
11,37,410
11,38,529
11,39,401
11,40,429
11,41,392
11,42,431
11,43,403
11,44,411
11,45,330
11,46,335
11,47,276
11,48,248
11,49,268
11,50,229
11,51,314
11,52,330
11,53,246
11,54,274
11,55,274
11,56,268
11,57,243
11,58,265
11,59,388
11,60,262
11,61,275
11,62,261
11,63,236
11,64,312
11,65,235
11,66,249
11,67,253
11,68,281
11,69,242
11,70,251
11,71,413
11,72,244
11,73,359
11,74,247
11,75,250
11,76,276
11,77,259
11,78,250
11,79,238
11,80,262
11,81,232
11,82,226
11,83,234
11,84,228
11,85,215
11,86,226
11,87,225
11,88,283
11,89,219
11,90,233
11,91,230
11,92,270
11,93,218
11,94,221
11,95,232
11,96,216
11,97,232
11,98,217
11,99,234
11,100,220
11,101,217
11,102,213
11,103,283
11,104,214
11,105,212
11,106,201
11,107,210
11,108,214
11,109,209
11,110,201
11,111,210
11,112,206
11,113,194
11,114,209
11,115,198
11,116,206
11,117,196
11,118,206
11,119,223
11,120,202
11,121,189
11,122,208
11,123,182
11,124,226
11,125,177
11,126,199
11,127,188
11,128,194
11,129,162
11,130,189
11,131,162
11,132,171
11,133,156
11,134,138
11,135,162
11,136,116
11,137,142
11,138,137
11,139,158
11,140,132
11,141,138
11,142,124
11,143,1523
11,144,423
11,145,159
11,146,125
11,147,143
11,148,211
11,149,146
11,150,141
11,151,145
11,152,141
11,153,145
11,154,132
11,155,187
11,156,147
11,157,186
11,158,160
11,159,165
11,160,196
11,161,181
11,162,148
11,163,155
11,164,148
11,165,156
11,166,156
11,167,158
11,168,150
11,169,162
11,170,172
11,171,185
11,172,156
11,173,168
11,174,190
11,175,159
11,176,154
11,177,172
11,178,196
11,179,1848
11,180,164
11,181,195
11,182,165
11,183,215
11,184,176
11,185,199
11,186,149
11,187,173
11,188,192
11,189,187
11,190,149
11,191,209
11,192,163
11,193,186
11,194,151
11,195,186
11,196,158
11,197,213
11,198,189
11,199,184
11,200,168
11,201,202
11,202,176
11,203,201
11,204,163
11,205,208
11,206,173
11,207,213
11,208,174
11,209,221
11,210,1507
11,211,255
11,212,176
11,213,335
11,214,204
11,215,348
11,216,175
11,217,245
11,218,192
11,219,275
11,220,202
11,221,709
11,222,201
11,223,280
11,224,213
11,225,296
11,226,217
11,227,308
11,228,219
11,229,311
11,230,241
11,231,307
11,232,246
11,233,337
11,234,261
11,235,3482
11,236,280
11,237,363
11,238,356
11,239,385
11,240,329
11,241,398
11,242,356
11,243,426
11,244,370
11,245,626
11,246,466
11,247,463
11,248,416
11,249,499
11,250,436
11,251,511
11,252,471
11,253,517
11,254,544
11,255,502
11,256,423
12,1,285
12,2,323
12,3,302
12,4,327
12,5,302
12,6,327
12,7,330
12,8,561
12,9,323
12,10,363
12,11,321
12,12,350
12,13,384
12,14,361
12,15,340
12,16,366
12,17,323
12,18,358
12,19,320
12,20,352
12,21,311
12,22,365
12,23,2412
12,24,358
12,25,335
12,26,361
12,27,355
12,28,811
12,29,339
12,30,454
12,31,358
12,32,388
12,33,356
12,34,404
12,35,373
12,36,405
12,37,410
12,38,529
12,39,401
12,40,429
12,41,392
12,42,431
12,43,403
12,44,411
12,45,330
12,46,335
12,47,276
12,48,248
12,49,268
12,50,229
12,51,314
12,52,330
12,53,246
12,54,274
12,55,274
12,56,268
12,57,243
12,58,265
12,59,388
12,60,262
12,61,275
12,62,261
12,63,236
12,64,312
12,65,235
12,66,249
12,67,253
12,68,281
12,69,242
12,70,251
12,71,413
12,72,244
12,73,359
12,74,247
12,75,250
12,76,276
12,77,259
12,78,250
12,79,238
12,80,262
12,81,232
12,82,226
12,83,234
12,84,228
12,85,215
12,86,226
12,87,225
12,88,283
12,89,219
12,90,233
12,91,230
12,92,270
12,93,218
12,94,221
12,95,232
12,96,216
12,97,232
12,98,217
12,99,234
12,100,220
12,101,217
12,102,213
12,103,283
12,104,214
12,105,212
12,106,201
12,107,210
12,108,214
12,109,209
12,110,201
12,111,210
12,112,206
12,113,194
12,114,209
12,115,198
12,116,206
12,117,196
12,118,206
12,119,223
12,120,202
12,121,189
12,122,208
12,123,182
12,124,226
12,125,177
12,126,199
12,127,188
12,128,194
12,129,162
12,130,189
12,131,162
12,132,171
12,133,156
12,134,138
12,135,162
12,136,116
12,137,142
12,138,137
12,139,158
12,140,132
12,141,138
12,142,124
12,143,1523
12,144,423
12,145,159
12,146,125
12,147,143
12,148,211
12,149,146
12,150,141
12,151,145
12,152,141
12,153,145
12,154,132
12,155,187
12,156,147
12,157,186
12,158,160
12,159,165
12,160,196
12,161,181
12,162,148
12,163,155
12,164,148
12,165,156
12,166,156
12,167,158
12,168,150
12,169,162
12,170,172
12,171,185
12,172,156
12,173,168
12,174,190
12,175,159
12,176,154
12,177,172
12,178,196
12,179,1848
12,180,164
12,181,195
12,182,165
12,183,215
12,184,176
12,185,199
12,186,149
12,187,173
12,188,192
12,189,187
12,190,149
12,191,209
12,192,163
12,193,186
12,194,151
12,195,186
12,196,158
12,197,213
12,198,189
12,199,184
12,200,168
12,201,202
12,202,176
12,203,201
12,204,163
12,205,208
12,206,173
12,207,213
12,208,174
12,209,221
12,210,1507
12,211,255
12,212,176
12,213,335
12,214,204
12,215,348
12,216,175
12,217,245
12,218,192
12,219,275
12,220,202
12,221,709
12,222,201
12,223,280
12,224,213
12,225,296
12,226,217
12,227,308
12,228,219
12,229,311
12,230,241
12,231,307
12,232,246
12,233,337
12,234,261
12,235,3482
12,236,280
12,237,363
12,238,356
12,239,385
12,240,329
12,241,398
12,242,356
12,243,426
12,244,370
12,245,626
12,246,466
12,247,463
12,248,416
12,249,499
12,250,436
12,251,511
12,252,471
12,253,517
12,254,544
12,255,502
12,256,423
13,1,284
13,2,324
13,3,302
13,4,326
13,5,303
13,6,327
13,7,333
13,8,562
13,9,322
13,10,362
13,11,320
13,12,350
13,13,386
13,14,362
13,15,340
13,16,366
13,17,324
13,18,357
13,19,321
13,20,352
13,21,312
13,22,366
13,23,2400
13,24,358
13,25,334
13,26,358
13,27,354
13,28,810
13,29,340
13,30,447
13,31,358
13,32,388
13,33,358
13,34,404
13,35,373
13,36,405
13,37,410
13,38,526
13,39,403
13,40,429
13,41,391
13,42,431
13,43,404
13,44,410
13,45,330
13,46,335
13,47,278
13,48,249
13,49,264
13,50,228
13,51,314
13,52,333
13,53,245
13,54,273
13,55,275
13,56,267
13,57,243
13,58,263
13,59,389
13,60,263
13,61,274
13,62,260
13,63,237
13,64,309
13,65,235
13,66,249
13,67,254
13,68,282
13,69,240
13,70,251
13,71,414
13,72,242
13,73,353
13,74,246
13,75,251
13,76,277
13,77,258
13,78,251
13,79,237
13,80,264
13,81,231
13,82,225
13,83,234
13,84,227
13,85,214
13,86,229
13,87,226
13,88,282
13,89,219
13,90,232
13,91,230
13,92,268
13,93,219
13,94,219
13,95,235
13,96,215
13,97,231
13,98,220
13,99,234
13,100,222
13,101,216
13,102,212
13,103,284
13,104,215
13,105,213
13,106,201
13,107,210
13,108,214
13,109,210
13,110,202
13,111,210
13,112,207
13,113,195
13,114,209
13,115,199
13,116,205
13,117,196
13,118,206
13,119,224
13,120,202
13,121,190
13,122,206
13,123,180
13,124,226
13,125,177
13,126,199
13,127,189
13,128,193
13,129,162
13,130,190
13,131,162
13,132,170
13,133,156
13,134,138
13,135,161
13,136,116
13,137,143
13,138,135
13,139,158
13,140,132
13,141,139
13,142,124
13,143,1521
13,144,423
13,145,159
13,146,125
13,147,144
13,148,211
13,149,145
13,150,141
13,151,145
13,152,138
13,153,146
13,154,131
13,155,187
13,156,146
13,157,185
13,158,160
13,159,165
13,160,200
13,161,181
13,162,148
13,163,155
13,164,148
13,165,155
13,166,155
13,167,160
13,168,150
13,169,163
13,170,172
13,171,187
13,172,155
13,173,169
13,174,190
13,175,160
13,176,154
13,177,171
13,178,194
13,179,1847
13,180,164
13,181,195
13,182,165
13,183,211
13,184,176
13,185,200
13,186,148
13,187,174
13,188,192
13,189,189
13,190,149
13,191,209
13,192,164
13,193,186
13,194,150
13,195,186
13,196,158
13,197,215
13,198,189
13,199,184
13,200,168
13,201,201
13,202,175
13,203,200
13,204,164
13,205,207
13,206,174
13,207,212
13,208,172
13,209,222
13,210,1506
13,211,256
13,212,175
13,213,333
13,214,203
13,215,347
13,216,175
13,217,245
13,218,189
13,219,274
13,220,202
13,221,714
13,222,202
13,223,278
13,224,211
13,225,297
13,226,218
13,227,308
13,228,220
13,229,311
13,230,242
13,231,307
13,232,246
13,233,338
13,234,262
13,235,3483
13,236,282
13,237,362
13,238,356
13,239,387
13,240,331
13,241,399
13,242,356
13,243,425
13,244,369
13,245,628
13,246,465
13,247,463
13,248,416
13,249,502
13,250,436
13,251,510
13,252,471
13,253,515
13,254,540
13,255,503
13,256,421
14,1,284
14,2,324
14,3,302
14,4,326
14,5,303
14,6,327
14,7,333
14,8,562
14,9,322
14,10,362
14,11,320
14,12,350
14,13,386
14,14,362
14,15,340
14,16,366
14,17,324
14,18,357
14,19,321
14,20,352
14,21,312
14,22,366
14,23,2400
14,24,358
14,25,334
14,26,358
14,27,354
14,28,810
14,29,340
14,30,447
14,31,358
14,32,388
14,33,358
14,34,404
14,35,373
14,36,405
14,37,410
14,38,526
14,39,403
14,40,429
14,41,391
14,42,431
14,43,404
14,44,410
14,45,330
14,46,335
14,47,278
14,48,249
14,49,264
14,50,228
14,51,314
14,52,333
14,53,245
14,54,273
14,55,275
14,56,267
14,57,243
14,58,263
14,59,389
14,60,263
14,61,274
14,62,260
14,63,237
14,64,309
14,65,235
14,66,249
14,67,254
14,68,282
14,69,240
14,70,251
14,71,414
14,72,242
14,73,353
14,74,246
14,75,251
14,76,277
14,77,258
14,78,251
14,79,237
14,80,264
14,81,231
14,82,225
14,83,234
14,84,227
14,85,214
14,86,229
14,87,226
14,88,282
14,89,219
14,90,232
14,91,230
14,92,268
14,93,219
14,94,219
14,95,235
14,96,215
14,97,231
14,98,220
14,99,234
14,100,222
14,101,216
14,102,212
14,103,284
14,104,215
14,105,213
14,106,201
14,107,210
14,108,214
14,109,210
14,110,202
14,111,210
14,112,207
14,113,195
14,114,209
14,115,199
14,116,205
14,117,196
14,118,206
14,119,224
14,120,202
14,121,190
14,122,206
14,123,180
14,124,226
14,125,177
14,126,199
14,127,189
14,128,193
14,129,162
14,130,190
14,131,162
14,132,170
14,133,156
14,134,138
14,135,161
14,136,116
14,137,143
14,138,135
14,139,158
14,140,132
14,141,139
14,142,124
14,143,1521
14,144,423
14,145,159
14,146,125
14,147,144
14,148,211
14,149,145
14,150,141
14,151,145
14,152,138
14,153,146
14,154,131
14,155,187
14,156,146
14,157,185
14,158,160
14,159,165
14,160,200
14,161,181
14,162,148
14,163,155
14,164,148
14,165,155
14,166,155
14,167,160
14,168,150
14,169,163
14,170,172
14,171,187
14,172,155
14,173,169
14,174,190
14,175,160
14,176,154
14,177,171
14,178,194
14,179,1847
14,180,164
14,181,195
14,182,165
14,183,211
14,184,176
14,185,200
14,186,148
14,187,174
14,188,192
14,189,189
14,190,149
14,191,209
14,192,164
14,193,186
14,194,150
14,195,186
14,196,158
14,197,215
14,198,189
14,199,184
14,200,168
14,201,201
14,202,175
14,203,200
14,204,164
14,205,207
14,206,174
14,207,212
14,208,172
14,209,222
14,210,1506
14,211,256
14,212,175
14,213,333
14,214,203
14,215,347
14,216,175
14,217,245
14,218,189
14,219,274
14,220,202
14,221,714
14,222,202
14,223,278
14,224,211
14,225,297
14,226,218
14,227,308
14,228,220
14,229,311
14,230,242
14,231,307
14,232,246
14,233,338
14,234,262
14,235,3483
14,236,282
14,237,362
14,238,356
14,239,387
14,240,331
14,241,399
14,242,356
14,243,425
14,244,369
14,245,628
14,246,465
14,247,463
14,248,416
14,249,502
14,250,436
14,251,510
14,252,471
14,253,515
14,254,540
14,255,503
14,256,421
15,1,283
15,2,323
15,3,302
15,4,327
15,5,301
15,6,327
15,7,331
15,8,563
15,9,325
15,10,363
15,11,320
15,12,349
15,13,385
15,14,361
15,15,341
15,16,365
15,17,324
15,18,357
15,19,320
15,20,354
15,21,311
15,22,367
15,23,2392
15,24,359
15,25,334
15,26,359
15,27,354
15,28,808
15,29,340
15,30,456
15,31,359
15,32,388
15,33,357
15,34,404
15,35,374
15,36,404
15,37,412
15,38,526
15,39,404
15,40,430
15,41,392
15,42,433
15,43,404
15,44,411
15,45,331
15,46,340
15,47,277
15,48,248
15,49,264
15,50,230
15,51,318
15,52,331
15,53,246
15,54,273
15,55,277
15,56,269
15,57,243
15,58,264
15,59,389
15,60,264
15,61,273
15,62,261
15,63,237
15,64,309
15,65,236
15,66,250
15,67,252
15,68,281
15,69,240
15,70,252
15,71,414
15,72,243
15,73,351
15,74,247
15,75,251
15,76,279
15,77,257
15,78,249
15,79,238
15,80,263
15,81,232
15,82,224
15,83,235
15,84,229
15,85,216
15,86,229
15,87,225
15,88,282
15,89,219
15,90,233
15,91,231
15,92,271
15,93,219
15,94,219
15,95,233
15,96,215
15,97,232
15,98,219
15,99,234
15,100,222
15,101,216
15,102,212
15,103,278
15,104,215
15,105,210
15,106,202
15,107,211
15,108,215
15,109,210
15,110,203
15,111,210
15,112,208
15,113,196
15,114,210
15,115,199
15,116,206
15,117,196
15,118,206
15,119,225
15,120,203
15,121,190
15,122,207
15,123,181
15,124,224
15,125,177
15,126,201
15,127,188
15,128,192
15,129,162
15,130,190
15,131,163
15,132,171
15,133,157
15,134,137
15,135,161
15,136,116
15,137,143
15,138,136
15,139,158
15,140,133
15,141,139
15,142,124
15,143,1520
15,144,423
15,145,159
15,146,125
15,147,145
15,148,209
15,149,147
15,150,141
15,151,145
15,152,139
15,153,147
15,154,132
15,155,186
15,156,147
15,157,186
15,158,161
15,159,166
15,160,202
15,161,183
15,162,149
15,163,155
15,164,149
15,165,155
15,166,155
15,167,159
15,168,150
15,169,163
15,170,173
15,171,186
15,172,156
15,173,169
15,174,190
15,175,160
15,176,155
15,177,172
15,178,192
15,179,1847
15,180,165
15,181,196
15,182,165
15,183,210
15,184,174
15,185,199
15,186,148
15,187,174
15,188,193
15,189,189
15,190,151
15,191,210
15,192,164
15,193,187
15,194,153
15,195,186
15,196,158
15,197,214
15,198,191
15,199,185
15,200,169
15,201,202
15,202,177
15,203,199
15,204,164
15,205,208
15,206,172
15,207,213
15,208,174
15,209,221
15,210,1509
15,211,256
15,212,176
15,213,333
15,214,202
15,215,344
15,216,176
15,217,246
15,218,191
15,219,275
15,220,202
15,221,711
15,222,202
15,223,280
15,224,213
15,225,297
15,226,217
15,227,308
15,228,219
15,229,311
15,230,242
15,231,307
15,232,246
15,233,337
15,234,261
15,235,3486
15,236,280
15,237,363
15,238,353
15,239,386
15,240,329
15,241,399
15,242,357
15,243,426
15,244,371
15,245,625
15,246,472
15,247,466
15,248,417
15,249,502
15,250,436
15,251,513
15,252,472
15,253,515
15,254,539
15,255,503
15,256,421
16,1,283
16,2,323
16,3,302
16,4,327
16,5,301
16,6,327
16,7,331
16,8,563
16,9,325
16,10,363
16,11,320
16,12,349
16,13,385
16,14,361
16,15,341
16,16,365
16,17,324
16,18,357
16,19,320
16,20,354
16,21,311
16,22,367
16,23,2392
16,24,359
16,25,334
16,26,359
16,27,354
16,28,808
16,29,340
16,30,456
16,31,359
16,32,388
16,33,357
16,34,404
16,35,374
16,36,404
16,37,412
16,38,526
16,39,404
16,40,430
16,41,392
16,42,433
16,43,404
16,44,411
16,45,331
16,46,340
16,47,277
16,48,248
16,49,264
16,50,230
16,51,318
16,52,331
16,53,246
16,54,273
16,55,277
16,56,269
16,57,243
16,58,264
16,59,389
16,60,264
16,61,273
16,62,261
16,63,237
16,64,309
16,65,236
16,66,250
16,67,252
16,68,281
16,69,240
16,70,252
16,71,414
16,72,243
16,73,351
16,74,247
16,75,251
16,76,279
16,77,257
16,78,249
16,79,238
16,80,263
16,81,232
16,82,224
16,83,235
16,84,229
16,85,216
16,86,229
16,87,225
16,88,282
16,89,219
16,90,233
16,91,231
16,92,271
16,93,219
16,94,219
16,95,233
16,96,215
16,97,232
16,98,219
16,99,234
16,100,222
16,101,216
16,102,212
16,103,278
16,104,215
16,105,210
16,106,202
16,107,211
16,108,215
16,109,210
16,110,203
16,111,210
16,112,208
16,113,196
16,114,210
16,115,199
16,116,206
16,117,196
16,118,206
16,119,225
16,120,203
16,121,190
16,122,207
16,123,181
16,124,224
16,125,177
16,126,201
16,127,188
16,128,192
16,129,162
16,130,190
16,131,163
16,132,171
16,133,157
16,134,137
16,135,161
16,136,116
16,137,143
16,138,136
16,139,158
16,140,133
16,141,139
16,142,124
16,143,1520
16,144,423
16,145,159
16,146,125
16,147,145
16,148,209
16,149,147
16,150,141
16,151,145
16,152,139
16,153,147
16,154,132
16,155,186
16,156,147
16,157,186
16,158,161
16,159,166
16,160,202
16,161,183
16,162,149
16,163,155
16,164,149
16,165,155
16,166,155
16,167,159
16,168,150
16,169,163
16,170,173
16,171,186
16,172,156
16,173,169
16,174,190
16,175,160
16,176,155
16,177,172
16,178,192
16,179,1847
16,180,165
16,181,196
16,182,165
16,183,210
16,184,174
16,185,199
16,186,148
16,187,174
16,188,193
16,189,189
16,190,151
16,191,210
16,192,164
16,193,187
16,194,153
16,195,186
16,196,158
16,197,214
16,198,191
16,199,185
16,200,169
16,201,202
16,202,177
16,203,199
16,204,164
16,205,208
16,206,172
16,207,213
16,208,174
16,209,221
16,210,1509
16,211,256
16,212,176
16,213,333
16,214,202
16,215,344
16,216,176
16,217,246
16,218,191
16,219,275
16,220,202
16,221,711
16,222,202
16,223,280
16,224,213
16,225,297
16,226,217
16,227,308
16,228,219
16,229,311
16,230,242
16,231,307
16,232,246
16,233,337
16,234,261
16,235,3486
16,236,280
16,237,363
16,238,353
16,239,386
16,240,329
16,241,399
16,242,357
16,243,426
16,244,371
16,245,625
16,246,472
16,247,466
16,248,417
16,249,502
16,250,436
16,251,513
16,252,472
16,253,515
16,254,539
16,255,503
16,256,421
17,1,281
17,2,323
17,3,301
17,4,329
17,5,301
17,6,327
17,7,330
17,8,560
17,9,323
17,10,363
17,11,320
17,12,349
17,13,384
17,14,361
17,15,339
17,16,366
17,17,323
17,18,357
17,19,319
17,20,352
17,21,310
17,22,366
17,23,2530
17,24,359
17,25,332
17,26,359
17,27,353
17,28,809
17,29,339
17,30,454
17,31,356
17,32,387
17,33,357
17,34,404
17,35,375
17,36,404
17,37,410
17,38,526
17,39,400
17,40,430
17,41,391
17,42,432
17,43,404
17,44,413
17,45,330
17,46,335
17,47,277
17,48,249
17,49,266
17,50,229
17,51,318
17,52,333
17,53,246
17,54,274
17,55,276
17,56,268
17,57,242
17,58,264
17,59,389
17,60,263
17,61,275
17,62,262
17,63,237
17,64,311
17,65,235
17,66,249
17,67,252
17,68,281
17,69,242
17,70,251
17,71,415
17,72,243
17,73,354
17,74,247
17,75,251
17,76,278
17,77,258
17,78,250
17,79,237
17,80,261
17,81,231
17,82,226
17,83,234
17,84,229
17,85,216
17,86,227
17,87,226
17,88,289
17,89,219
17,90,234
17,91,230
17,92,266
17,93,218
17,94,219
17,95,232
17,96,214
17,97,231
17,98,218
17,99,234
17,100,221
17,101,216
17,102,212
17,103,277
17,104,214
17,105,210
17,106,202
17,107,210
17,108,214
17,109,210
17,110,203
17,111,209
17,112,208
17,113,194
17,114,209
17,115,197
17,116,206
17,117,196
17,118,206
17,119,225
17,120,203
17,121,189
17,122,207
17,123,181
17,124,221
17,125,177
17,126,199
17,127,187
17,128,193
17,129,163
17,130,191
17,131,160
17,132,168
17,133,155
17,134,137
17,135,161
17,136,116
17,137,142
17,138,136
17,139,159
17,140,133
17,141,139
17,142,124
17,143,1520
17,144,422
17,145,159
17,146,125
17,147,143
17,148,214
17,149,146
17,150,139
17,151,145
17,152,140
17,153,145
17,154,133
17,155,184
17,156,146
17,157,185
17,158,161
17,159,164
17,160,199
17,161,181
17,162,149
17,163,154
17,164,149
17,165,154
17,166,154
17,167,159
17,168,150
17,169,163
17,170,173
17,171,186
17,172,156
17,173,168
17,174,190
17,175,160
17,176,154
17,177,173
17,178,195
17,179,1851
17,180,164
17,181,197
17,182,165
17,183,211
17,184,175
17,185,199
17,186,148
17,187,174
17,188,191
17,189,189
17,190,149
17,191,209
17,192,164
17,193,185
17,194,151
17,195,186
17,196,159
17,197,214
17,198,192
17,199,184
17,200,169
17,201,201
17,202,177
17,203,199
17,204,165
17,205,207
17,206,174
17,207,213
17,208,173
17,209,221
17,210,1506
17,211,256
17,212,176
17,213,333
17,214,203
17,215,343
17,216,175
17,217,245
17,218,192
17,219,276
17,220,202
17,221,710
17,222,202
17,223,280
17,224,213
17,225,298
17,226,218
17,227,306
17,228,220
17,229,312
17,230,242
17,231,306
17,232,246
17,233,338
17,234,262
17,235,3483
17,236,282
17,237,361
17,238,356
17,239,382
17,240,330
17,241,398
17,242,358
17,243,425
17,244,369
17,245,629
17,246,467
17,247,463
17,248,415
17,249,502
17,250,437
17,251,509
17,252,471
17,253,516
17,254,545
17,255,503
17,256,423
18,1,281
18,2,323
18,3,301
18,4,329
18,5,301
18,6,327
18,7,330
18,8,560
18,9,323
18,10,363
18,11,320
18,12,349
18,13,384
18,14,361
18,15,339
18,16,366
18,17,323
18,18,357
18,19,319
18,20,352
18,21,310
18,22,366
18,23,2530
18,24,359
18,25,332
18,26,359
18,27,353
18,28,809
18,29,339
18,30,454
18,31,356
18,32,387
18,33,357
18,34,404
18,35,375
18,36,404
18,37,410
18,38,526
18,39,400
18,40,430
18,41,391
18,42,432
18,43,404
18,44,413
18,45,330
18,46,335
18,47,277
18,48,249
18,49,266
18,50,229
18,51,318
18,52,333
18,53,246
18,54,274
18,55,276
18,56,268
18,57,242
18,58,264
18,59,389
18,60,263
18,61,275
18,62,262
18,63,237
18,64,311
18,65,235
18,66,249
18,67,252
18,68,281
18,69,242
18,70,251
18,71,415
18,72,243
18,73,354
18,74,247
18,75,251
18,76,278
18,77,258
18,78,250
18,79,237
18,80,261
18,81,231
18,82,226
18,83,234
18,84,229
18,85,216
18,86,227
18,87,226
18,88,289
18,89,219
18,90,234
18,91,230
18,92,266
18,93,218
18,94,219
18,95,232
18,96,214
18,97,231
18,98,218
18,99,234
18,100,221
18,101,216
18,102,212
18,103,277
18,104,214
18,105,210
18,106,202
18,107,210
18,108,214
18,109,210
18,110,203
18,111,209
18,112,208
18,113,194
18,114,209
18,115,197
18,116,206
18,117,196
18,118,206
18,119,225
18,120,203
18,121,189
18,122,207
18,123,181
18,124,221
18,125,177
18,126,199
18,127,187
18,128,193
18,129,163
18,130,191
18,131,160
18,132,168
18,133,155
18,134,137
18,135,161
18,136,116
18,137,142
18,138,136
18,139,159
18,140,133
18,141,139
18,142,124
18,143,1520
18,144,422
18,145,159
18,146,125
18,147,143
18,148,214
18,149,146
18,150,139
18,151,145
18,152,140
18,153,145
18,154,133
18,155,184
18,156,146
18,157,185
18,158,161
18,159,164
18,160,199
18,161,181
18,162,149
18,163,154
18,164,149
18,165,154
18,166,154
18,167,159
18,168,150
18,169,163
18,170,173
18,171,186
18,172,156
18,173,168
18,174,190
18,175,160
18,176,154
18,177,173
18,178,195
18,179,1851
18,180,164
18,181,197
18,182,165
18,183,211
18,184,175
18,185,199
18,186,148
18,187,174
18,188,191
18,189,189
18,190,149
18,191,209
18,192,164
18,193,185
18,194,151
18,195,186
18,196,159
18,197,214
18,198,192
18,199,184
18,200,169
18,201,201
18,202,177
18,203,199
18,204,165
18,205,207
18,206,174
18,207,213
18,208,173
18,209,221
18,210,1506
18,211,256
18,212,176
18,213,333
18,214,203
18,215,343
18,216,175
18,217,245
18,218,192
18,219,276
18,220,202
18,221,710
18,222,202
18,223,280
18,224,213
18,225,298
18,226,218
18,227,306
18,228,220
18,229,312
18,230,242
18,231,306
18,232,246
18,233,338
18,234,262
18,235,3483
18,236,282
18,237,361
18,238,356
18,239,382
18,240,330
18,241,398
18,242,358
18,243,425
18,244,369
18,245,629
18,246,467
18,247,463
18,248,415
18,249,502
18,250,437
18,251,509
18,252,471
18,253,516
18,254,545
18,255,503
18,256,423
19,1,283
19,2,323
19,3,301
19,4,327
19,5,300
19,6,328
19,7,330
19,8,559
19,9,323
19,10,364
19,11,320
19,12,350
19,13,385
19,14,360
19,15,341
19,16,366
19,17,323
19,18,358
19,19,320
19,20,353
19,21,311
19,22,367
19,23,2395
19,24,360
19,25,333
19,26,359
19,27,352
19,28,810
19,29,340
19,30,445
19,31,357
19,32,389
19,33,356
19,34,404
19,35,374
19,36,404
19,37,408
19,38,527
19,39,402
19,40,429
19,41,390
19,42,432
19,43,404
19,44,412
19,45,330
19,46,337
19,47,277
19,48,249
19,49,263
19,50,230
19,51,314
19,52,334
19,53,244
19,54,271
19,55,275
19,56,267
19,57,242
19,58,264
19,59,389
19,60,263
19,61,273
19,62,261
19,63,236
19,64,309
19,65,235
19,66,249
19,67,252
19,68,281
19,69,239
19,70,253
19,71,414
19,72,242
19,73,354
19,74,246
19,75,252
19,76,276
19,77,257
19,78,249
19,79,237
19,80,263
19,81,231
19,82,225
19,83,234
19,84,228
19,85,215
19,86,229
19,87,226
19,88,283
19,89,218
19,90,234
19,91,231
19,92,271
19,93,217
19,94,219
19,95,233
19,96,215
19,97,231
19,98,217
19,99,233
19,100,220
19,101,216
19,102,211
19,103,276
19,104,215
19,105,211
19,106,201
19,107,210
19,108,214
19,109,209
19,110,203
19,111,210
19,112,207
19,113,195
19,114,210
19,115,198
19,116,206
19,117,195
19,118,206
19,119,223
19,120,203
19,121,190
19,122,206
19,123,181
19,124,227
19,125,177
19,126,199
19,127,188
19,128,193
19,129,162
19,130,190
19,131,162
19,132,170
19,133,155
19,134,137
19,135,161
19,136,115
19,137,142
19,138,135
19,139,157
19,140,133
19,141,140
19,142,124
19,143,1519
19,144,425
19,145,159
19,146,125
19,147,143
19,148,212
19,149,146
19,150,141
19,151,145
19,152,139
19,153,146
19,154,131
19,155,185
19,156,147
19,157,186
19,158,160
19,159,166
19,160,200
19,161,182
19,162,148
19,163,154
19,164,148
19,165,155
19,166,156
19,167,159
19,168,150
19,169,163
19,170,173
19,171,186
19,172,155
19,173,169
19,174,190
19,175,160
19,176,154
19,177,172
19,178,191
19,179,1847
19,180,164
19,181,200
19,182,162
19,183,211
19,184,176
19,185,200
19,186,147
19,187,173
19,188,191
19,189,188
19,190,150
19,191,210
19,192,163
19,193,186
19,194,152
19,195,186
19,196,159
19,197,213
19,198,189
19,199,184
19,200,169
19,201,202
19,202,176
19,203,199
19,204,165
19,205,206
19,206,172
19,207,211
19,208,173
19,209,221
19,210,1509
19,211,255
19,212,176
19,213,330
19,214,204
19,215,346
19,216,176
19,217,245
19,218,191
19,219,273
19,220,202
19,221,711
19,222,199
19,223,279
19,224,212
19,225,298
19,226,217
19,227,308
19,228,219
19,229,312
19,230,243
19,231,307
19,232,247
19,233,337
19,234,262
19,235,3484
19,236,280
19,237,362
19,238,356
19,239,385
19,240,330
19,241,399
19,242,357
19,243,424
19,244,370
19,245,625
19,246,462
19,247,465
19,248,416
19,249,495
19,250,437
19,251,511
19,252,471
19,253,515
19,254,538
19,255,503
19,256,421
20,1,283
20,2,323
20,3,301
20,4,327
20,5,300
20,6,328
20,7,330
20,8,559
20,9,323
20,10,364
20,11,320
20,12,350
20,13,385
20,14,360
20,15,341
20,16,366
20,17,323
20,18,358
20,19,320
20,20,353
20,21,311
20,22,367
20,23,2395
20,24,360
20,25,333
20,26,359
20,27,352
20,28,810
20,29,340
20,30,445
20,31,357
20,32,389
20,33,356
20,34,404
20,35,374
20,36,404
20,37,408
20,38,527
20,39,402
20,40,429
20,41,390
20,42,432
20,43,404
20,44,412
20,45,330
20,46,337
20,47,277
20,48,249
20,49,263
20,50,230
20,51,314
20,52,334
20,53,244
20,54,271
20,55,275
20,56,267
20,57,242
20,58,264
20,59,389
20,60,263
20,61,273
20,62,261
20,63,236
20,64,309
20,65,235
20,66,249
20,67,252
20,68,281
20,69,239
20,70,253
20,71,414
20,72,242
20,73,354
20,74,246
20,75,252
20,76,276
20,77,257
20,78,249
20,79,237
20,80,263
20,81,231
20,82,225
20,83,234
20,84,228
20,85,215
20,86,229
20,87,226
20,88,283
20,89,218
20,90,234
20,91,231
20,92,271
20,93,217
20,94,219
20,95,233
20,96,215
20,97,231
20,98,217
20,99,233
20,100,220
20,101,216
20,102,211
20,103,276
20,104,215
20,105,211
20,106,201
20,107,210
20,108,214
20,109,209
20,110,203
20,111,210
20,112,207
20,113,195
20,114,210
20,115,198
20,116,206
20,117,195
20,118,206
20,119,223
20,120,203
20,121,190
20,122,206
20,123,181
20,124,227
20,125,177
20,126,199
20,127,188
20,128,193
20,129,162
20,130,190
20,131,162
20,132,170
20,133,155
20,134,137
20,135,161
20,136,115
20,137,142
20,138,135
20,139,157
20,140,133
20,141,140
20,142,124
20,143,1519
20,144,425
20,145,159
20,146,125
20,147,143
20,148,212
20,149,146
20,150,141
20,151,145
20,152,139
20,153,146
20,154,131
20,155,185
20,156,147
20,157,186
20,158,160
20,159,166
20,160,200
20,161,182
20,162,148
20,163,154
20,164,148
20,165,155
20,166,156
20,167,159
20,168,150
20,169,163
20,170,173
20,171,186
20,172,155
20,173,169
20,174,190
20,175,160
20,176,154
20,177,172
20,178,191
20,179,1847
20,180,164
20,181,200
20,182,162
20,183,211
20,184,176
20,185,200
20,186,147
20,187,173
20,188,191
20,189,188
20,190,150
20,191,210
20,192,163
20,193,186
20,194,152
20,195,186
20,196,159
20,197,213
20,198,189
20,199,184
20,200,169
20,201,202
20,202,176
20,203,199
20,204,165
20,205,206
20,206,172
20,207,211
20,208,173
20,209,221
20,210,1509
20,211,255
20,212,176
20,213,330
20,214,204
20,215,346
20,216,176
20,217,245
20,218,191
20,219,273
20,220,202
20,221,711
20,222,199
20,223,279
20,224,212
20,225,298
20,226,217
20,227,308
20,228,219
20,229,312
20,230,243
20,231,307
20,232,247
20,233,337
20,234,262
20,235,3484
20,236,280
20,237,362
20,238,356
20,239,385
20,240,330
20,241,399
20,242,357
20,243,424
20,244,370
20,245,625
20,246,462
20,247,465
20,248,416
20,249,495
20,250,437
20,251,511
20,252,471
20,253,515
20,254,538
20,255,503
20,256,421
21,1,285
21,2,324
21,3,301
21,4,329
21,5,300
21,6,328
21,7,331
21,8,558
21,9,322
21,10,365
21,11,319
21,12,351
21,13,384
21,14,362
21,15,341
21,16,368
21,17,323
21,18,359
21,19,321
21,20,353
21,21,312
21,22,366
21,23,2395
21,24,360
21,25,334
21,26,361
21,27,352
21,28,808
21,29,339
21,30,444
21,31,357
21,32,388
21,33,357
21,34,406
21,35,373
21,36,405
21,37,411
21,38,529
21,39,400
21,40,431
21,41,390
21,42,433
21,43,403
21,44,412
21,45,330
21,46,337
21,47,277
21,48,249
21,49,271
21,50,231
21,51,317
21,52,334
21,53,245
21,54,273
21,55,276
21,56,268
21,57,242
21,58,264
21,59,388
21,60,264
21,61,273
21,62,262
21,63,237
21,64,314
21,65,235
21,66,250
21,67,252
21,68,282
21,69,239
21,70,253
21,71,411
21,72,243
21,73,349
21,74,247
21,75,249
21,76,277
21,77,258
21,78,249
21,79,238
21,80,264
21,81,232
21,82,225
21,83,234
21,84,229
21,85,216
21,86,228
21,87,224
21,88,283
21,89,218
21,90,234
21,91,230
21,92,269
21,93,217
21,94,220
21,95,233
21,96,215
21,97,232
21,98,218
21,99,234
21,100,222
21,101,216
21,102,214
21,103,280
21,104,215
21,105,211
21,106,201
21,107,210
21,108,216
21,109,213
21,110,205
21,111,210
21,112,209
21,113,195
21,114,211
21,115,199
21,116,207
21,117,196
21,118,207
21,119,224
21,120,203
21,121,190
21,122,208
21,123,182
21,124,228
21,125,178
21,126,200
21,127,186
21,128,193
21,129,163
21,130,193
21,131,162
21,132,171
21,133,156
21,134,138
21,135,161
21,136,117
21,137,141
21,138,137
21,139,158
21,140,134
21,141,139
21,142,125
21,143,1522
21,144,434
21,145,159
21,146,126
21,147,144
21,148,213
21,149,146
21,150,141
21,151,143
21,152,140
21,153,145
21,154,133
21,155,185
21,156,148
21,157,186
21,158,160
21,159,165
21,160,201
21,161,181
21,162,149
21,163,154
21,164,150
21,165,156
21,166,156
21,167,158
21,168,150
21,169,163
21,170,173
21,171,187
21,172,157
21,173,170
21,174,187
21,175,160
21,176,155
21,177,172
21,178,193
21,179,1843
21,180,164
21,181,198
21,182,166
21,183,212
21,184,177
21,185,200
21,186,147
21,187,173
21,188,193
21,189,189
21,190,151
21,191,210
21,192,165
21,193,188
21,194,151
21,195,186
21,196,160
21,197,214
21,198,190
21,199,184
21,200,169
21,201,202
21,202,178
21,203,200
21,204,165
21,205,207
21,206,175
21,207,212
21,208,174
21,209,221
21,210,1507
21,211,255
21,212,177
21,213,333
21,214,205
21,215,347
21,216,176
21,217,246
21,218,192
21,219,275
21,220,203
21,221,712
21,222,202
21,223,277
21,224,215
21,225,297
21,226,219
21,227,307
21,228,220
21,229,310
21,230,243
21,231,305
21,232,249
21,233,337
21,234,261
21,235,3481
21,236,283
21,237,361
21,238,357
21,239,386
21,240,328
21,241,397
21,242,357
21,243,425
21,244,369
21,245,624
21,246,462
21,247,465
21,248,417
21,249,502
21,250,438
21,251,511
21,252,473
21,253,515
21,254,540
21,255,502
21,256,422
22,1,285
22,2,324
22,3,301
22,4,329
22,5,300
22,6,328
22,7,331
22,8,558
22,9,322
22,10,365
22,11,319
22,12,351
22,13,384
22,14,362
22,15,341
22,16,368
22,17,323
22,18,359
22,19,321
22,20,353
22,21,312
22,22,366
22,23,2395
22,24,360
22,25,334
22,26,361
22,27,352
22,28,808
22,29,339
22,30,444
22,31,357
22,32,388
22,33,357
22,34,406
22,35,373
22,36,405
22,37,411
22,38,529
22,39,400
22,40,431
22,41,390
22,42,433
22,43,403
22,44,412
22,45,330
22,46,337
22,47,277
22,48,249
22,49,271
22,50,231
22,51,317
22,52,334
22,53,245
22,54,273
22,55,276
22,56,268
22,57,242
22,58,264
22,59,388
22,60,264
22,61,273
22,62,262
22,63,237
22,64,314
22,65,235
22,66,250
22,67,252
22,68,282
22,69,239
22,70,253
22,71,411
22,72,243
22,73,349
22,74,247
22,75,249
22,76,277
22,77,258
22,78,249
22,79,238
22,80,264
22,81,232
22,82,225
22,83,234
22,84,229
22,85,216
22,86,228
22,87,224
22,88,283
22,89,218
22,90,234
22,91,230
22,92,269
22,93,217
22,94,220
22,95,233
22,96,215
22,97,232
22,98,218
22,99,234
22,100,222
22,101,216
22,102,214
22,103,280
22,104,215
22,105,211
22,106,201
22,107,210
22,108,216
22,109,213
22,110,205
22,111,210
22,112,209
22,113,195
22,114,211
22,115,199
22,116,207
22,117,196
22,118,207
22,119,224
22,120,203
22,121,190
22,122,208
22,123,182
22,124,228
22,125,178
22,126,200
22,127,186
22,128,193
22,129,163
22,130,193
22,131,162
22,132,171
22,133,156
22,134,138
22,135,161
22,136,117
22,137,141
22,138,137
22,139,158
22,140,134
22,141,139
22,142,125
22,143,1522
22,144,434
22,145,159
22,146,126
22,147,144
22,148,213
22,149,146
22,150,141
22,151,143
22,152,140
22,153,145
22,154,133
22,155,185
22,156,148
22,157,186
22,158,160
22,159,165
22,160,201
22,161,181
22,162,149
22,163,154
22,164,150
22,165,156
22,166,156
22,167,158
22,168,150
22,169,163
22,170,173
22,171,187
22,172,157
22,173,170
22,174,187
22,175,160
22,176,155
22,177,172
22,178,193
22,179,1843
22,180,164
22,181,198
22,182,166
22,183,212
22,184,177
22,185,200
22,186,147
22,187,173
22,188,193
22,189,189
22,190,151
22,191,210
22,192,165
22,193,188
22,194,151
22,195,186
22,196,160
22,197,214
22,198,190
22,199,184
22,200,169
22,201,202
22,202,178
22,203,200
22,204,165
22,205,207
22,206,175
22,207,212
22,208,174
22,209,221
22,210,1507
22,211,255
22,212,177
22,213,333
22,214,205
22,215,347
22,216,176
22,217,246
22,218,192
22,219,275
22,220,203
22,221,712
22,222,202
22,223,277
22,224,215
22,225,297
22,226,219
22,227,307
22,228,220
22,229,310
22,230,243
22,231,305
22,232,249
22,233,337
22,234,261
22,235,3481
22,236,283
22,237,361
22,238,357
22,239,386
22,240,328
22,241,397
22,242,357
22,243,425
22,244,369
22,245,624
22,246,462
22,247,465
22,248,417
22,249,502
22,250,438
22,251,511
22,252,473
22,253,515
22,254,540
22,255,502
22,256,422
23,1,283
23,2,322
23,3,301
23,4,327
23,5,301
23,6,327
23,7,331
23,8,555
23,9,322
23,10,364
23,11,321
23,12,349
23,13,384
23,14,362
23,15,341
23,16,365
23,17,324
23,18,358
23,19,321
23,20,353
23,21,310
23,22,365
23,23,2397
23,24,359
23,25,333
23,26,360
23,27,353
23,28,809
23,29,340
23,30,445
23,31,358
23,32,387
23,33,356
23,34,405
23,35,374
23,36,404
23,37,410
23,38,529
23,39,400
23,40,430
23,41,390
23,42,434
23,43,404
23,44,412
23,45,330
23,46,337
23,47,278
23,48,250
23,49,268
23,50,230
23,51,318
23,52,328
23,53,245
23,54,273
23,55,275
23,56,269
23,57,242
23,58,263
23,59,390
23,60,264
23,61,273
23,62,261
23,63,237
23,64,314
23,65,236
23,66,248
23,67,252
23,68,279
23,69,239
23,70,251
23,71,413
23,72,242
23,73,355
23,74,246
23,75,251
23,76,276
23,77,257
23,78,251
23,79,237
23,80,263
23,81,231
23,82,227
23,83,234
23,84,230
23,85,214
23,86,229
23,87,225
23,88,281
23,89,217
23,90,232
23,91,230
23,92,273
23,93,217
23,94,219
23,95,234
23,96,214
23,97,231
23,98,219
23,99,233
23,100,221
23,101,217
23,102,213
23,103,283
23,104,215
23,105,210
23,106,201
23,107,209
23,108,214
23,109,212
23,110,204
23,111,210
23,112,207
23,113,196
23,114,209
23,115,197
23,116,206
23,117,195
23,118,206
23,119,223
23,120,202
23,121,190
23,122,207
23,123,181
23,124,227
23,125,178
23,126,199
23,127,187
23,128,194
23,129,162
23,130,190
23,131,162
23,132,170
23,133,157
23,134,137
23,135,160
23,136,115
23,137,142
23,138,136
23,139,157
23,140,132
23,141,139
23,142,123
23,143,1518
23,144,424
23,145,159
23,146,125
23,147,144
23,148,214
23,149,146
23,150,142
23,151,144
23,152,139
23,153,145
23,154,133
23,155,185
23,156,148
23,157,185
23,158,159
23,159,163
23,160,194
23,161,181
23,162,148
23,163,153
23,164,149
23,165,154
23,166,155
23,167,159
23,168,151
23,169,162
23,170,172
23,171,187
23,172,156
23,173,170
23,174,186
23,175,159
23,176,154
23,177,173
23,178,191
23,179,1847
23,180,165
23,181,200
23,182,165
23,183,211
23,184,175
23,185,201
23,186,149
23,187,175
23,188,192
23,189,188
23,190,150
23,191,210
23,192,165
23,193,186
23,194,151
23,195,187
23,196,159
23,197,213
23,198,191
23,199,183
23,200,169
23,201,201
23,202,177
23,203,199
23,204,164
23,205,207
23,206,172
23,207,213
23,208,174
23,209,221
23,210,1511
23,211,254
23,212,176
23,213,332
23,214,202
23,215,344
23,216,175
23,217,245
23,218,191
23,219,273
23,220,203
23,221,708
23,222,202
23,223,277
23,224,213
23,225,297
23,226,218
23,227,308
23,228,219
23,229,309
23,230,242
23,231,307
23,232,245
23,233,337
23,234,261
23,235,3475
23,236,281
23,237,362
23,238,355
23,239,384
23,240,329
23,241,398
23,242,354
23,243,425
23,244,369
23,245,626
23,246,462
23,247,466
23,248,415
23,249,502
23,250,437
23,251,510
23,252,473
23,253,514
23,254,539
23,255,503
23,256,423
24,1,283
24,2,322
24,3,301
24,4,327
24,5,301
24,6,327
24,7,331
24,8,555
24,9,322
24,10,364
24,11,321
24,12,349
24,13,384
24,14,362
24,15,341
24,16,365
24,17,324
24,18,358
24,19,321
24,20,353
24,21,310
24,22,365
24,23,2397
24,24,359
24,25,333
24,26,360
24,27,353
24,28,809
24,29,340
24,30,445
24,31,358
24,32,387
24,33,356
24,34,405
24,35,374
24,36,404
24,37,410
24,38,529
24,39,400
24,40,430
24,41,390
24,42,434
24,43,404
24,44,412
24,45,330
24,46,337
24,47,278
24,48,250
24,49,268
24,50,230
24,51,318
24,52,328
24,53,245
24,54,273
24,55,275
24,56,269
24,57,242
24,58,263
24,59,390
24,60,264
24,61,273
24,62,261
24,63,237
24,64,314
24,65,236
24,66,248
24,67,252
24,68,279
24,69,239
24,70,251
24,71,413
24,72,242
24,73,355
24,74,246
24,75,251
24,76,276
24,77,257
24,78,251
24,79,237
24,80,263
24,81,231
24,82,227
24,83,234
24,84,230
24,85,214
24,86,229
24,87,225
24,88,281
24,89,217
24,90,232
24,91,230
24,92,273
24,93,217
24,94,219
24,95,234
24,96,214
24,97,231
24,98,219
24,99,233
24,100,221
24,101,217
24,102,213
24,103,283
24,104,215
24,105,210
24,106,201
24,107,209
24,108,214
24,109,212
24,110,204
24,111,210
24,112,207
24,113,196
24,114,209
24,115,197
24,116,206
24,117,195
24,118,206
24,119,223
24,120,202
24,121,190
24,122,207
24,123,181
24,124,227
24,125,178
24,126,199
24,127,187
24,128,194
24,129,162
24,130,190
24,131,162
24,132,170
24,133,157
24,134,137
24,135,160
24,136,115
24,137,142
24,138,136
24,139,157
24,140,132
24,141,139
24,142,123
24,143,1518
24,144,424
24,145,159
24,146,125
24,147,144
24,148,214
24,149,146
24,150,142
24,151,144
24,152,139
24,153,145
24,154,133
24,155,185
24,156,148
24,157,185
24,158,159
24,159,163
24,160,194
24,161,181
24,162,148
24,163,153
24,164,149
24,165,154
24,166,155
24,167,159
24,168,151
24,169,162
24,170,172
24,171,187
24,172,156
24,173,170
24,174,186
24,175,159
24,176,154
24,177,173
24,178,191
24,179,1847
24,180,165
24,181,200
24,182,165
24,183,211
24,184,175
24,185,201
24,186,149
24,187,175
24,188,192
24,189,188
24,190,150
24,191,210
24,192,165
24,193,186
24,194,151
24,195,187
24,196,159
24,197,213
24,198,191
24,199,183
24,200,169
24,201,201
24,202,177
24,203,199
24,204,164
24,205,207
24,206,172
24,207,213
24,208,174
24,209,221
24,210,1511
24,211,254
24,212,176
24,213,332
24,214,202
24,215,344
24,216,175
24,217,245
24,218,191
24,219,273
24,220,203
24,221,708
24,222,202
24,223,277
24,224,213
24,225,297
24,226,218
24,227,308
24,228,219
24,229,309
24,230,242
24,231,307
24,232,245
24,233,337
24,234,261
24,235,3475
24,236,281
24,237,362
24,238,355
24,239,384
24,240,329
24,241,398
24,242,354
24,243,425
24,244,369
24,245,626
24,246,462
24,247,466
24,248,415
24,249,502
24,250,437
24,251,510
24,252,473
24,253,514
24,254,539
24,255,503
24,256,423
25,1,282
25,2,322
25,3,302
25,4,328
25,5,302
25,6,327
25,7,331
25,8,557
25,9,322
25,10,364
25,11,319
25,12,350
25,13,384
25,14,361
25,15,340
25,16,366
25,17,322
25,18,356
25,19,320
25,20,353
25,21,310
25,22,366
25,23,2396
25,24,359
25,25,334
25,26,359
25,27,353
25,28,810
25,29,340
25,30,444
25,31,359
25,32,389
25,33,358
25,34,406
25,35,374
25,36,405
25,37,410
25,38,528
25,39,401
25,40,430
25,41,392
25,42,433
25,43,405
25,44,413
25,45,329
25,46,336
25,47,277
25,48,249
25,49,269
25,50,230
25,51,310
25,52,328
25,53,244
25,54,274
25,55,276
25,56,268
25,57,242
25,58,264
25,59,388
25,60,263
25,61,274
25,62,262
25,63,236
25,64,314
25,65,234
25,66,248
25,67,251
25,68,282
25,69,239
25,70,251
25,71,414
25,72,243
25,73,324
25,74,247
25,75,252
25,76,278
25,77,256
25,78,250
25,79,239
25,80,263
25,81,231
25,82,224
25,83,234
25,84,229
25,85,215
25,86,228
25,87,226
25,88,282
25,89,219
25,90,232
25,91,230
25,92,268
25,93,217
25,94,219
25,95,233
25,96,215
25,97,231
25,98,218
25,99,234
25,100,222
25,101,216
25,102,213
25,103,280
25,104,215
25,105,210
25,106,202
25,107,209
25,108,215
25,109,212
25,110,203
25,111,210
25,112,207
25,113,196
25,114,209
25,115,198
25,116,206
25,117,196
25,118,206
25,119,223
25,120,204
25,121,190
25,122,207
25,123,180
25,124,222
25,125,176
25,126,200
25,127,188
25,128,194
25,129,164
25,130,191
25,131,162
25,132,170
25,133,155
25,134,138
25,135,161
25,136,117
25,137,143
25,138,138
25,139,158
25,140,134
25,141,138
25,142,124
25,143,1516
25,144,422
25,145,159
25,146,126
25,147,144
25,148,213
25,149,146
25,150,142
25,151,144
25,152,141
25,153,146
25,154,133
25,155,185
25,156,147
25,157,186
25,158,161
25,159,164
25,160,200
25,161,182
25,162,149
25,163,155
25,164,149
25,165,156
25,166,154
25,167,158
25,168,152
25,169,163
25,170,173
25,171,186
25,172,156
25,173,169
25,174,190
25,175,159
25,176,156
25,177,172
25,178,192
25,179,1857
25,180,165
25,181,199
25,182,165
25,183,213
25,184,177
25,185,199
25,186,149
25,187,173
25,188,192
25,189,188
25,190,150
25,191,210
25,192,166
25,193,187
25,194,151
25,195,186
25,196,159
25,197,215
25,198,191
25,199,184
25,200,170
25,201,201
25,202,178
25,203,198
25,204,164
25,205,206
25,206,174
25,207,212
25,208,174
25,209,221
25,210,1511
25,211,255
25,212,177
25,213,331
25,214,204
25,215,346
25,216,177
25,217,245
25,218,191
25,219,273
25,220,203
25,221,716
25,222,202
25,223,280
25,224,214
25,225,296
25,226,218
25,227,308
25,228,220
25,229,309
25,230,241
25,231,306
25,232,247
25,233,335
25,234,261
25,235,3469
25,236,283
25,237,363
25,238,356
25,239,384
25,240,328
25,241,398
25,242,357
25,243,425
25,244,370
25,245,624
25,246,463
25,247,464
25,248,416
25,249,500
25,250,437
25,251,512
25,252,473
25,253,515
25,254,547
25,255,502
25,256,422
26,1,282
26,2,322
26,3,302
26,4,328
26,5,302
26,6,327
26,7,331
26,8,557
26,9,322
26,10,364
26,11,319
26,12,350
26,13,384
26,14,361
26,15,340
26,16,366
26,17,322
26,18,356
26,19,320
26,20,353
26,21,310
26,22,366
26,23,2396
26,24,359
26,25,334
26,26,359
26,27,353
26,28,810
26,29,340
26,30,444
26,31,359
26,32,389
26,33,358
26,34,406
26,35,374
26,36,405
26,37,410
26,38,528
26,39,401
26,40,430
26,41,392
26,42,433
26,43,405
26,44,413
26,45,329
26,46,336
26,47,277
26,48,249
26,49,269
26,50,230
26,51,310
26,52,328
26,53,244
26,54,274
26,55,276
26,56,268
26,57,242
26,58,264
26,59,388
26,60,263
26,61,274
26,62,262
26,63,236
26,64,314
26,65,234
26,66,248
26,67,251
26,68,282
26,69,239
26,70,251
26,71,414
26,72,243
26,73,324
26,74,247
26,75,252
26,76,278
26,77,256
26,78,250
26,79,239
26,80,263
26,81,231
26,82,224
26,83,234
26,84,229
26,85,215
26,86,228
26,87,226
26,88,282
26,89,219
26,90,232
26,91,230
26,92,268
26,93,217
26,94,219
26,95,233
26,96,215
26,97,231
26,98,218
26,99,234
26,100,222
26,101,216
26,102,213
26,103,280
26,104,215
26,105,210
26,106,202
26,107,209
26,108,215
26,109,212
26,110,203
26,111,210
26,112,207
26,113,196
26,114,209
26,115,198
26,116,206
26,117,196
26,118,206
26,119,223
26,120,204
26,121,190
26,122,207
26,123,180
26,124,222
26,125,176
26,126,200
26,127,188
26,128,194
26,129,164
26,130,191
26,131,162
26,132,170
26,133,155
26,134,138
26,135,161
26,136,117
26,137,143
26,138,138
26,139,158
26,140,134
26,141,138
26,142,124
26,143,1516
26,144,422
26,145,159
26,146,126
26,147,144
26,148,213
26,149,146
26,150,142
26,151,144
26,152,141
26,153,146
26,154,133
26,155,185
26,156,147
26,157,186
26,158,161
26,159,164
26,160,200
26,161,182
26,162,149
26,163,155
26,164,149
26,165,156
26,166,154
26,167,158
26,168,152
26,169,163
26,170,173
26,171,186
26,172,156
26,173,169
26,174,190
26,175,159
26,176,156
26,177,172
26,178,192
26,179,1857
26,180,165
26,181,199
26,182,165
26,183,213
26,184,177
26,185,199
26,186,149
26,187,173
26,188,192
26,189,188
26,190,150
26,191,210
26,192,166
26,193,187
26,194,151
26,195,186
26,196,159
26,197,215
26,198,191
26,199,184
26,200,170
26,201,201
26,202,178
26,203,198
26,204,164
26,205,206
26,206,174
26,207,212
26,208,174
26,209,221
26,210,1511
26,211,255
26,212,177
26,213,331
26,214,204
26,215,346
26,216,177
26,217,245
26,218,191
26,219,273
26,220,203
26,221,716
26,222,202
26,223,280
26,224,214
26,225,296
26,226,218
26,227,308
26,228,220
26,229,309
26,230,241
26,231,306
26,232,247
26,233,335
26,234,261
26,235,3469
26,236,283
26,237,363
26,238,356
26,239,384
26,240,328
26,241,398
26,242,357
26,243,425
26,244,370
26,245,624
26,246,463
26,247,464
26,248,416
26,249,500
26,250,437
26,251,512
26,252,473
26,253,515
26,254,547
26,255,502
26,256,422
27,1,283
27,2,323
27,3,302
27,4,328
27,5,301
27,6,327
27,7,331
27,8,557
27,9,324
27,10,365
27,11,319
27,12,350
27,13,384
27,14,361
27,15,339
27,16,366
27,17,322
27,18,357
27,19,319
27,20,353
27,21,310
27,22,366
27,23,2396
27,24,359
27,25,332
27,26,359
27,27,352
27,28,809
27,29,339
27,30,454
27,31,358
27,32,387
27,33,356
27,34,405
27,35,374
27,36,403
27,37,409
27,38,527
27,39,400
27,40,430
27,41,391
27,42,433
27,43,405
27,44,412
27,45,330
27,46,336
27,47,276
27,48,250
27,49,270
27,50,230
27,51,318
27,52,332
27,53,245
27,54,274
27,55,275
27,56,267
27,57,243
27,58,264
27,59,388
27,60,262
27,61,272
27,62,262
27,63,236
27,64,316
27,65,235
27,66,249
27,67,252
27,68,282
27,69,239
27,70,252
27,71,412
27,72,242
27,73,327
27,74,246
27,75,252
27,76,276
27,77,258
27,78,247
27,79,237
27,80,264
27,81,231
27,82,225
27,83,234
27,84,228
27,85,214
27,86,227
27,87,225
27,88,281
27,89,219
27,90,233
27,91,230
27,92,269
27,93,217
27,94,220
27,95,234
27,96,214
27,97,231
27,98,218
27,99,234
27,100,221
27,101,216
27,102,213
27,103,279
27,104,215
27,105,211
27,106,201
27,107,210
27,108,214
27,109,210
27,110,203
27,111,210
27,112,208
27,113,195
27,114,210
27,115,198
27,116,206
27,117,196
27,118,206
27,119,221
27,120,204
27,121,189
27,122,206
27,123,181
27,124,228
27,125,182
27,126,201
27,127,187
27,128,193
27,129,163
27,130,190
27,131,161
27,132,173
27,133,157
27,134,138
27,135,161
27,136,116
27,137,142
27,138,137
27,139,158
27,140,134
27,141,138
27,142,125
27,143,1517
27,144,423
27,145,159
27,146,126
27,147,145
27,148,213
27,149,146
27,150,142
27,151,143
27,152,141
27,153,146
27,154,133
27,155,187
27,156,147
27,157,185
27,158,161
27,159,164
27,160,200
27,161,182
27,162,148
27,163,155
27,164,149
27,165,156
27,166,156
27,167,158
27,168,152
27,169,163
27,170,171
27,171,185
27,172,156
27,173,170
27,174,194
27,175,159
27,176,156
27,177,172
27,178,193
27,179,1855
27,180,165
27,181,200
27,182,167
27,183,212
27,184,176
27,185,199
27,186,148
27,187,173
27,188,192
27,189,187
27,190,150
27,191,207
27,192,165
27,193,186
27,194,152
27,195,185
27,196,159
27,197,212
27,198,192
27,199,183
27,200,169
27,201,201
27,202,177
27,203,200
27,204,164
27,205,207
27,206,174
27,207,213
27,208,171
27,209,221
27,210,1511
27,211,256
27,212,176
27,213,330
27,214,204
27,215,350
27,216,176
27,217,245
27,218,192
27,219,273
27,220,203
27,221,708
27,222,203
27,223,278
27,224,214
27,225,295
27,226,217
27,227,307
27,228,219
27,229,311
27,230,242
27,231,306
27,232,247
27,233,337
27,234,262
27,235,3457
27,236,282
27,237,362
27,238,356
27,239,386
27,240,329
27,241,397
27,242,356
27,243,425
27,244,369
27,245,626
27,246,466
27,247,465
27,248,416
27,249,503
27,250,437
27,251,509
27,252,472
27,253,515
27,254,534
27,255,501
27,256,422
28,1,283
28,2,323
28,3,302
28,4,328
28,5,301
28,6,327
28,7,331
28,8,557
28,9,324
28,10,365
28,11,319
28,12,350
28,13,384
28,14,361
28,15,339
28,16,366
28,17,322
28,18,357
28,19,319
28,20,353
28,21,310
28,22,366
28,23,2396
28,24,359
28,25,332
28,26,359
28,27,352
28,28,809
28,29,339
28,30,454
28,31,358
28,32,387
28,33,356
28,34,405
28,35,374
28,36,403
28,37,409
28,38,527
28,39,400
28,40,430
28,41,391
28,42,433
28,43,405
28,44,412
28,45,330
28,46,336
28,47,276
28,48,250
28,49,270
28,50,230
28,51,318
28,52,332
28,53,245
28,54,274
28,55,275
28,56,267
28,57,243
28,58,264
28,59,388
28,60,262
28,61,272
28,62,262
28,63,236
28,64,316
28,65,235
28,66,249
28,67,252
28,68,282
28,69,239
28,70,252
28,71,412
28,72,242
28,73,327
28,74,246
28,75,252
28,76,276
28,77,258
28,78,247
28,79,237
28,80,264
28,81,231
28,82,225
28,83,234
28,84,228
28,85,214
28,86,227
28,87,225
28,88,281
28,89,219
28,90,233
28,91,230
28,92,269
28,93,217
28,94,220
28,95,234
28,96,214
28,97,231
28,98,218
28,99,234
28,100,221
28,101,216
28,102,213
28,103,279
28,104,215
28,105,211
28,106,201
28,107,210
28,108,214
28,109,210
28,110,203
28,111,210
28,112,208
28,113,195
28,114,210
28,115,198
28,116,206
28,117,196
28,118,206
28,119,221
28,120,204
28,121,189
28,122,206
28,123,181
28,124,228
28,125,182
28,126,201
28,127,187
28,128,193
28,129,163
28,130,190
28,131,161
28,132,173
28,133,157
28,134,138
28,135,161
28,136,116
28,137,142
28,138,137
28,139,158
28,140,134
28,141,138
28,142,125
28,143,1517
28,144,423
28,145,159
28,146,126
28,147,145
28,148,213
28,149,146
28,150,142
28,151,143
28,152,141
28,153,146
28,154,133
28,155,187
28,156,147
28,157,185
28,158,161
28,159,164
28,160,200
28,161,182
28,162,148
28,163,155
28,164,149
28,165,156
28,166,156
28,167,158
28,168,152
28,169,163
28,170,171
28,171,185
28,172,156
28,173,170
28,174,194
28,175,159
28,176,156
28,177,172
28,178,193
28,179,1855
28,180,165
28,181,200
28,182,167
28,183,212
28,184,176
28,185,199
28,186,148
28,187,173
28,188,192
28,189,187
28,190,150
28,191,207
28,192,165
28,193,186
28,194,152
28,195,185
28,196,159
28,197,212
28,198,192
28,199,183
28,200,169
28,201,201
28,202,177
28,203,200
28,204,164
28,205,207
28,206,174
28,207,213
28,208,171
28,209,221
28,210,1511
28,211,256
28,212,176
28,213,330
28,214,204
28,215,350
28,216,176
28,217,245
28,218,192
28,219,273
28,220,203
28,221,708
28,222,203
28,223,278
28,224,214
28,225,295
28,226,217
28,227,307
28,228,219
28,229,311
28,230,242
28,231,306
28,232,247
28,233,337
28,234,262
28,235,3457
28,236,282
28,237,362
28,238,356
28,239,386
28,240,329
28,241,397
28,242,356
28,243,425
28,244,369
28,245,626
28,246,466
28,247,465
28,248,416
28,249,503
28,250,437
28,251,509
28,252,472
28,253,515
28,254,534
28,255,501
28,256,422
29,1,285
29,2,324
29,3,302
29,4,327
29,5,302
29,6,327
29,7,331
29,8,562
29,9,323
29,10,363
29,11,320
29,12,349
29,13,387
29,14,361
29,15,341
29,16,366
29,17,323
29,18,355
29,19,320
29,20,352
29,21,311
29,22,363
29,23,2395
29,24,359
29,25,334
29,26,359
29,27,354
29,28,809
29,29,339
29,30,446
29,31,357
29,32,387
29,33,357
29,34,407
29,35,377
29,36,405
29,37,409
29,38,527
29,39,400
29,40,430
29,41,390
29,42,433
29,43,404
29,44,412
29,45,330
29,46,336
29,47,277
29,48,249
29,49,270
29,50,230
29,51,315
29,52,328
29,53,244
29,54,274
29,55,274
29,56,266
29,57,242
29,58,264
29,59,388
29,60,262
29,61,272
29,62,262
29,63,235
29,64,314
29,65,236
29,66,249
29,67,251
29,68,281
29,69,238
29,70,252
29,71,412
29,72,241
29,73,328
29,74,246
29,75,251
29,76,276
29,77,256
29,78,250
29,79,237
29,80,262
29,81,233
29,82,225
29,83,234
29,84,228
29,85,214
29,86,232
29,87,225
29,88,282
29,89,218
29,90,233
29,91,231
29,92,269
29,93,217
29,94,219
29,95,234
29,96,216
29,97,232
29,98,217
29,99,233
29,100,221
29,101,215
29,102,212
29,103,285
29,104,215
29,105,210
29,106,202
29,107,210
29,108,214
29,109,210
29,110,202
29,111,210
29,112,207
29,113,195
29,114,211
29,115,213
29,116,206
29,117,196
29,118,206
29,119,223
29,120,202
29,121,190
29,122,208
29,123,180
29,124,222
29,125,178
29,126,199
29,127,188
29,128,193
29,129,162
29,130,190
29,131,162
29,132,171
29,133,156
29,134,138
29,135,162
29,136,116
29,137,142
29,138,137
29,139,158
29,140,133
29,141,138
29,142,123
29,143,1519
29,144,423
29,145,160
29,146,126
29,147,143
29,148,211
29,149,146
29,150,141
29,151,145
29,152,139
29,153,145
29,154,133
29,155,187
29,156,147
29,157,188
29,158,161
29,159,165
29,160,199
29,161,182
29,162,149
29,163,155
29,164,148
29,165,154
29,166,155
29,167,158
29,168,151
29,169,163
29,170,174
29,171,187
29,172,157
29,173,169
29,174,187
29,175,160
29,176,155
29,177,174
29,178,194
29,179,1848
29,180,163
29,181,201
29,182,167
29,183,211
29,184,176
29,185,200
29,186,148
29,187,175
29,188,191
29,189,189
29,190,149
29,191,211
29,192,164
29,193,187
29,194,152
29,195,186
29,196,159
29,197,214
29,198,192
29,199,184
29,200,168
29,201,200
29,202,177
29,203,200
29,204,164
29,205,207
29,206,173
29,207,213
29,208,174
29,209,221
29,210,1509
29,211,255
29,212,176
29,213,337
29,214,203
29,215,346
29,216,175
29,217,245
29,218,191
29,219,275
29,220,202
29,221,713
29,222,202
29,223,280
29,224,216
29,225,389
29,226,221
29,227,311
29,228,220
29,229,311
29,230,241
29,231,307
29,232,246
29,233,338
29,234,262
29,235,3479
29,236,281
29,237,363
29,238,359
29,239,385
29,240,329
29,241,398
29,242,356
29,243,425
29,244,369
29,245,624
29,246,467
29,247,465
29,248,417
29,249,499
29,250,437
29,251,510
29,252,472
29,253,515
29,254,534
29,255,503
29,256,422
30,1,285
30,2,324
30,3,302
30,4,327
30,5,302
30,6,327
30,7,331
30,8,562
30,9,323
30,10,363
30,11,320
30,12,349
30,13,387
30,14,361
30,15,341
30,16,366
30,17,323
30,18,355
30,19,320
30,20,352
30,21,311
30,22,363
30,23,2395
30,24,359
30,25,334
30,26,359
30,27,354
30,28,809
30,29,339
30,30,446
30,31,357
30,32,387
30,33,357
30,34,407
30,35,377
30,36,405
30,37,409
30,38,527
30,39,400
30,40,430
30,41,390
30,42,433
30,43,404
30,44,412
30,45,330
30,46,336
30,47,277
30,48,249
30,49,270
30,50,230
30,51,315
30,52,328
30,53,244
30,54,274
30,55,274
30,56,266
30,57,242
30,58,264
30,59,388
30,60,262
30,61,272
30,62,262
30,63,235
30,64,314
30,65,236
30,66,249
30,67,251
30,68,281
30,69,238
30,70,252
30,71,412
30,72,241
30,73,328
30,74,246
30,75,251
30,76,276
30,77,256
30,78,250
30,79,237
30,80,262
30,81,233
30,82,225
30,83,234
30,84,228
30,85,214
30,86,232
30,87,225
30,88,282
30,89,218
30,90,233
30,91,231
30,92,269
30,93,217
30,94,219
30,95,234
30,96,216
30,97,232
30,98,217
30,99,233
30,100,221
30,101,215
30,102,212
30,103,285
30,104,215
30,105,210
30,106,202
30,107,210
30,108,214
30,109,210
30,110,202
30,111,210
30,112,207
30,113,195
30,114,211
30,115,213
30,116,206
30,117,196
30,118,206
30,119,223
30,120,202
30,121,190
30,122,208
30,123,180
30,124,222
30,125,178
30,126,199
30,127,188
30,128,193
30,129,162
30,130,190
30,131,162
30,132,171
30,133,156
30,134,138
30,135,162
30,136,116
30,137,142
30,138,137
30,139,158
30,140,133
30,141,138
30,142,123
30,143,1519
30,144,423
30,145,160
30,146,126
30,147,143
30,148,211
30,149,146
30,150,141
30,151,145
30,152,139
30,153,145
30,154,133
30,155,187
30,156,147
30,157,188
30,158,161
30,159,165
30,160,199
30,161,182
30,162,149
30,163,155
30,164,148
30,165,154
30,166,155
30,167,158
30,168,151
30,169,163
30,170,174
30,171,187
30,172,157
30,173,169
30,174,187
30,175,160
30,176,155
30,177,174
30,178,194
30,179,1848
30,180,163
30,181,201
30,182,167
30,183,211
30,184,176
30,185,200
30,186,148
30,187,175
30,188,191
30,189,189
30,190,149
30,191,211
30,192,164
30,193,187
30,194,152
30,195,186
30,196,159
30,197,214
30,198,192
30,199,184
30,200,168
30,201,200
30,202,177
30,203,200
30,204,164
30,205,207
30,206,173
30,207,213
30,208,174
30,209,221
30,210,1509
30,211,255
30,212,176
30,213,337
30,214,203
30,215,346
30,216,175
30,217,245
30,218,191
30,219,275
30,220,202
30,221,713
30,222,202
30,223,280
30,224,216
30,225,389
30,226,221
30,227,311
30,228,220
30,229,311
30,230,241
30,231,307
30,232,246
30,233,338
30,234,262
30,235,3479
30,236,281
30,237,363
30,238,359
30,239,385
30,240,329
30,241,398
30,242,356
30,243,425
30,244,369
30,245,624
30,246,467
30,247,465
30,248,417
30,249,499
30,250,437
30,251,510
30,252,472
30,253,515
30,254,534
30,255,503
30,256,422
31,1,283
31,2,323
31,3,302
31,4,328
31,5,302
31,6,326
31,7,332
31,8,563
31,9,323
31,10,363
31,11,321
31,12,349
31,13,386
31,14,360
31,15,341
31,16,366
31,17,323
31,18,357
31,19,321
31,20,351
31,21,310
31,22,364
31,23,2461
31,24,359
31,25,333
31,26,359
31,27,358
31,28,809
31,29,340
31,30,446
31,31,357
31,32,387
31,33,355
31,34,404
31,35,375
31,36,405
31,37,409
31,38,528
31,39,399
31,40,431
31,41,391
31,42,433
31,43,403
31,44,411
31,45,330
31,46,335
31,47,276
31,48,248
31,49,262
31,50,230
31,51,313
31,52,328
31,53,243
31,54,274
31,55,275
31,56,267
31,57,243
31,58,332
31,59,405
31,60,273
31,61,295
31,62,264
31,63,237
31,64,311
31,65,235
31,66,248
31,67,252
31,68,282
31,69,240
31,70,250
31,71,413
31,72,242
31,73,323
31,74,246
31,75,251
31,76,277
31,77,256
31,78,249
31,79,237
31,80,261
31,81,232
31,82,224
31,83,234
31,84,228
31,85,214
31,86,227
31,87,224
31,88,282
31,89,219
31,90,232
31,91,231
31,92,268
31,93,217
31,94,221
31,95,233
31,96,215
31,97,230
31,98,218
31,99,233
31,100,221
31,101,217
31,102,213
31,103,279
31,104,214
31,105,211
31,106,200
31,107,211
31,108,214
31,109,210
31,110,202
31,111,210
31,112,207
31,113,195
31,114,209
31,115,198
31,116,206
31,117,195
31,118,206
31,119,223
31,120,202
31,121,191
31,122,207
31,123,181
31,124,221
31,125,178
31,126,198
31,127,187
31,128,194
31,129,163
31,130,190
31,131,161
31,132,172
31,133,156
31,134,137
31,135,160
31,136,115
31,137,141
31,138,135
31,139,159
31,140,133
31,141,138
31,142,122
31,143,1520
31,144,423
31,145,160
31,146,124
31,147,143
31,148,215
31,149,146
31,150,141
31,151,146
31,152,139
31,153,145
31,154,132
31,155,186
31,156,147
31,157,186
31,158,159
31,159,166
31,160,201
31,161,182
31,162,148
31,163,154
31,164,148
31,165,155
31,166,155
31,167,157
31,168,151
31,169,163
31,170,173
31,171,185
31,172,156
31,173,170
31,174,186
31,175,160
31,176,154
31,177,173
31,178,193
31,179,1852
31,180,162
31,181,200
31,182,165
31,183,210
31,184,176
31,185,199
31,186,149
31,187,174
31,188,192
31,189,189
31,190,150
31,191,211
31,192,165
31,193,186
31,194,151
31,195,186
31,196,160
31,197,214
31,198,191
31,199,184
31,200,169
31,201,201
31,202,176
31,203,199
31,204,163
31,205,207
31,206,173
31,207,213
31,208,172
31,209,221
31,210,1513
31,211,256
31,212,176
31,213,333
31,214,203
31,215,347
31,216,175
31,217,246
31,218,191
31,219,273
31,220,202
31,221,708
31,222,203
31,223,278
31,224,213
31,225,297
31,226,217
31,227,307
31,228,219
31,229,312
31,230,242
31,231,306
31,232,247
31,233,337
31,234,261
31,235,3475
31,236,282
31,237,363
31,238,355
31,239,386
31,240,332
31,241,399
31,242,356
31,243,425
31,244,368
31,245,628
31,246,466
31,247,465
31,248,416
31,249,501
31,250,437
31,251,523
31,252,472
31,253,515
31,254,538
31,255,503
31,256,421
32,1,283
32,2,323
32,3,302
32,4,328
32,5,302
32,6,326
32,7,332
32,8,563
32,9,323
32,10,363
32,11,321
32,12,349
32,13,386
32,14,360
32,15,341
32,16,366
32,17,323
32,18,357
32,19,321
32,20,351
32,21,310
32,22,364
32,23,2461
32,24,359
32,25,333
32,26,359
32,27,358
32,28,809
32,29,340
32,30,446
32,31,357
32,32,387
32,33,355
32,34,404
32,35,375
32,36,405
32,37,409
32,38,528
32,39,399
32,40,431
32,41,391
32,42,433
32,43,403
32,44,411
32,45,330
32,46,335
32,47,276
32,48,248
32,49,262
32,50,230
32,51,313
32,52,328
32,53,243
32,54,274
32,55,275
32,56,267
32,57,243
32,58,332
32,59,405
32,60,273
32,61,295
32,62,264
32,63,237
32,64,311
32,65,235
32,66,248
32,67,252
32,68,282
32,69,240
32,70,250
32,71,413
32,72,242
32,73,323
32,74,246
32,75,251
32,76,277
32,77,256
32,78,249
32,79,237
32,80,261
32,81,232
32,82,224
32,83,234
32,84,228
32,85,214
32,86,227
32,87,224
32,88,282
32,89,219
32,90,232
32,91,231
32,92,268
32,93,217
32,94,221
32,95,233
32,96,215
32,97,230
32,98,218
32,99,233
32,100,221
32,101,217
32,102,213
32,103,279
32,104,214
32,105,211
32,106,200
32,107,211
32,108,214
32,109,210
32,110,202
32,111,210
32,112,207
32,113,195
32,114,209
32,115,198
32,116,206
32,117,195
32,118,206
32,119,223
32,120,202
32,121,191
32,122,207
32,123,181
32,124,221
32,125,178
32,126,198
32,127,187
32,128,194
32,129,163
32,130,190
32,131,161
32,132,172
32,133,156
32,134,137
32,135,160
32,136,115
32,137,141
32,138,135
32,139,159
32,140,133
32,141,138
32,142,122
32,143,1520
32,144,423
32,145,160
32,146,124
32,147,143
32,148,215
32,149,146
32,150,141
32,151,146
32,152,139
32,153,145
32,154,132
32,155,186
32,156,147
32,157,186
32,158,159
32,159,166
32,160,201
32,161,182
32,162,148
32,163,154
32,164,148
32,165,155
32,166,155
32,167,157
32,168,151
32,169,163
32,170,173
32,171,185
32,172,156
32,173,170
32,174,186
32,175,160
32,176,154
32,177,173
32,178,193
32,179,1852
32,180,162
32,181,200
32,182,165
32,183,210
32,184,176
32,185,199
32,186,149
32,187,174
32,188,192
32,189,189
32,190,150
32,191,211
32,192,165
32,193,186
32,194,151
32,195,186
32,196,160
32,197,214
32,198,191
32,199,184
32,200,169
32,201,201
32,202,176
32,203,199
32,204,163
32,205,207
32,206,173
32,207,213
32,208,172
32,209,221
32,210,1513
32,211,256
32,212,176
32,213,333
32,214,203
32,215,347
32,216,175
32,217,246
32,218,191
32,219,273
32,220,202
32,221,708
32,222,203
32,223,278
32,224,213
32,225,297
32,226,217
32,227,307
32,228,219
32,229,312
32,230,242
32,231,306
32,232,247
32,233,337
32,234,261
32,235,3475
32,236,282
32,237,363
32,238,355
32,239,386
32,240,332
32,241,399
32,242,356
32,243,425
32,244,368
32,245,628
32,246,466
32,247,465
32,248,416
32,249,501
32,250,437
32,251,523
32,252,472
32,253,515
32,254,538
32,255,503
32,256,421
