Line,Band,Value
1,1,281
1,2,321
1,3,300
1,4,325
1,5,300
1,6,325
1,7,329
1,8,566
1,9,321
1,10,361
1,11,319
1,12,348
1,13,382
1,14,360
1,15,340
1,16,364
1,17,322
1,18,355
1,19,317
1,20,349
1,21,309
1,22,363
1,23,2437
1,24,356
1,25,331
1,26,357
1,27,349
1,28,806
1,29,337
1,30,461
1,31,357
1,32,385
1,33,356
1,34,405
1,35,374
1,36,403
1,37,410
1,38,524
1,39,402
1,40,431
1,41,392
1,42,436
1,43,406
1,44,411
1,45,332
1,46,339
1,47,280
1,48,250
1,49,270
1,50,230
1,51,318
1,52,329
1,53,240
1,54,270
1,55,272
1,56,265
1,57,239
1,58,261
1,59,384
1,60,258
1,61,269
1,62,257
1,63,232
1,64,306
1,65,233
1,66,246
1,67,246
1,68,275
1,69,236
1,70,248
1,71,409
1,72,239
1,73,340
1,74,244
1,75,249
1,76,261
1,77,255
1,78,247
1,79,236
1,80,260
1,81,229
1,82,221
1,83,232
1,84,224
1,85,213
1,86,224
1,87,222
1,88,279
1,89,216
1,90,231
1,91,227
1,92,265
1,93,216
1,94,217
1,95,232
1,96,212
1,97,232
1,98,215
1,99,233
1,100,220
1,101,214
1,102,210
1,103,279
1,104,213
1,105,209
1,106,199
1,107,209
1,108,214
1,109,209
1,110,202
1,111,209
1,112,206
1,113,194
1,114,208
1,115,197
1,116,205
1,117,196
1,118,204
1,119,224
1,120,202
1,121,190
1,122,205
1,123,179
1,124,219
1,125,177
1,126,197
1,127,188
1,128,192
1,129,162
1,130,188
1,131,161
1,132,171
1,133,155
1,134,136
1,135,161
1,136,117
1,137,142
1,138,136
1,139,158
1,140,132
1,141,138
1,142,124
1,143,1531
1,144,423
1,145,160
1,146,124
1,147,144
1,148,210
1,149,145
1,150,140
1,151,145
1,152,139
1,153,146
1,154,133
1,155,186
1,156,146
1,157,187
1,158,159
1,159,165
1,160,197
1,161,181
1,162,149
1,163,154
1,164,148
1,165,155
1,166,155
1,167,159
1,168,151
1,169,163
1,170,172
1,171,186
1,172,156
1,173,170
1,174,190
1,175,161
1,176,155
1,177,172
1,178,196
1,179,1842
1,180,163
1,181,193
1,182,166
1,183,208
1,184,175
1,185,201
1,186,148
1,187,175
1,188,193
1,189,188
1,190,148
1,191,209
1,192,164
1,193,186
1,194,151
1,195,186
1,196,158
1,197,212
1,198,190
1,199,184
1,200,168
1,201,202
1,202,177
1,203,199
1,204,163
1,205,207
1,206,173
1,207,212
1,208,172
1,209,220
1,210,1504
1,211,256
1,212,175
1,213,328
1,214,199
1,215,357
1,216,175
1,217,244
1,218,191
1,219,273
1,220,201
1,221,725
1,222,201
1,223,277
1,224,213
1,225,303
1,226,216
1,227,306
1,228,218
1,229,308
1,230,240
1,231,305
1,232,245
1,233,335
1,234,259
1,235,3465
1,236,279
1,237,361
1,238,352
1,239,384
1,240,325
1,241,394
1,242,360
1,243,421
1,244,365
1,245,620
1,246,451
1,247,462
1,248,411
1,249,498
1,250,431
1,251,506
1,252,466
1,253,511
1,254,536
1,255,498
1,256,416
2,1,281
2,2,321
2,3,300
2,4,325
2,5,300
2,6,325
2,7,329
2,8,566
2,9,321
2,10,361
2,11,319
2,12,348
2,13,382
2,14,360
2,15,340
2,16,364
2,17,322
2,18,355
2,19,317
2,20,349
2,21,309
2,22,363
2,23,2437
2,24,356
2,25,331
2,26,357
2,27,349
2,28,806
2,29,337
2,30,461
2,31,357
2,32,385
2,33,356
2,34,405
2,35,374
2,36,403
2,37,410
2,38,524
2,39,402
2,40,431
2,41,392
2,42,436
2,43,406
2,44,411
2,45,332
2,46,339
2,47,280
2,48,250
2,49,270
2,50,230
2,51,318
2,52,329
2,53,240
2,54,270
2,55,272
2,56,265
2,57,239
2,58,261
2,59,384
2,60,258
2,61,269
2,62,257
2,63,232
2,64,306
2,65,233
2,66,246
2,67,246
2,68,275
2,69,236
2,70,248
2,71,409
2,72,239
2,73,340
2,74,244
2,75,249
2,76,261
2,77,255
2,78,247
2,79,236
2,80,260
2,81,229
2,82,221
2,83,232
2,84,224
2,85,213
2,86,224
2,87,222
2,88,279
2,89,216
2,90,231
2,91,227
2,92,265
2,93,216
2,94,217
2,95,232
2,96,212
2,97,232
2,98,215
2,99,233
2,100,220
2,101,214
2,102,210
2,103,279
2,104,213
2,105,209
2,106,199
2,107,209
2,108,214
2,109,209
2,110,202
2,111,209
2,112,206
2,113,194
2,114,208
2,115,197
2,116,205
2,117,196
2,118,204
2,119,224
2,120,202
2,121,190
2,122,205
2,123,179
2,124,219
2,125,177
2,126,197
2,127,188
2,128,192
2,129,162
2,130,188
2,131,161
2,132,171
2,133,155
2,134,136
2,135,161
2,136,117
2,137,142
2,138,136
2,139,158
2,140,132
2,141,138
2,142,124
2,143,1531
2,144,423
2,145,160
2,146,124
2,147,144
2,148,210
2,149,145
2,150,140
2,151,145
2,152,139
2,153,146
2,154,133
2,155,186
2,156,146
2,157,187
2,158,159
2,159,165
2,160,197
2,161,181
2,162,149
2,163,154
2,164,148
2,165,155
2,166,155
2,167,159
2,168,151
2,169,163
2,170,172
2,171,186
2,172,156
2,173,170
2,174,190
2,175,161
2,176,155
2,177,172
2,178,196
2,179,1842
2,180,163
2,181,193
2,182,166
2,183,208
2,184,175
2,185,201
2,186,148
2,187,175
2,188,193
2,189,188
2,190,148
2,191,209
2,192,164
2,193,186
2,194,151
2,195,186
2,196,158
2,197,212
2,198,190
2,199,184
2,200,168
2,201,202
2,202,177
2,203,199
2,204,163
2,205,207
2,206,173
2,207,212
2,208,172
2,209,220
2,210,1504
2,211,256
2,212,175
2,213,328
2,214,199
2,215,357
2,216,175
2,217,244
2,218,191
2,219,273
2,220,201
2,221,725
2,222,201
2,223,277
2,224,213
2,225,303
2,226,216
2,227,306
2,228,218
2,229,308
2,230,240
2,231,305
2,232,245
2,233,335
2,234,259
2,235,3465
2,236,279
2,237,361
2,238,352
2,239,384
2,240,325
2,241,394
2,242,360
2,243,421
2,244,365
2,245,620
2,246,451
2,247,462
2,248,411
2,249,498
2,250,431
2,251,506
2,252,466
2,253,511
2,254,536
2,255,498
2,256,416
3,1,282
3,2,322
3,3,299
3,4,326
3,5,300
3,6,325
3,7,329
3,8,567
3,9,318
3,10,362
3,11,318
3,12,346
3,13,383
3,14,360
3,15,338
3,16,362
3,17,321
3,18,355
3,19,317
3,20,349
3,21,308
3,22,363
3,23,2393
3,24,357
3,25,331
3,26,357
3,27,351
3,28,807
3,29,339
3,30,473
3,31,356
3,32,386
3,33,357
3,34,405
3,35,374
3,36,404
3,37,411
3,38,525
3,39,402
3,40,430
3,41,393
3,42,436
3,43,407
3,44,412
3,45,332
3,46,339
3,47,280
3,48,250
3,49,270
3,50,231
3,51,317
3,52,323
3,53,239
3,54,269
3,55,270
3,56,262
3,57,238
3,58,260
3,59,384
3,60,260
3,61,270
3,62,257
3,63,233
3,64,305
3,65,232
3,66,245
3,67,248
3,68,277
3,69,235
3,70,248
3,71,410
3,72,240
3,73,339
3,74,243
3,75,249
3,76,261
3,77,255
3,78,246
3,79,234
3,80,260
3,81,228
3,82,222
3,83,232
3,84,225
3,85,213
3,86,223
3,87,222
3,88,278
3,89,216
3,90,230
3,91,229
3,92,267
3,93,215
3,94,217
3,95,231
3,96,212
3,97,231
3,98,215
3,99,231
3,100,219
3,101,214
3,102,210
3,103,276
3,104,214
3,105,211
3,106,198
3,107,208
3,108,212
3,109,209
3,110,202
3,111,209
3,112,205
3,113,193
3,114,207
3,115,196
3,116,203
3,117,195
3,118,205
3,119,222
3,120,201
3,121,188
3,122,206
3,123,179
3,124,219
3,125,175
3,126,198
3,127,186
3,128,192
3,129,162
3,130,188
3,131,161
3,132,172
3,133,155
3,134,137
3,135,161
3,136,117
3,137,142
3,138,136
3,139,157
3,140,132
3,141,139
3,142,123
3,143,1535
3,144,423
3,145,159
3,146,125
3,147,143
3,148,209
3,149,145
3,150,141
3,151,144
3,152,139
3,153,146
3,154,132
3,155,185
3,156,147
3,157,186
3,158,159
3,159,165
3,160,199
3,161,181
3,162,149
3,163,154
3,164,148
3,165,155
3,166,154
3,167,158
3,168,150
3,169,163
3,170,173
3,171,186
3,172,156
3,173,170
3,174,190
3,175,160
3,176,154
3,177,172
3,178,193
3,179,1843
3,180,163
3,181,193
3,182,166
3,183,211
3,184,175
3,185,199
3,186,149
3,187,173
3,188,191
3,189,188
3,190,150
3,191,210
3,192,164
3,193,186
3,194,150
3,195,186
3,196,158
3,197,213
3,198,191
3,199,183
3,200,169
3,201,210
3,202,179
3,203,198
3,204,162
3,205,207
3,206,172
3,207,211
3,208,171
3,209,220
3,210,1507
3,211,255
3,212,175
3,213,329
3,214,199
3,215,352
3,216,173
3,217,244
3,218,189
3,219,272
3,220,201
3,221,711
3,222,201
3,223,278
3,224,211
3,225,303
3,226,214
3,227,306
3,228,217
3,229,309
3,230,239
3,231,304
3,232,244
3,233,334
3,234,259
3,235,3465
3,236,279
3,237,362
3,238,354
3,239,384
3,240,324
3,241,394
3,242,360
3,243,422
3,244,366
3,245,621
3,246,452
3,247,459
3,248,411
3,249,498
3,250,432
3,251,506
3,252,468
3,253,510
3,254,527
3,255,500
3,256,418
4,1,282
4,2,322
4,3,299
4,4,326
4,5,300
4,6,325
4,7,329
4,8,567
4,9,318
4,10,362
4,11,318
4,12,346
4,13,383
4,14,360
4,15,338
4,16,362
4,17,321
4,18,355
4,19,317
4,20,349
4,21,308
4,22,363
4,23,2393
4,24,357
4,25,331
4,26,357
4,27,351
4,28,807
4,29,339
4,30,473
4,31,356
4,32,386
4,33,357
4,34,405
4,35,374
4,36,404
4,37,411
4,38,525
4,39,402
4,40,430
4,41,393
4,42,436
4,43,407
4,44,412
4,45,332
4,46,339
4,47,280
4,48,250
4,49,270
4,50,231
4,51,317
4,52,323
4,53,239
4,54,269
4,55,270
4,56,262
4,57,238
4,58,260
4,59,384
4,60,260
4,61,270
4,62,257
4,63,233
4,64,305
4,65,232
4,66,245
4,67,248
4,68,277
4,69,235
4,70,248
4,71,410
4,72,240
4,73,339
4,74,243
4,75,249
4,76,261
4,77,255
4,78,246
4,79,234
4,80,260
4,81,228
4,82,222
4,83,232
4,84,225
4,85,213
4,86,223
4,87,222
4,88,278
4,89,216
4,90,230
4,91,229
4,92,267
4,93,215
4,94,217
4,95,231
4,96,212
4,97,231
4,98,215
4,99,231
4,100,219
4,101,214
4,102,210
4,103,276
4,104,214
4,105,211
4,106,198
4,107,208
4,108,212
4,109,209
4,110,202
4,111,209
4,112,205
4,113,193
4,114,207
4,115,196
4,116,203
4,117,195
4,118,205
4,119,222
4,120,201
4,121,188
4,122,206
4,123,179
4,124,219
4,125,175
4,126,198
4,127,186
4,128,192
4,129,162
4,130,188
4,131,161
4,132,172
4,133,155
4,134,137
4,135,161
4,136,117
4,137,142
4,138,136
4,139,157
4,140,132
4,141,139
4,142,123
4,143,1535
4,144,423
4,145,159
4,146,125
4,147,143
4,148,209
4,149,145
4,150,141
4,151,144
4,152,139
4,153,146
4,154,132
4,155,185
4,156,147
4,157,186
4,158,159
4,159,165
4,160,199
4,161,181
4,162,149
4,163,154
4,164,148
4,165,155
4,166,154
4,167,158
4,168,150
4,169,163
4,170,173
4,171,186
4,172,156
4,173,170
4,174,190
4,175,160
4,176,154
4,177,172
4,178,193
4,179,1843
4,180,163
4,181,193
4,182,166
4,183,211
4,184,175
4,185,199
4,186,149
4,187,173
4,188,191
4,189,188
4,190,150
4,191,210
4,192,164
4,193,186
4,194,150
4,195,186
4,196,158
4,197,213
4,198,191
4,199,183
4,200,169
4,201,210
4,202,179
4,203,198
4,204,162
4,205,207
4,206,172
4,207,211
4,208,171
4,209,220
4,210,1507
4,211,255
4,212,175
4,213,329
4,214,199
4,215,352
4,216,173
4,217,244
4,218,189
4,219,272
4,220,201
4,221,711
4,222,201
4,223,278
4,224,211
4,225,303
4,226,214
4,227,306
4,228,217
4,229,309
4,230,239
4,231,304
4,232,244
4,233,334
4,234,259
4,235,3465
4,236,279
4,237,362
4,238,354
4,239,384
4,240,324
4,241,394
4,242,360
4,243,422
4,244,366
4,245,621
4,246,452
4,247,459
4,248,411
4,249,498
4,250,432
4,251,506
4,252,468
4,253,510
4,254,527
4,255,500
4,256,418
5,1,282
5,2,322
5,3,299
5,4,323
5,5,300
5,6,326
5,7,330
5,8,570
5,9,318
5,10,360
5,11,319
5,12,346
5,13,382
5,14,358
5,15,339
5,16,363
5,17,322
5,18,354
5,19,318
5,20,351
5,21,308
5,22,364
5,23,2438
5,24,356
5,25,332
5,26,357
5,27,355
5,28,806
5,29,339
5,30,461
5,31,358
5,32,385
5,33,357
5,34,405
5,35,375
5,36,405
5,37,410
5,38,526
5,39,402
5,40,429
5,41,392
5,42,435
5,43,407
5,44,413
5,45,333
5,46,339
5,47,281
5,48,249
5,49,267
5,50,230
5,51,316
5,52,329
5,53,239
5,54,268
5,55,272
5,56,264
5,57,238
5,58,259
5,59,386
5,60,259
5,61,271
5,62,257
5,63,232
5,64,308
5,65,233
5,66,246
5,67,249
5,68,277
5,69,237
5,70,248
5,71,410
5,72,238
5,73,346
5,74,242
5,75,251
5,76,261
5,77,256
5,78,246
5,79,234
5,80,258
5,81,229
5,82,222
5,83,232
5,84,225
5,85,212
5,86,224
5,87,222
5,88,278
5,89,217
5,90,231
5,91,229
5,92,268
5,93,217
5,94,217
5,95,231
5,96,213
5,97,232
5,98,216
5,99,231
5,100,219
5,101,218
5,102,210
5,103,279
5,104,213
5,105,209
5,106,199
5,107,209
5,108,213
5,109,210
5,110,202
5,111,210
5,112,206
5,113,195
5,114,208
5,115,197
5,116,205
5,117,196
5,118,204
5,119,223
5,120,199
5,121,189
5,122,206
5,123,180
5,124,220
5,125,176
5,126,198
5,127,187
5,128,191
5,129,162
5,130,188
5,131,162
5,132,172
5,133,156
5,134,137
5,135,161
5,136,117
5,137,142
5,138,136
5,139,157
5,140,133
5,141,138
5,142,124
5,143,1537
5,144,423
5,145,159
5,146,125
5,147,144
5,148,209
5,149,147
5,150,140
5,151,145
5,152,139
5,153,145
5,154,132
5,155,184
5,156,146
5,157,186
5,158,160
5,159,165
5,160,198
5,161,182
5,162,148
5,163,154
5,164,146
5,165,155
5,166,155
5,167,159
5,168,150
5,169,162
5,170,172
5,171,186
5,172,156
5,173,170
5,174,187
5,175,159
5,176,154
5,177,173
5,178,196
5,179,1847
5,180,163
5,181,191
5,182,165
5,183,210
5,184,176
5,185,199
5,186,148
5,187,175
5,188,191
5,189,188
5,190,149
5,191,210
5,192,163
5,193,186
5,194,150
5,195,186
5,196,158
5,197,213
5,198,192
5,199,184
5,200,168
5,201,201
5,202,177
5,203,200
5,204,163
5,205,206
5,206,171
5,207,211
5,208,172
5,209,221
5,210,1504
5,211,255
5,212,176
5,213,329
5,214,200
5,215,353
5,216,175
5,217,246
5,218,190
5,219,272
5,220,200
5,221,720
5,222,201
5,223,276
5,224,210
5,225,303
5,226,215
5,227,307
5,228,218
5,229,308
5,230,239
5,231,304
5,232,245
5,233,336
5,234,259
5,235,3478
5,236,278
5,237,364
5,238,352
5,239,383
5,240,325
5,241,394
5,242,360
5,243,424
5,244,365
5,245,623
5,246,450
5,247,459
5,248,411
5,249,496
5,250,431
5,251,507
5,252,468
5,253,512
5,254,528
5,255,498
5,256,417
6,1,282
6,2,322
6,3,299
6,4,323
6,5,300
6,6,326
6,7,330
6,8,570
6,9,318
6,10,360
6,11,319
6,12,346
6,13,382
6,14,358
6,15,339
6,16,363
6,17,322
6,18,354
6,19,318
6,20,351
6,21,308
6,22,364
6,23,2438
6,24,356
6,25,332
6,26,357
6,27,355
6,28,806
6,29,339
6,30,461
6,31,358
6,32,385
6,33,357
6,34,405
6,35,375
6,36,405
6,37,410
6,38,526
6,39,402
6,40,429
6,41,392
6,42,435
6,43,407
6,44,413
6,45,333
6,46,339
6,47,281
6,48,249
6,49,267
6,50,230
6,51,316
6,52,329
6,53,239
6,54,268
6,55,272
6,56,264
6,57,238
6,58,259
6,59,386
6,60,259
6,61,271
6,62,257
6,63,232
6,64,308
6,65,233
6,66,246
6,67,249
6,68,277
6,69,237
6,70,248
6,71,410
6,72,238
6,73,346
6,74,242
6,75,251
6,76,261
6,77,256
6,78,246
6,79,234
6,80,258
6,81,229
6,82,222
6,83,232
6,84,225
6,85,212
6,86,224
6,87,222
6,88,278
6,89,217
6,90,231
6,91,229
6,92,268
6,93,217
6,94,217
6,95,231
6,96,213
6,97,232
6,98,216
6,99,231
6,100,219
6,101,218
6,102,210
6,103,279
6,104,213
6,105,209
6,106,199
6,107,209
6,108,213
6,109,210
6,110,202
6,111,210
6,112,206
6,113,195
6,114,208
6,115,197
6,116,205
6,117,196
6,118,204
6,119,223
6,120,199
6,121,189
6,122,206
6,123,180
6,124,220
6,125,176
6,126,198
6,127,187
6,128,191
6,129,162
6,130,188
6,131,162
6,132,172
6,133,156
6,134,137
6,135,161
6,136,117
6,137,142
6,138,136
6,139,157
6,140,133
6,141,138
6,142,124
6,143,1537
6,144,423
6,145,159
6,146,125
6,147,144
6,148,209
6,149,147
6,150,140
6,151,145
6,152,139
6,153,145
6,154,132
6,155,184
6,156,146
6,157,186
6,158,160
6,159,165
6,160,198
6,161,182
6,162,148
6,163,154
6,164,146
6,165,155
6,166,155
6,167,159
6,168,150
6,169,162
6,170,172
6,171,186
6,172,156
6,173,170
6,174,187
6,175,159
6,176,154
6,177,173
6,178,196
6,179,1847
6,180,163
6,181,191
6,182,165
6,183,210
6,184,176
6,185,199
6,186,148
6,187,175
6,188,191
6,189,188
6,190,149
6,191,210
6,192,163
6,193,186
6,194,150
6,195,186
6,196,158
6,197,213
6,198,192
6,199,184
6,200,168
6,201,201
6,202,177
6,203,200
6,204,163
6,205,206
6,206,171
6,207,211
6,208,172
6,209,221
6,210,1504
6,211,255
6,212,176
6,213,329
6,214,200
6,215,353
6,216,175
6,217,246
6,218,190
6,219,272
6,220,200
6,221,720
6,222,201
6,223,276
6,224,210
6,225,303
6,226,215
6,227,307
6,228,218
6,229,308
6,230,239
6,231,304
6,232,245
6,233,336
6,234,259
6,235,3478
6,236,278
6,237,364
6,238,352
6,239,383
6,240,325
6,241,394
6,242,360
6,243,424
6,244,365
6,245,623
6,246,450
6,247,459
6,248,411
6,249,496
6,250,431
6,251,507
6,252,468
6,253,512
6,254,528
6,255,498
6,256,417
7,1,280
7,2,320
7,3,298
7,4,326
7,5,299
7,6,324
7,7,329
7,8,561
7,9,318
7,10,362
7,11,318
7,12,347
7,13,381
7,14,358
7,15,339
7,16,365
7,17,321
7,18,354
7,19,318
7,20,350
7,21,309
7,22,363
7,23,2435
7,24,357
7,25,330
7,26,358
7,27,352
7,28,807
7,29,337
7,30,443
7,31,357
7,32,385
7,33,357
7,34,406
7,35,374
7,36,406
7,37,409
7,38,528
7,39,401
7,40,429
7,41,393
7,42,433
7,43,406
7,44,414
7,45,332
7,46,340
7,47,278
7,48,250
7,49,270
7,50,230
7,51,317
7,52,328
7,53,239
7,54,269
7,55,273
7,56,264
7,57,238
7,58,260
7,59,383
7,60,260
7,61,270
7,62,259
7,63,233
7,64,305
7,65,233
7,66,245
7,67,247
7,68,277
7,69,239
7,70,248
7,71,410
7,72,239
7,73,341
7,74,244
7,75,249
7,76,261
7,77,256
7,78,247
7,79,235
7,80,258
7,81,230
7,82,223
7,83,232
7,84,225
7,85,213
7,86,223
7,87,222
7,88,278
7,89,217
7,90,230
7,91,228
7,92,268
7,93,216
7,94,218
7,95,231
7,96,213
7,97,228
7,98,215
7,99,232
7,100,219
7,101,214
7,102,210
7,103,284
7,104,214
7,105,209
7,106,199
7,107,208
7,108,213
7,109,209
7,110,201
7,111,208
7,112,206
7,113,193
7,114,209
7,115,198
7,116,204
7,117,195
7,118,205
7,119,222
7,120,201
7,121,188
7,122,207
7,123,179
7,124,221
7,125,176
7,126,198
7,127,187
7,128,191
7,129,161
7,130,189
7,131,162
7,132,174
7,133,155
7,134,137
7,135,160
7,136,115
7,137,142
7,138,137
7,139,157
7,140,133
7,141,139
7,142,125
7,143,1536
7,144,422
7,145,160
7,146,125
7,147,144
7,148,208
7,149,147
7,150,141
7,151,145
7,152,139
7,153,145
7,154,133
7,155,184
7,156,147
7,157,186
7,158,161
7,159,166
7,160,200
7,161,182
7,162,149
7,163,155
7,164,149
7,165,156
7,166,155
7,167,158
7,168,150
7,169,162
7,170,172
7,171,186
7,172,157
7,173,170
7,174,190
7,175,159
7,176,155
7,177,172
7,178,193
7,179,1846
7,180,164
7,181,191
7,182,165
7,183,208
7,184,175
7,185,199
7,186,149
7,187,173
7,188,191
7,189,187
7,190,150
7,191,210
7,192,165
7,193,186
7,194,151
7,195,185
7,196,159
7,197,213
7,198,191
7,199,184
7,200,170
7,201,202
7,202,178
7,203,198
7,204,164
7,205,207
7,206,173
7,207,211
7,208,172
7,209,220
7,210,1519
7,211,256
7,212,175
7,213,329
7,214,201
7,215,354
7,216,175
7,217,245
7,218,190
7,219,272
7,220,201
7,221,715
7,222,202
7,223,278
7,224,211
7,225,304
7,226,214
7,227,308
7,228,217
7,229,309
7,230,239
7,231,304
7,232,243
7,233,335
7,234,259
7,235,3463
7,236,279
7,237,361
7,238,352
7,239,382
7,240,327
7,241,394
7,242,360
7,243,421
7,244,366
7,245,624
7,246,454
7,247,459
7,248,411
7,249,495
7,250,431
7,251,505
7,252,467
7,253,509
7,254,536
7,255,496
7,256,418
8,1,280
8,2,320
8,3,298
8,4,326
8,5,299
8,6,324
8,7,329
8,8,561
8,9,318
8,10,362
8,11,318
8,12,347
8,13,381
8,14,358
8,15,339
8,16,365
8,17,321
8,18,354
8,19,318
8,20,350
8,21,309
8,22,363
8,23,2435
8,24,357
8,25,330
8,26,358
8,27,352
8,28,807
8,29,337
8,30,443
8,31,357
8,32,385
8,33,357
8,34,406
8,35,374
8,36,406
8,37,409
8,38,528
8,39,401
8,40,429
8,41,393
8,42,433
8,43,406
8,44,414
8,45,332
8,46,340
8,47,278
8,48,250
8,49,270
8,50,230
8,51,317
8,52,328
8,53,239
8,54,269
8,55,273
8,56,264
8,57,238
8,58,260
8,59,383
8,60,260
8,61,270
8,62,259
8,63,233
8,64,305
8,65,233
8,66,245
8,67,247
8,68,277
8,69,239
8,70,248
8,71,410
8,72,239
8,73,341
8,74,244
8,75,249
8,76,261
8,77,256
8,78,247
8,79,235
8,80,258
8,81,230
8,82,223
8,83,232
8,84,225
8,85,213
8,86,223
8,87,222
8,88,278
8,89,217
8,90,230
8,91,228
8,92,268
8,93,216
8,94,218
8,95,231
8,96,213
8,97,228
8,98,215
8,99,232
8,100,219
8,101,214
8,102,210
8,103,284
8,104,214
8,105,209
8,106,199
8,107,208
8,108,213
8,109,209
8,110,201
8,111,208
8,112,206
8,113,193
8,114,209
8,115,198
8,116,204
8,117,195
8,118,205
8,119,222
8,120,201
8,121,188
8,122,207
8,123,179
8,124,221
8,125,176
8,126,198
8,127,187
8,128,191
8,129,161
8,130,189
8,131,162
8,132,174
8,133,155
8,134,137
8,135,160
8,136,115
8,137,142
8,138,137
8,139,157
8,140,133
8,141,139
8,142,125
8,143,1536
8,144,422
8,145,160
8,146,125
8,147,144
8,148,208
8,149,147
8,150,141
8,151,145
8,152,139
8,153,145
8,154,133
8,155,184
8,156,147
8,157,186
8,158,161
8,159,166
8,160,200
8,161,182
8,162,149
8,163,155
8,164,149
8,165,156
8,166,155
8,167,158
8,168,150
8,169,162
8,170,172
8,171,186
8,172,157
8,173,170
8,174,190
8,175,159
8,176,155
8,177,172
8,178,193
8,179,1846
8,180,164
8,181,191
8,182,165
8,183,208
8,184,175
8,185,199
8,186,149
8,187,173
8,188,191
8,189,187
8,190,150
8,191,210
8,192,165
8,193,186
8,194,151
8,195,185
8,196,159
8,197,213
8,198,191
8,199,184
8,200,170
8,201,202
8,202,178
8,203,198
8,204,164
8,205,207
8,206,173
8,207,211
8,208,172
8,209,220
8,210,1519
8,211,256
8,212,175
8,213,329
8,214,201
8,215,354
8,216,175
8,217,245
8,218,190
8,219,272
8,220,201
8,221,715
8,222,202
8,223,278
8,224,211
8,225,304
8,226,214
8,227,308
8,228,217
8,229,309
8,230,239
8,231,304
8,232,243
8,233,335
8,234,259
8,235,3463
8,236,279
8,237,361
8,238,352
8,239,382
8,240,327
8,241,394
8,242,360
8,243,421
8,244,366
8,245,624
8,246,454
8,247,459
8,248,411
8,249,495
8,250,431
8,251,505
8,252,467
8,253,509
8,254,536
8,255,496
8,256,418
9,1,281
9,2,321
9,3,299
9,4,325
9,5,299
9,6,325
9,7,329
9,8,566
9,9,318
9,10,362
9,11,321
9,12,349
9,13,397
9,14,374
9,15,369
9,16,384
9,17,322
9,18,355
9,19,318
9,20,350
9,21,310
9,22,364
9,23,2399
9,24,357
9,25,330
9,26,357
9,27,353
9,28,807
9,29,339
9,30,453
9,31,357
9,32,385
9,33,357
9,34,405
9,35,374
9,36,405
9,37,410
9,38,528
9,39,403
9,40,431
9,41,393
9,42,434
9,43,407
9,44,414
9,45,333
9,46,339
9,47,280
9,48,252
9,49,269
9,50,231
9,51,315
9,52,326
9,53,240
9,54,270
9,55,270
9,56,264
9,57,238
9,58,261
9,59,386
9,60,259
9,61,269
9,62,257
9,63,234
9,64,308
9,65,233
9,66,246
9,67,250
9,68,277
9,69,236
9,70,248
9,71,412
9,72,238
9,73,348
9,74,243
9,75,249
9,76,274
9,77,256
9,78,246
9,79,237
9,80,259
9,81,228
9,82,221
9,83,231
9,84,225
9,85,212
9,86,224
9,87,221
9,88,279
9,89,217
9,90,231
9,91,228
9,92,264
9,93,215
9,94,217
9,95,229
9,96,219
9,97,241
9,98,243
9,99,241
9,100,219
9,101,214
9,102,209
9,103,279
9,104,214
9,105,207
9,106,199
9,107,210
9,108,213
9,109,209
9,110,202
9,111,208
9,112,206
9,113,194
9,114,208
9,115,195
9,116,205
9,117,196
9,118,206
9,119,223
9,120,202
9,121,189
9,122,205
9,123,181
9,124,221
9,125,176
9,126,198
9,127,188
9,128,192
9,129,161
9,130,189
9,131,162
9,132,172
9,133,155
9,134,138
9,135,161
9,136,117
9,137,142
9,138,137
9,139,157
9,140,133
9,141,138
9,142,122
9,143,1538
9,144,421
9,145,159
9,146,125
9,147,144
9,148,208
9,149,146
9,150,141
9,151,145
9,152,139
9,153,146
9,154,133
9,155,183
9,156,147
9,157,185
9,158,159
9,159,165
9,160,199
9,161,181
9,162,149
9,163,155
9,164,148
9,165,154
9,166,154
9,167,159
9,168,150
9,169,162
9,170,172
9,171,186
9,172,157
9,173,169
9,174,189
9,175,160
9,176,154
9,177,172
9,178,194
9,179,1841
9,180,165
9,181,190
9,182,164
9,183,209
9,184,175
9,185,199
9,186,149
9,187,173
9,188,192
9,189,188
9,190,151
9,191,210
9,192,164
9,193,187
9,194,151
9,195,186
9,196,159
9,197,214
9,198,192
9,199,184
9,200,168
9,201,201
9,202,177
9,203,200
9,204,164
9,205,207
9,206,173
9,207,212
9,208,172
9,209,219
9,210,1504
9,211,254
9,212,175
9,213,336
9,214,201
9,215,355
9,216,175
9,217,246
9,218,190
9,219,273
9,220,201
9,221,712
9,222,202
9,223,277
9,224,212
9,225,303
9,226,215
9,227,306
9,228,218
9,229,308
9,230,240
9,231,305
9,232,244
9,233,336
9,234,259
9,235,3464
9,236,278
9,237,361
9,238,353
9,239,382
9,240,326
9,241,395
9,242,362
9,243,422
9,244,366
9,245,623
9,246,453
9,247,460
9,248,412
9,249,495
9,250,431
9,251,505
9,252,467
9,253,510
9,254,539
9,255,498
9,256,418
10,1,281
10,2,321
10,3,299
10,4,325
10,5,299
10,6,325
10,7,329
10,8,566
10,9,318
10,10,362
10,11,321
10,12,349
10,13,397
10,14,374
10,15,369
10,16,384
10,17,322
10,18,355
10,19,318
10,20,350
10,21,310
10,22,364
10,23,2399
10,24,357
10,25,330
10,26,357
10,27,353
10,28,807
10,29,339
10,30,453
10,31,357
10,32,385
10,33,357
10,34,405
10,35,374
10,36,405
10,37,410
10,38,528
10,39,403
10,40,431
10,41,393
10,42,434
10,43,407
10,44,414
10,45,333
10,46,339
10,47,280
10,48,252
10,49,269
10,50,231
10,51,315
10,52,326
10,53,240
10,54,270
10,55,270
10,56,264
10,57,238
10,58,261
10,59,386
10,60,259
10,61,269
10,62,257
10,63,234
10,64,308
10,65,233
10,66,246
10,67,250
10,68,277
10,69,236
10,70,248
10,71,412
10,72,238
10,73,348
10,74,243
10,75,249
10,76,274
10,77,256
10,78,246
10,79,237
10,80,259
10,81,228
10,82,221
10,83,231
10,84,225
10,85,212
10,86,224
10,87,221
10,88,279
10,89,217
10,90,231
10,91,228
10,92,264
10,93,215
10,94,217
10,95,229
10,96,219
10,97,241
10,98,243
10,99,241
10,100,219
10,101,214
10,102,209
10,103,279
10,104,214
10,105,207
10,106,199
10,107,210
10,108,213
10,109,209
10,110,202
10,111,208
10,112,206
10,113,194
10,114,208
10,115,195
10,116,205
10,117,196
10,118,206
10,119,223
10,120,202
10,121,189
10,122,205
10,123,181
10,124,221
10,125,176
10,126,198
10,127,188
10,128,192
10,129,161
10,130,189
10,131,162
10,132,172
10,133,155
10,134,138
10,135,161
10,136,117
10,137,142
10,138,137
10,139,157
10,140,133
10,141,138
10,142,122
10,143,1538
10,144,421
10,145,159
10,146,125
10,147,144
10,148,208
10,149,146
10,150,141
10,151,145
10,152,139
10,153,146
10,154,133
10,155,183
10,156,147
10,157,185
10,158,159
10,159,165
10,160,199
10,161,181
10,162,149
10,163,155
10,164,148
10,165,154
10,166,154
10,167,159
10,168,150
10,169,162
10,170,172
10,171,186
10,172,157
10,173,169
10,174,189
10,175,160
10,176,154
10,177,172
10,178,194
10,179,1841
10,180,165
10,181,190
10,182,164
10,183,209
10,184,175
10,185,199
10,186,149
10,187,173
10,188,192
10,189,188
10,190,151
10,191,210
10,192,164
10,193,187
10,194,151
10,195,186
10,196,159
10,197,214
10,198,192
10,199,184
10,200,168
10,201,201
10,202,177
10,203,200
10,204,164
10,205,207
10,206,173
10,207,212
10,208,172
10,209,219
10,210,1504
10,211,254
10,212,175
10,213,336
10,214,201
10,215,355
10,216,175
10,217,246
10,218,190
10,219,273
10,220,201
10,221,712
10,222,202
10,223,277
10,224,212
10,225,303
10,226,215
10,227,306
10,228,218
10,229,308
10,230,240
10,231,305
10,232,244
10,233,336
10,234,259
10,235,3464
10,236,278
10,237,361
10,238,353
10,239,382
10,240,326
10,241,395
10,242,362
10,243,422
10,244,366
10,245,623
10,246,453
10,247,460
10,248,412
10,249,495
10,250,431
10,251,505
10,252,467
10,253,510
10,254,539
10,255,498
10,256,418
11,1,281
11,2,321
11,3,299
11,4,326
11,5,299
11,6,323
11,7,330
11,8,562
11,9,319
11,10,359
11,11,318
11,12,346
11,13,381
11,14,358
11,15,339
11,16,363
11,17,321
11,18,355
11,19,319
11,20,350
11,21,308
11,22,363
11,23,2389
11,24,357
11,25,331
11,26,357
11,27,356
11,28,806
11,29,339
11,30,458
11,31,358
11,32,386
11,33,357
11,34,405
11,35,374
11,36,405
11,37,408
11,38,527
11,39,404
11,40,430
11,41,393
11,42,435
11,43,407
11,44,413
11,45,333
11,46,341
11,47,280
11,48,250
11,49,269
11,50,230
11,51,315
11,52,323
11,53,239
11,54,269
11,55,271
11,56,265
11,57,239
11,58,261
11,59,386
11,60,258
11,61,270
11,62,257
11,63,233
11,64,306
11,65,233
11,66,245
11,67,250
11,68,275
11,69,235
11,70,247
11,71,411
11,72,238
11,73,341
11,74,243
11,75,250
11,76,274
11,77,255
11,78,246
11,79,234
11,80,258
11,81,229
11,82,221
11,83,231
11,84,225
11,85,213
11,86,223
11,87,222
11,88,278
11,89,216
11,90,229
11,91,227
11,92,268
11,93,215
11,94,218
11,95,231
11,96,212
11,97,229
11,98,217
11,99,233
11,100,221
11,101,214
11,102,210
11,103,278
11,104,213
11,105,209
11,106,200
11,107,209
11,108,212
11,109,209
11,110,201
11,111,207
11,112,205
11,113,193
11,114,207
11,115,196
11,116,204
11,117,194
11,118,206
11,119,222
11,120,200
11,121,189
11,122,205
11,123,181
11,124,221
11,125,176
11,126,197
11,127,187
11,128,190
11,129,162
11,130,189
11,131,161
11,132,169
11,133,156
11,134,137
11,135,161
11,136,115
11,137,142
11,138,136
11,139,157
11,140,132
11,141,138
11,142,123
11,143,1536
11,144,422
11,145,160
11,146,124
11,147,143
11,148,211
11,149,146
11,150,140
11,151,145
11,152,139
11,153,146
11,154,132
11,155,184
11,156,147
11,157,185
11,158,159
11,159,163
11,160,198
11,161,182
11,162,148
11,163,154
11,164,148
11,165,156
11,166,153
11,167,159
11,168,151
11,169,162
11,170,172
11,171,186
11,172,158
11,173,170
11,174,186
11,175,159
11,176,155
11,177,172
11,178,192
11,179,1842
11,180,163
11,181,194
11,182,165
11,183,210
11,184,177
11,185,199
11,186,148
11,187,173
11,188,192
11,189,187
11,190,150
11,191,211
11,192,163
11,193,185
11,194,150
11,195,185
11,196,158
11,197,212
11,198,190
11,199,185
11,200,168
11,201,201
11,202,178
11,203,199
11,204,163
11,205,207
11,206,173
11,207,212
11,208,172
11,209,226
11,210,1502
11,211,256
11,212,175
11,213,331
11,214,200
11,215,351
11,216,173
11,217,246
11,218,190
11,219,273
11,220,201
11,221,713
11,222,201
11,223,276
11,224,211
11,225,303
11,226,214
11,227,307
11,228,217
11,229,309
11,230,241
11,231,305
11,232,244
11,233,335
11,234,259
11,235,3467
11,236,277
11,237,361
11,238,353
11,239,383
11,240,326
11,241,395
11,242,358
11,243,421
11,244,364
11,245,625
11,246,448
11,247,459
11,248,412
11,249,500
11,250,430
11,251,504
11,252,466
11,253,509
11,254,539
11,255,499
11,256,416
12,1,281
12,2,321
12,3,299
12,4,326
12,5,299
12,6,323
12,7,330
12,8,562
12,9,319
12,10,359
12,11,318
12,12,346
12,13,381
12,14,358
12,15,339
12,16,363
12,17,321
12,18,355
12,19,319
12,20,350
12,21,308
12,22,363
12,23,2389
12,24,357
12,25,331
12,26,357
12,27,356
12,28,806
12,29,339
12,30,458
12,31,358
12,32,386
12,33,357
12,34,405
12,35,374
12,36,405
12,37,408
12,38,527
12,39,404
12,40,430
12,41,393
12,42,435
12,43,407
12,44,413
12,45,333
12,46,341
12,47,280
12,48,250
12,49,269
12,50,230
12,51,315
12,52,323
12,53,239
12,54,269
12,55,271
12,56,265
12,57,239
12,58,261
12,59,386
12,60,258
12,61,270
12,62,257
12,63,233
12,64,306
12,65,233
12,66,245
12,67,250
12,68,275
12,69,235
12,70,247
12,71,411
12,72,238
12,73,341
12,74,243
12,75,250
12,76,274
12,77,255
12,78,246
12,79,234
12,80,258
12,81,229
12,82,221
12,83,231
12,84,225
12,85,213
12,86,223
12,87,222
12,88,278
12,89,216
12,90,229
12,91,227
12,92,268
12,93,215
12,94,218
12,95,231
12,96,212
12,97,229
12,98,217
12,99,233
12,100,221
12,101,214
12,102,210
12,103,278
12,104,213
12,105,209
12,106,200
12,107,209
12,108,212
12,109,209
12,110,201
12,111,207
12,112,205
12,113,193
12,114,207
12,115,196
12,116,204
12,117,194
12,118,206
12,119,222
12,120,200
12,121,189
12,122,205
12,123,181
12,124,221
12,125,176
12,126,197
12,127,187
12,128,190
12,129,162
12,130,189
12,131,161
12,132,169
12,133,156
12,134,137
12,135,161
12,136,115
12,137,142
12,138,136
12,139,157
12,140,132
12,141,138
12,142,123
12,143,1536
12,144,422
12,145,160
12,146,124
12,147,143
12,148,211
12,149,146
12,150,140
12,151,145
12,152,139
12,153,146
12,154,132
12,155,184
12,156,147
12,157,185
12,158,159
12,159,163
12,160,198
12,161,182
12,162,148
12,163,154
12,164,148
12,165,156
12,166,153
12,167,159
12,168,151
12,169,162
12,170,172
12,171,186
12,172,158
12,173,170
12,174,186
12,175,159
12,176,155
12,177,172
12,178,192
12,179,1842
12,180,163
12,181,194
12,182,165
12,183,210
12,184,177
12,185,199
12,186,148
12,187,173
12,188,192
12,189,187
12,190,150
12,191,211
12,192,163
12,193,185
12,194,150
12,195,185
12,196,158
12,197,212
12,198,190
12,199,185
12,200,168
12,201,201
12,202,178
12,203,199
12,204,163
12,205,207
12,206,173
12,207,212
12,208,172
12,209,226
12,210,1502
12,211,256
12,212,175
12,213,331
12,214,200
12,215,351
12,216,173
12,217,246
12,218,190
12,219,273
12,220,201
12,221,713
12,222,201
12,223,276
12,224,211
12,225,303
12,226,214
12,227,307
12,228,217
12,229,309
12,230,241
12,231,305
12,232,244
12,233,335
12,234,259
12,235,3467
12,236,277
12,237,361
12,238,353
12,239,383
12,240,326
12,241,395
12,242,358
12,243,421
12,244,364
12,245,625
12,246,448
12,247,459
12,248,412
12,249,500
12,250,430
12,251,504
12,252,466
12,253,509
12,254,539
12,255,499
12,256,416
13,1,282
13,2,322
13,3,300
13,4,325
13,5,300
13,6,325
13,7,330
13,8,560
13,9,319
13,10,360
13,11,318
13,12,346
13,13,382
13,14,359
13,15,340
13,16,365
13,17,321
13,18,355
13,19,319
13,20,350
13,21,308
13,22,362
13,23,2388
13,24,356
13,25,332
13,26,359
13,27,350
13,28,807
13,29,339
13,30,454
13,31,359
13,32,386
13,33,357
13,34,406
13,35,374
13,36,404
13,37,410
13,38,526
13,39,403
13,40,431
13,41,394
13,42,435
13,43,407
13,44,415
13,45,333
13,46,339
13,47,280
13,48,250
13,49,276
13,50,230
13,51,317
13,52,325
13,53,240
13,54,269
13,55,271
13,56,263
13,57,239
13,58,260
13,59,385
13,60,259
13,61,269
13,62,258
13,63,234
13,64,306
13,65,233
13,66,245
13,67,248
13,68,277
13,69,236
13,70,246
13,71,409
13,72,239
13,73,341
13,74,243
13,75,250
13,76,274
13,77,255
13,78,245
13,79,235
13,80,258
13,81,230
13,82,222
13,83,232
13,84,226
13,85,212
13,86,222
13,87,222
13,88,279
13,89,216
13,90,230
13,91,229
13,92,266
13,93,216
13,94,217
13,95,232
13,96,213
13,97,229
13,98,215
13,99,232
13,100,220
13,101,215
13,102,210
13,103,280
13,104,214
13,105,210
13,106,199
13,107,208
13,108,212
13,109,208
13,110,202
13,111,209
13,112,205
13,113,194
13,114,208
13,115,197
13,116,204
13,117,194
13,118,204
13,119,224
13,120,201
13,121,189
13,122,205
13,123,180
13,124,220
13,125,177
13,126,199
13,127,188
13,128,191
13,129,162
13,130,189
13,131,162
13,132,172
13,133,155
13,134,138
13,135,161
13,136,116
13,137,141
13,138,137
13,139,158
13,140,133
13,141,138
13,142,123
13,143,1536
13,144,422
13,145,160
13,146,125
13,147,143
13,148,209
13,149,147
13,150,141
13,151,145
13,152,140
13,153,145
13,154,133
13,155,184
13,156,147
13,157,186
13,158,161
13,159,165
13,160,201
13,161,182
13,162,150
13,163,155
13,164,149
13,165,154
13,166,156
13,167,158
13,168,151
13,169,163
13,170,172
13,171,186
13,172,157
13,173,168
13,174,190
13,175,159
13,176,155
13,177,173
13,178,191
13,179,1841
13,180,164
13,181,196
13,182,165
13,183,210
13,184,175
13,185,199
13,186,148
13,187,174
13,188,192
13,189,188
13,190,149
13,191,210
13,192,165
13,193,187
13,194,151
13,195,185
13,196,157
13,197,213
13,198,191
13,199,184
13,200,169
13,201,201
13,202,177
13,203,200
13,204,163
13,205,206
13,206,172
13,207,212
13,208,172
13,209,220
13,210,1507
13,211,255
13,212,175
13,213,332
13,214,199
13,215,355
13,216,175
13,217,244
13,218,191
13,219,272
13,220,202
13,221,711
13,222,201
13,223,276
13,224,213
13,225,302
13,226,215
13,227,306
13,228,218
13,229,309
13,230,239
13,231,303
13,232,244
13,233,336
13,234,259
13,235,3461
13,236,279
13,237,362
13,238,354
13,239,384
13,240,326
13,241,395
13,242,359
13,243,423
13,244,366
13,245,623
13,246,447
13,247,461
13,248,411
13,249,495
13,250,431
13,251,505
13,252,466
13,253,509
13,254,537
13,255,498
13,256,418
14,1,282
14,2,322
14,3,300
14,4,325
14,5,300
14,6,325
14,7,330
14,8,560
14,9,319
14,10,360
14,11,318
14,12,346
14,13,382
14,14,359
14,15,340
14,16,365
14,17,321
14,18,355
14,19,319
14,20,350
14,21,308
14,22,362
14,23,2388
14,24,356
14,25,332
14,26,359
14,27,350
14,28,807
14,29,339
14,30,454
14,31,359
14,32,386
14,33,357
14,34,406
14,35,374
14,36,404
14,37,410
14,38,526
14,39,403
14,40,431
14,41,394
14,42,435
14,43,407
14,44,415
14,45,333
14,46,339
14,47,280
14,48,250
14,49,276
14,50,230
14,51,317
14,52,325
14,53,240
14,54,269
14,55,271
14,56,263
14,57,239
14,58,260
14,59,385
14,60,259
14,61,269
14,62,258
14,63,234
14,64,306
14,65,233
14,66,245
14,67,248
14,68,277
14,69,236
14,70,246
14,71,409
14,72,239
14,73,341
14,74,243
14,75,250
14,76,274
14,77,255
14,78,245
14,79,235
14,80,258
14,81,230
14,82,222
14,83,232
14,84,226
14,85,212
14,86,222
14,87,222
14,88,279
14,89,216
14,90,230
14,91,229
14,92,266
14,93,216
14,94,217
14,95,232
14,96,213
14,97,229
14,98,215
14,99,232
14,100,220
14,101,215
14,102,210
14,103,280
14,104,214
14,105,210
14,106,199
14,107,208
14,108,212
14,109,208
14,110,202
14,111,209
14,112,205
14,113,194
14,114,208
14,115,197
14,116,204
14,117,194
14,118,204
14,119,224
14,120,201
14,121,189
14,122,205
14,123,180
14,124,220
14,125,177
14,126,199
14,127,188
14,128,191
14,129,162
14,130,189
14,131,162
14,132,172
14,133,155
14,134,138
14,135,161
14,136,116
14,137,141
14,138,137
14,139,158
14,140,133
14,141,138
14,142,123
14,143,1536
14,144,422
14,145,160
14,146,125
14,147,143
14,148,209
14,149,147
14,150,141
14,151,145
14,152,140
14,153,145
14,154,133
14,155,184
14,156,147
14,157,186
14,158,161
14,159,165
14,160,201
14,161,182
14,162,150
14,163,155
14,164,149
14,165,154
14,166,156
14,167,158
14,168,151
14,169,163
14,170,172
14,171,186
14,172,157
14,173,168
14,174,190
14,175,159
14,176,155
14,177,173
14,178,191
14,179,1841
14,180,164
14,181,196
14,182,165
14,183,210
14,184,175
14,185,199
14,186,148
14,187,174
14,188,192
14,189,188
14,190,149
14,191,210
14,192,165
14,193,187
14,194,151
14,195,185
14,196,157
14,197,213
14,198,191
14,199,184
14,200,169
14,201,201
14,202,177
14,203,200
14,204,163
14,205,206
14,206,172
14,207,212
14,208,172
14,209,220
14,210,1507
14,211,255
14,212,175
14,213,332
14,214,199
14,215,355
14,216,175
14,217,244
14,218,191
14,219,272
14,220,202
14,221,711
14,222,201
14,223,276
14,224,213
14,225,302
14,226,215
14,227,306
14,228,218
14,229,309
14,230,239
14,231,303
14,232,244
14,233,336
14,234,259
14,235,3461
14,236,279
14,237,362
14,238,354
14,239,384
14,240,326
14,241,395
14,242,359
14,243,423
14,244,366
14,245,623
14,246,447
14,247,461
14,248,411
14,249,495
14,250,431
14,251,505
14,252,466
14,253,509
14,254,537
14,255,498
14,256,418
15,1,279
15,2,321
15,3,299
15,4,325
15,5,298
15,6,324
15,7,329
15,8,557
15,9,320
15,10,361
15,11,318
15,12,348
15,13,382
15,14,359
15,15,338
15,16,364
15,17,322
15,18,354
15,19,317
15,20,351
15,21,308
15,22,362
15,23,2393
15,24,357
15,25,332
15,26,357
15,27,355
15,28,805
15,29,338
15,30,460
15,31,359
15,32,386
15,33,357
15,34,404
15,35,374
15,36,406
15,37,410
15,38,528
15,39,401
15,40,431
15,41,393
15,42,436
15,43,407
15,44,413
15,45,332
15,46,338
15,47,279
15,48,250
15,49,269
15,50,230
15,51,315
15,52,323
15,53,240
15,54,270
15,55,272
15,56,264
15,57,237
15,58,260
15,59,382
15,60,258
15,61,270
15,62,256
15,63,233
15,64,305
15,65,233
15,66,246
15,67,249
15,68,277
15,69,234
15,70,248
15,71,410
15,72,239
15,73,339
15,74,243
15,75,248
15,76,261
15,77,256
15,78,247
15,79,234
15,80,258
15,81,229
15,82,221
15,83,232
15,84,225
15,85,212
15,86,223
15,87,222
15,88,279
15,89,215
15,90,230
15,91,228
15,92,270
15,93,215
15,94,217
15,95,231
15,96,213
15,97,229
15,98,216
15,99,233
15,100,220
15,101,214
15,102,210
15,103,277
15,104,215
15,105,209
15,106,199
15,107,209
15,108,212
15,109,208
15,110,203
15,111,208
15,112,205
15,113,193
15,114,207
15,115,197
15,116,203
15,117,195
15,118,205
15,119,222
15,120,201
15,121,189
15,122,206
15,123,179
15,124,219
15,125,176
15,126,198
15,127,187
15,128,192
15,129,162
15,130,189
15,131,160
15,132,172
15,133,156
15,134,137
15,135,160
15,136,115
15,137,142
15,138,136
15,139,158
15,140,134
15,141,138
15,142,124
15,143,1537
15,144,421
15,145,159
15,146,124
15,147,143
15,148,209
15,149,146
15,150,141
15,151,144
15,152,139
15,153,146
15,154,132
15,155,183
15,156,146
15,157,186
15,158,159
15,159,164
15,160,200
15,161,181
15,162,149
15,163,154
15,164,147
15,165,155
15,166,155
15,167,159
15,168,151
15,169,162
15,170,172
15,171,185
15,172,157
15,173,170
15,174,190
15,175,159
15,176,155
15,177,173
15,178,192
15,179,1842
15,180,164
15,181,195
15,182,165
15,183,210
15,184,175
15,185,199
15,186,148
15,187,173
15,188,193
15,189,188
15,190,149
15,191,209
15,192,164
15,193,186
15,194,151
15,195,185
15,196,159
15,197,211
15,198,190
15,199,183
15,200,168
15,201,200
15,202,177
15,203,199
15,204,163
15,205,206
15,206,173
15,207,212
15,208,172
15,209,219
15,210,1505
15,211,256
15,212,174
15,213,335
15,214,199
15,215,348
15,216,175
15,217,245
15,218,190
15,219,272
15,220,201
15,221,705
15,222,201
15,223,277
15,224,212
15,225,300
15,226,215
15,227,307
15,228,217
15,229,308
15,230,239
15,231,305
15,232,243
15,233,337
15,234,260
15,235,3474
15,236,278
15,237,362
15,238,354
15,239,382
15,240,326
15,241,394
15,242,362
15,243,421
15,244,365
15,245,620
15,246,458
15,247,459
15,248,411
15,249,500
15,250,430
15,251,505
15,252,467
15,253,510
15,254,528
15,255,497
15,256,417
16,1,279
16,2,321
16,3,299
16,4,325
16,5,298
16,6,324
16,7,329
16,8,557
16,9,320
16,10,361
16,11,318
16,12,348
16,13,382
16,14,359
16,15,338
16,16,364
16,17,322
16,18,354
16,19,317
16,20,351
16,21,308
16,22,362
16,23,2393
16,24,357
16,25,332
16,26,357
16,27,355
16,28,805
16,29,338
16,30,460
16,31,359
16,32,386
16,33,357
16,34,404
16,35,374
16,36,406
16,37,410
16,38,528
16,39,401
16,40,431
16,41,393
16,42,436
16,43,407
16,44,413
16,45,332
16,46,338
16,47,279
16,48,250
16,49,269
16,50,230
16,51,315
16,52,323
16,53,240
16,54,270
16,55,272
16,56,264
16,57,237
16,58,260
16,59,382
16,60,258
16,61,270
16,62,256
16,63,233
16,64,305
16,65,233
16,66,246
16,67,249
16,68,277
16,69,234
16,70,248
16,71,410
16,72,239
16,73,339
16,74,243
16,75,248
16,76,261
16,77,256
16,78,247
16,79,234
16,80,258
16,81,229
16,82,221
16,83,232
16,84,225
16,85,212
16,86,223
16,87,222
16,88,279
16,89,215
16,90,230
16,91,228
16,92,270
16,93,215
16,94,217
16,95,231
16,96,213
16,97,229
16,98,216
16,99,233
16,100,220
16,101,214
16,102,210
16,103,277
16,104,215
16,105,209
16,106,199
16,107,209
16,108,212
16,109,208
16,110,203
16,111,208
16,112,205
16,113,193
16,114,207
16,115,197
16,116,203
16,117,195
16,118,205
16,119,222
16,120,201
16,121,189
16,122,206
16,123,179
16,124,219
16,125,176
16,126,198
16,127,187
16,128,192
16,129,162
16,130,189
16,131,160
16,132,172
16,133,156
16,134,137
16,135,160
16,136,115
16,137,142
16,138,136
16,139,158
16,140,134
16,141,138
16,142,124
16,143,1537
16,144,421
16,145,159
16,146,124
16,147,143
16,148,209
16,149,146
16,150,141
16,151,144
16,152,139
16,153,146
16,154,132
16,155,183
16,156,146
16,157,186
16,158,159
16,159,164
16,160,200
16,161,181
16,162,149
16,163,154
16,164,147
16,165,155
16,166,155
16,167,159
16,168,151
16,169,162
16,170,172
16,171,185
16,172,157
16,173,170
16,174,190
16,175,159
16,176,155
16,177,173
16,178,192
16,179,1842
16,180,164
16,181,195
16,182,165
16,183,210
16,184,175
16,185,199
16,186,148
16,187,173
16,188,193
16,189,188
16,190,149
16,191,209
16,192,164
16,193,186
16,194,151
16,195,185
16,196,159
16,197,211
16,198,190
16,199,183
16,200,168
16,201,200
16,202,177
16,203,199
16,204,163
16,205,206
16,206,173
16,207,212
16,208,172
16,209,219
16,210,1505
16,211,256
16,212,174
16,213,335
16,214,199
16,215,348
16,216,175
16,217,245
16,218,190
16,219,272
16,220,201
16,221,705
16,222,201
16,223,277
16,224,212
16,225,300
16,226,215
16,227,307
16,228,217
16,229,308
16,230,239
16,231,305
16,232,243
16,233,337
16,234,260
16,235,3474
16,236,278
16,237,362
16,238,354
16,239,382
16,240,326
16,241,394
16,242,362
16,243,421
16,244,365
16,245,620
16,246,458
16,247,459
16,248,411
16,249,500
16,250,430
16,251,505
16,252,467
16,253,510
16,254,528
16,255,497
16,256,417
17,1,283
17,2,322
17,3,298
17,4,324
17,5,300
17,6,324
17,7,330
17,8,560
17,9,320
17,10,361
17,11,319
17,12,347
17,13,384
17,14,359
17,15,338
17,16,364
17,17,322
17,18,355
17,19,318
17,20,350
17,21,308
17,22,362
17,23,2388
17,24,358
17,25,331
17,26,358
17,27,351
17,28,806
17,29,340
17,30,465
17,31,358
17,32,387
17,33,356
17,34,406
17,35,374
17,36,405
17,37,411
17,38,529
17,39,403
17,40,434
17,41,397
17,42,437
17,43,406
17,44,414
17,45,333
17,46,340
17,47,279
17,48,251
17,49,267
17,50,231
17,51,314
17,52,327
17,53,240
17,54,270
17,55,272
17,56,264
17,57,238
17,58,260
17,59,384
17,60,258
17,61,269
17,62,257
17,63,234
17,64,304
17,65,233
17,66,245
17,67,250
17,68,277
17,69,236
17,70,249
17,71,410
17,72,238
17,73,337
17,74,241
17,75,249
17,76,274
17,77,255
17,78,248
17,79,235
17,80,259
17,81,228
17,82,223
17,83,230
17,84,225
17,85,212
17,86,224
17,87,223
17,88,279
17,89,216
17,90,230
17,91,228
17,92,266
17,93,215
17,94,217
17,95,232
17,96,214
17,97,230
17,98,218
17,99,232
17,100,219
17,101,215
17,102,210
17,103,278
17,104,213
17,105,208
17,106,198
17,107,209
17,108,213
17,109,208
17,110,202
17,111,208
17,112,206
17,113,193
17,114,209
17,115,198
17,116,204
17,117,195
17,118,206
17,119,222
17,120,202
17,121,189
17,122,207
17,123,179
17,124,220
17,125,177
17,126,197
17,127,187
17,128,191
17,129,162
17,130,190
17,131,162
17,132,172
17,133,156
17,134,137
17,135,161
17,136,117
17,137,141
17,138,137
17,139,157
17,140,133
17,141,140
17,142,122
17,143,1536
17,144,423
17,145,159
17,146,125
17,147,143
17,148,210
17,149,145
17,150,141
17,151,145
17,152,140
17,153,145
17,154,133
17,155,183
17,156,147
17,157,188
17,158,161
17,159,165
17,160,198
17,161,181
17,162,149
17,163,155
17,164,148
17,165,155
17,166,154
17,167,158
17,168,150
17,169,162
17,170,172
17,171,185
17,172,157
17,173,168
17,174,190
17,175,160
17,176,154
17,177,174
17,178,192
17,179,1846
17,180,164
17,181,191
17,182,165
17,183,211
17,184,177
17,185,200
17,186,148
17,187,173
17,188,192
17,189,187
17,190,149
17,191,210
17,192,163
17,193,187
17,194,151
17,195,185
17,196,157
17,197,213
17,198,191
17,199,183
17,200,169
17,201,201
17,202,177
17,203,199
17,204,164
17,205,207
17,206,174
17,207,212
17,208,172
17,209,220
17,210,1506
17,211,254
17,212,175
17,213,339
17,214,201
17,215,348
17,216,176
17,217,244
17,218,190
17,219,271
17,220,200
17,221,708
17,222,202
17,223,275
17,224,212
17,225,299
17,226,216
17,227,306
17,228,218
17,229,309
17,230,239
17,231,305
17,232,244
17,233,337
17,234,259
17,235,3465
17,236,278
17,237,362
17,238,352
17,239,382
17,240,326
17,241,395
17,242,361
17,243,421
17,244,364
17,245,621
17,246,449
17,247,459
17,248,411
17,249,498
17,250,431
17,251,504
17,252,467
17,253,510
17,254,532
17,255,498
17,256,416
18,1,283
18,2,322
18,3,298
18,4,324
18,5,300
18,6,324
18,7,330
18,8,560
18,9,320
18,10,361
18,11,319
18,12,347
18,13,384
18,14,359
18,15,338
18,16,364
18,17,322
18,18,355
18,19,318
18,20,350
18,21,308
18,22,362
18,23,2388
18,24,358
18,25,331
18,26,358
18,27,351
18,28,806
18,29,340
18,30,465
18,31,358
18,32,387
18,33,356
18,34,406
18,35,374
18,36,405
18,37,411
18,38,529
18,39,403
18,40,434
18,41,397
18,42,437
18,43,406
18,44,414
18,45,333
18,46,340
18,47,279
18,48,251
18,49,267
18,50,231
18,51,314
18,52,327
18,53,240
18,54,270
18,55,272
18,56,264
18,57,238
18,58,260
18,59,384
18,60,258
18,61,269
18,62,257
18,63,234
18,64,304
18,65,233
18,66,245
18,67,250
18,68,277
18,69,236
18,70,249
18,71,410
18,72,238
18,73,337
18,74,241
18,75,249
18,76,274
18,77,255
18,78,248
18,79,235
18,80,259
18,81,228
18,82,223
18,83,230
18,84,225
18,85,212
18,86,224
18,87,223
18,88,279
18,89,216
18,90,230
18,91,228
18,92,266
18,93,215
18,94,217
18,95,232
18,96,214
18,97,230
18,98,218
18,99,232
18,100,219
18,101,215
18,102,210
18,103,278
18,104,213
18,105,208
18,106,198
18,107,209
18,108,213
18,109,208
18,110,202
18,111,208
18,112,206
18,113,193
18,114,209
18,115,198
18,116,204
18,117,195
18,118,206
18,119,222
18,120,202
18,121,189
18,122,207
18,123,179
18,124,220
18,125,177
18,126,197
18,127,187
18,128,191
18,129,162
18,130,190
18,131,162
18,132,172
18,133,156
18,134,137
18,135,161
18,136,117
18,137,141
18,138,137
18,139,157
18,140,133
18,141,140
18,142,122
18,143,1536
18,144,423
18,145,159
18,146,125
18,147,143
18,148,210
18,149,145
18,150,141
18,151,145
18,152,140
18,153,145
18,154,133
18,155,183
18,156,147
18,157,188
18,158,161
18,159,165
18,160,198
18,161,181
18,162,149
18,163,155
18,164,148
18,165,155
18,166,154
18,167,158
18,168,150
18,169,162
18,170,172
18,171,185
18,172,157
18,173,168
18,174,190
18,175,160
18,176,154
18,177,174
18,178,192
18,179,1846
18,180,164
18,181,191
18,182,165
18,183,211
18,184,177
18,185,200
18,186,148
18,187,173
18,188,192
18,189,187
18,190,149
18,191,210
18,192,163
18,193,187
18,194,151
18,195,185
18,196,157
18,197,213
18,198,191
18,199,183
18,200,169
18,201,201
18,202,177
18,203,199
18,204,164
18,205,207
18,206,174
18,207,212
18,208,172
18,209,220
18,210,1506
18,211,254
18,212,175
18,213,339
18,214,201
18,215,348
18,216,176
18,217,244
18,218,190
18,219,271
18,220,200
18,221,708
18,222,202
18,223,275
18,224,212
18,225,299
18,226,216
18,227,306
18,228,218
18,229,309
18,230,239
18,231,305
18,232,244
18,233,337
18,234,259
18,235,3465
18,236,278
18,237,362
18,238,352
18,239,382
18,240,326
18,241,395
18,242,361
18,243,421
18,244,364
18,245,621
18,246,449
18,247,459
18,248,411
18,249,498
18,250,431
18,251,504
18,252,467
18,253,510
18,254,532
18,255,498
18,256,416
19,1,281
19,2,324
19,3,299
19,4,325
19,5,301
19,6,356
19,7,330
19,8,561
19,9,318
19,10,360
19,11,318
19,12,347
19,13,384
19,14,360
19,15,338
19,16,364
19,17,322
19,18,354
19,19,316
19,20,350
19,21,308
19,22,362
19,23,2390
19,24,358
19,25,330
19,26,358
19,27,357
19,28,807
19,29,339
19,30,459
19,31,358
19,32,387
19,33,357
19,34,407
19,35,374
19,36,405
19,37,413
19,38,529
19,39,405
19,40,432
19,41,392
19,42,437
19,43,407
19,44,416
19,45,335
19,46,339
19,47,280
19,48,250
19,49,268
19,50,230
19,51,317
19,52,324
19,53,240
19,54,269
19,55,274
19,56,264
19,57,238
19,58,261
19,59,384
19,60,260
19,61,269
19,62,258
19,63,232
19,64,306
19,65,233
19,66,244
19,67,249
19,68,277
19,69,255
19,70,248
19,71,411
19,72,239
19,73,343
19,74,269
19,75,249
19,76,275
19,77,255
19,78,245
19,79,236
19,80,259
19,81,228
19,82,222
19,83,230
19,84,226
19,85,212
19,86,223
19,87,222
19,88,280
19,89,217
19,90,231
19,91,228
19,92,269
19,93,216
19,94,218
19,95,232
19,96,213
19,97,228
19,98,216
19,99,234
19,100,219
19,101,213
19,102,210
19,103,279
19,104,214
19,105,209
19,106,199
19,107,208
19,108,213
19,109,209
19,110,201
19,111,208
19,112,205
19,113,195
19,114,209
19,115,199
19,116,205
19,117,196
19,118,206
19,119,222
19,120,201
19,121,189
19,122,207
19,123,180
19,124,220
19,125,176
19,126,198
19,127,187
19,128,192
19,129,161
19,130,189
19,131,161
19,132,171
19,133,156
19,134,138
19,135,161
19,136,116
19,137,142
19,138,136
19,139,157
19,140,134
19,141,138
19,142,123
19,143,1535
19,144,422
19,145,160
19,146,125
19,147,143
19,148,211
19,149,147
19,150,141
19,151,145
19,152,140
19,153,146
19,154,132
19,155,185
19,156,146
19,157,184
19,158,160
19,159,165
19,160,199
19,161,180
19,162,148
19,163,155
19,164,149
19,165,155
19,166,155
19,167,159
19,168,151
19,169,163
19,170,173
19,171,185
19,172,156
19,173,170
19,174,192
19,175,160
19,176,155
19,177,172
19,178,192
19,179,1841
19,180,164
19,181,196
19,182,166
19,183,209
19,184,176
19,185,199
19,186,148
19,187,173
19,188,191
19,189,188
19,190,150
19,191,210
19,192,164
19,193,185
19,194,150
19,195,185
19,196,158
19,197,212
19,198,190
19,199,183
19,200,169
19,201,202
19,202,178
19,203,198
19,204,164
19,205,207
19,206,173
19,207,212
19,208,172
19,209,221
19,210,1506
19,211,256
19,212,175
19,213,336
19,214,201
19,215,353
19,216,174
19,217,245
19,218,191
19,219,272
19,220,200
19,221,714
19,222,202
19,223,277
19,224,211
19,225,300
19,226,214
19,227,307
19,228,219
19,229,309
19,230,239
19,231,305
19,232,245
19,233,335
19,234,259
19,235,3456
19,236,278
19,237,361
19,238,353
19,239,382
19,240,326
19,241,394
19,242,361
19,243,421
19,244,366
19,245,623
19,246,449
19,247,460
19,248,413
19,249,496
19,250,431
19,251,505
19,252,467
19,253,508
19,254,538
19,255,498
19,256,416
20,1,281
20,2,324
20,3,299
20,4,325
20,5,301
20,6,356
20,7,330
20,8,561
20,9,318
20,10,360
20,11,318
20,12,347
20,13,384
20,14,360
20,15,338
20,16,364
20,17,322
20,18,354
20,19,316
20,20,350
20,21,308
20,22,362
20,23,2390
20,24,358
20,25,330
20,26,358
20,27,357
20,28,807
20,29,339
20,30,459
20,31,358
20,32,387
20,33,357
20,34,407
20,35,374
20,36,405
20,37,413
20,38,529
20,39,405
20,40,432
20,41,392
20,42,437
20,43,407
20,44,416
20,45,335
20,46,339
20,47,280
20,48,250
20,49,268
20,50,230
20,51,317
20,52,324
20,53,240
20,54,269
20,55,274
20,56,264
20,57,238
20,58,261
20,59,384
20,60,260
20,61,269
20,62,258
20,63,232
20,64,306
20,65,233
20,66,244
20,67,249
20,68,277
20,69,255
20,70,248
20,71,411
20,72,239
20,73,343
20,74,269
20,75,249
20,76,275
20,77,255
20,78,245
20,79,236
20,80,259
20,81,228
20,82,222
20,83,230
20,84,226
20,85,212
20,86,223
20,87,222
20,88,280
20,89,217
20,90,231
20,91,228
20,92,269
20,93,216
20,94,218
20,95,232
20,96,213
20,97,228
20,98,216
20,99,234
20,100,219
20,101,213
20,102,210
20,103,279
20,104,214
20,105,209
20,106,199
20,107,208
20,108,213
20,109,209
20,110,201
20,111,208
20,112,205
20,113,195
20,114,209
20,115,199
20,116,205
20,117,196
20,118,206
20,119,222
20,120,201
20,121,189
20,122,207
20,123,180
20,124,220
20,125,176
20,126,198
20,127,187
20,128,192
20,129,161
20,130,189
20,131,161
20,132,171
20,133,156
20,134,138
20,135,161
20,136,116
20,137,142
20,138,136
20,139,157
20,140,134
20,141,138
20,142,123
20,143,1535
20,144,422
20,145,160
20,146,125
20,147,143
20,148,211
20,149,147
20,150,141
20,151,145
20,152,140
20,153,146
20,154,132
20,155,185
20,156,146
20,157,184
20,158,160
20,159,165
20,160,199
20,161,180
20,162,148
20,163,155
20,164,149
20,165,155
20,166,155
20,167,159
20,168,151
20,169,163
20,170,173
20,171,185
20,172,156
20,173,170
20,174,192
20,175,160
20,176,155
20,177,172
20,178,192
20,179,1841
20,180,164
20,181,196
20,182,166
20,183,209
20,184,176
20,185,199
20,186,148
20,187,173
20,188,191
20,189,188
20,190,150
20,191,210
20,192,164
20,193,185
20,194,150
20,195,185
20,196,158
20,197,212
20,198,190
20,199,183
20,200,169
20,201,202
20,202,178
20,203,198
20,204,164
20,205,207
20,206,173
20,207,212
20,208,172
20,209,221
20,210,1506
20,211,256
20,212,175
20,213,336
20,214,201
20,215,353
20,216,174
20,217,245
20,218,191
20,219,272
20,220,200
20,221,714
20,222,202
20,223,277
20,224,211
20,225,300
20,226,214
20,227,307
20,228,219
20,229,309
20,230,239
20,231,305
20,232,245
20,233,335
20,234,259
20,235,3456
20,236,278
20,237,361
20,238,353
20,239,382
20,240,326
20,241,394
20,242,361
20,243,421
20,244,366
20,245,623
20,246,449
20,247,460
20,248,413
20,249,496
20,250,431
20,251,505
20,252,467
20,253,508
20,254,538
20,255,498
20,256,416
21,1,282
21,2,322
21,3,298
21,4,325
21,5,299
21,6,323
21,7,329
21,8,550
21,9,319
21,10,361
21,11,317
21,12,347
21,13,384
21,14,359
21,15,339
21,16,365
21,17,322
21,18,354
21,19,318
21,20,349
21,21,309
21,22,363
21,23,2388
21,24,354
21,25,333
21,26,357
21,27,350
21,28,806
21,29,338
21,30,459
21,31,359
21,32,388
21,33,355
21,34,405
21,35,376
21,36,403
21,37,412
21,38,525
21,39,402
21,40,431
21,41,393
21,42,434
21,43,407
21,44,415
21,45,334
21,46,339
21,47,280
21,48,250
21,49,273
21,50,229
21,51,315
21,52,323
21,53,239
21,54,269
21,55,271
21,56,264
21,57,238
21,58,259
21,59,384
21,60,258
21,61,271
21,62,258
21,63,233
21,64,305
21,65,232
21,66,244
21,67,247
21,68,278
21,69,240
21,70,305
21,71,410
21,72,238
21,73,343
21,74,244
21,75,253
21,76,277
21,77,256
21,78,245
21,79,234
21,80,258
21,81,228
21,82,222
21,83,231
21,84,225
21,85,212
21,86,223
21,87,221
21,88,279
21,89,216
21,90,229
21,91,227
21,92,266
21,93,216
21,94,217
21,95,233
21,96,213
21,97,228
21,98,216
21,99,231
21,100,219
21,101,214
21,102,210
21,103,281
21,104,213
21,105,208
21,106,200
21,107,210
21,108,211
21,109,207
21,110,202
21,111,208
21,112,206
21,113,194
21,114,208
21,115,196
21,116,204
21,117,195
21,118,204
21,119,223
21,120,201
21,121,188
21,122,206
21,123,179
21,124,220
21,125,176
21,126,199
21,127,188
21,128,191
21,129,161
21,130,189
21,131,162
21,132,171
21,133,155
21,134,137
21,135,160
21,136,116
21,137,143
21,138,135
21,139,158
21,140,132
21,141,139
21,142,123
21,143,1542
21,144,423
21,145,159
21,146,124
21,147,143
21,148,211
21,149,146
21,150,141
21,151,145
21,152,140
21,153,145
21,154,132
21,155,185
21,156,146
21,157,186
21,158,160
21,159,164
21,160,198
21,161,180
21,162,147
21,163,154
21,164,148
21,165,154
21,166,154
21,167,159
21,168,150
21,169,162
21,170,172
21,171,185
21,172,155
21,173,169
21,174,187
21,175,159
21,176,155
21,177,173
21,178,193
21,179,1848
21,180,165
21,181,195
21,182,165
21,183,210
21,184,175
21,185,198
21,186,147
21,187,173
21,188,191
21,189,188
21,190,150
21,191,210
21,192,164
21,193,185
21,194,151
21,195,186
21,196,158
21,197,213
21,198,190
21,199,184
21,200,167
21,201,201
21,202,178
21,203,199
21,204,165
21,205,206
21,206,172
21,207,213
21,208,173
21,209,220
21,210,1507
21,211,255
21,212,175
21,213,332
21,214,200
21,215,349
21,216,175
21,217,244
21,218,190
21,219,272
21,220,201
21,221,713
21,222,201
21,223,276
21,224,211
21,225,299
21,226,215
21,227,306
21,228,215
21,229,310
21,230,239
21,231,305
21,232,243
21,233,335
21,234,259
21,235,3467
21,236,280
21,237,361
21,238,354
21,239,382
21,240,326
21,241,394
21,242,360
21,243,422
21,244,366
21,245,621
21,246,455
21,247,459
21,248,411
21,249,499
21,250,431
21,251,503
21,252,465
21,253,510
21,254,535
21,255,495
21,256,416
22,1,282
22,2,322
22,3,298
22,4,325
22,5,299
22,6,323
22,7,329
22,8,550
22,9,319
22,10,361
22,11,317
22,12,347
22,13,384
22,14,359
22,15,339
22,16,365
22,17,322
22,18,354
22,19,318
22,20,349
22,21,309
22,22,363
22,23,2388
22,24,354
22,25,333
22,26,357
22,27,350
22,28,806
22,29,338
22,30,459
22,31,359
22,32,388
22,33,355
22,34,405
22,35,376
22,36,403
22,37,412
22,38,525
22,39,402
22,40,431
22,41,393
22,42,434
22,43,407
22,44,415
22,45,334
22,46,339
22,47,280
22,48,250
22,49,273
22,50,229
22,51,315
22,52,323
22,53,239
22,54,269
22,55,271
22,56,264
22,57,238
22,58,259
22,59,384
22,60,258
22,61,271
22,62,258
22,63,233
22,64,305
22,65,232
22,66,244
22,67,247
22,68,278
22,69,240
22,70,305
22,71,410
22,72,238
22,73,343
22,74,244
22,75,253
22,76,277
22,77,256
22,78,245
22,79,234
22,80,258
22,81,228
22,82,222
22,83,231
22,84,225
22,85,212
22,86,223
22,87,221
22,88,279
22,89,216
22,90,229
22,91,227
22,92,266
22,93,216
22,94,217
22,95,233
22,96,213
22,97,228
22,98,216
22,99,231
22,100,219
22,101,214
22,102,210
22,103,281
22,104,213
22,105,208
22,106,200
22,107,210
22,108,211
22,109,207
22,110,202
22,111,208
22,112,206
22,113,194
22,114,208
22,115,196
22,116,204
22,117,195
22,118,204
22,119,223
22,120,201
22,121,188
22,122,206
22,123,179
22,124,220
22,125,176
22,126,199
22,127,188
22,128,191
22,129,161
22,130,189
22,131,162
22,132,171
22,133,155
22,134,137
22,135,160
22,136,116
22,137,143
22,138,135
22,139,158
22,140,132
22,141,139
22,142,123
22,143,1542
22,144,423
22,145,159
22,146,124
22,147,143
22,148,211
22,149,146
22,150,141
22,151,145
22,152,140
22,153,145
22,154,132
22,155,185
22,156,146
22,157,186
22,158,160
22,159,164
22,160,198
22,161,180
22,162,147
22,163,154
22,164,148
22,165,154
22,166,154
22,167,159
22,168,150
22,169,162
22,170,172
22,171,185
22,172,155
22,173,169
22,174,187
22,175,159
22,176,155
22,177,173
22,178,193
22,179,1848
22,180,165
22,181,195
22,182,165
22,183,210
22,184,175
22,185,198
22,186,147
22,187,173
22,188,191
22,189,188
22,190,150
22,191,210
22,192,164
22,193,185
22,194,151
22,195,186
22,196,158
22,197,213
22,198,190
22,199,184
22,200,167
22,201,201
22,202,178
22,203,199
22,204,165
22,205,206
22,206,172
22,207,213
22,208,173
22,209,220
22,210,1507
22,211,255
22,212,175
22,213,332
22,214,200
22,215,349
22,216,175
22,217,244
22,218,190
22,219,272
22,220,201
22,221,713
22,222,201
22,223,276
22,224,211
22,225,299
22,226,215
22,227,306
22,228,215
22,229,310
22,230,239
22,231,305
22,232,243
22,233,335
22,234,259
22,235,3467
22,236,280
22,237,361
22,238,354
22,239,382
22,240,326
22,241,394
22,242,360
22,243,422
22,244,366
22,245,621
22,246,455
22,247,459
22,248,411
22,249,499
22,250,431
22,251,503
22,252,465
22,253,510
22,254,535
22,255,495
22,256,416
23,1,281
23,2,321
23,3,299
23,4,325
23,5,299
23,6,326
23,7,329
23,8,554
23,9,319
23,10,361
23,11,317
23,12,348
23,13,382
23,14,358
23,15,338
23,16,363
23,17,322
23,18,354
23,19,318
23,20,349
23,21,309
23,22,363
23,23,2391
23,24,357
23,25,330
23,26,358
23,27,357
23,28,808
23,29,338
23,30,450
23,31,360
23,32,387
23,33,357
23,34,406
23,35,374
23,36,404
23,37,413
23,38,532
23,39,401
23,40,431
23,41,391
23,42,436
23,43,409
23,44,415
23,45,333
23,46,339
23,47,279
23,48,250
23,49,268
23,50,230
23,51,317
23,52,327
23,53,240
23,54,270
23,55,272
23,56,263
23,57,237
23,58,260
23,59,384
23,60,259
23,61,268
23,62,258
23,63,233
23,64,306
23,65,232
23,66,246
23,67,249
23,68,277
23,69,235
23,70,248
23,71,410
23,72,239
23,73,343
23,74,243
23,75,250
23,76,273
23,77,255
23,78,248
23,79,237
23,80,257
23,81,228
23,82,223
23,83,231
23,84,224
23,85,212
23,86,224
23,87,222
23,88,279
23,89,215
23,90,230
23,91,228
23,92,265
23,93,216
23,94,217
23,95,231
23,96,212
23,97,229
23,98,215
23,99,231
23,100,220
23,101,214
23,102,211
23,103,286
23,104,214
23,105,209
23,106,199
23,107,209
23,108,214
23,109,208
23,110,203
23,111,208
23,112,205
23,113,194
23,114,207
23,115,197
23,116,204
23,117,194
23,118,206
23,119,222
23,120,202
23,121,189
23,122,207
23,123,179
23,124,219
23,125,176
23,126,198
23,127,187
23,128,191
23,129,162
23,130,188
23,131,161
23,132,172
23,133,155
23,134,137
23,135,161
23,136,117
23,137,142
23,138,137
23,139,157
23,140,132
23,141,139
23,142,123
23,143,1523
23,144,421
23,145,160
23,146,125
23,147,143
23,148,210
23,149,145
23,150,141
23,151,144
23,152,139
23,153,145
23,154,133
23,155,185
23,156,146
23,157,186
23,158,160
23,159,164
23,160,197
23,161,180
23,162,148
23,163,154
23,164,149
23,165,156
23,166,156
23,167,159
23,168,150
23,169,162
23,170,172
23,171,185
23,172,156
23,173,170
23,174,186
23,175,159
23,176,155
23,177,173
23,178,195
23,179,1838
23,180,164
23,181,194
23,182,165
23,183,211
23,184,176
23,185,200
23,186,149
23,187,173
23,188,192
23,189,188
23,190,149
23,191,210
23,192,164
23,193,185
23,194,151
23,195,186
23,196,158
23,197,213
23,198,190
23,199,184
23,200,169
23,201,201
23,202,177
23,203,199
23,204,164
23,205,207
23,206,173
23,207,211
23,208,171
23,209,219
23,210,1505
23,211,256
23,212,175
23,213,332
23,214,199
23,215,344
23,216,175
23,217,244
23,218,190
23,219,272
23,220,201
23,221,719
23,222,202
23,223,276
23,224,211
23,225,300
23,226,215
23,227,307
23,228,219
23,229,308
23,230,239
23,231,304
23,232,245
23,233,335
23,234,259
23,235,3466
23,236,280
23,237,362
23,238,354
23,239,383
23,240,327
23,241,395
23,242,358
23,243,421
23,244,367
23,245,625
23,246,451
23,247,459
23,248,411
23,249,498
23,250,437
23,251,511
23,252,475
23,253,514
23,254,554
23,255,634
23,256,523
24,1,281
24,2,321
24,3,299
24,4,325
24,5,299
24,6,326
24,7,329
24,8,554
24,9,319
24,10,361
24,11,317
24,12,348
24,13,382
24,14,358
24,15,338
24,16,363
24,17,322
24,18,354
24,19,318
24,20,349
24,21,309
24,22,363
24,23,2391
24,24,357
24,25,330
24,26,358
24,27,357
24,28,808
24,29,338
24,30,450
24,31,360
24,32,387
24,33,357
24,34,406
24,35,374
24,36,404
24,37,413
24,38,532
24,39,401
24,40,431
24,41,391
24,42,436
24,43,409
24,44,415
24,45,333
24,46,339
24,47,279
24,48,250
24,49,268
24,50,230
24,51,317
24,52,327
24,53,240
24,54,270
24,55,272
24,56,263
24,57,237
24,58,260
24,59,384
24,60,259
24,61,268
24,62,258
24,63,233
24,64,306
24,65,232
24,66,246
24,67,249
24,68,277
24,69,235
24,70,248
24,71,410
24,72,239
24,73,343
24,74,243
24,75,250
24,76,273
24,77,255
24,78,248
24,79,237
24,80,257
24,81,228
24,82,223
24,83,231
24,84,224
24,85,212
24,86,224
24,87,222
24,88,279
24,89,215
24,90,230
24,91,228
24,92,265
24,93,216
24,94,217
24,95,231
24,96,212
24,97,229
24,98,215
24,99,231
24,100,220
24,101,214
24,102,211
24,103,286
24,104,214
24,105,209
24,106,199
24,107,209
24,108,214
24,109,208
24,110,203
24,111,208
24,112,205
24,113,194
24,114,207
24,115,197
24,116,204
24,117,194
24,118,206
24,119,222
24,120,202
24,121,189
24,122,207
24,123,179
24,124,219
24,125,176
24,126,198
24,127,187
24,128,191
24,129,162
24,130,188
24,131,161
24,132,172
24,133,155
24,134,137
24,135,161
24,136,117
24,137,142
24,138,137
24,139,157
24,140,132
24,141,139
24,142,123
24,143,1523
24,144,421
24,145,160
24,146,125
24,147,143
24,148,210
24,149,145
24,150,141
24,151,144
24,152,139
24,153,145
24,154,133
24,155,185
24,156,146
24,157,186
24,158,160
24,159,164
24,160,197
24,161,180
24,162,148
24,163,154
24,164,149
24,165,156
24,166,156
24,167,159
24,168,150
24,169,162
24,170,172
24,171,185
24,172,156
24,173,170
24,174,186
24,175,159
24,176,155
24,177,173
24,178,195
24,179,1838
24,180,164
24,181,194
24,182,165
24,183,211
24,184,176
24,185,200
24,186,149
24,187,173
24,188,192
24,189,188
24,190,149
24,191,210
24,192,164
24,193,185
24,194,151
24,195,186
24,196,158
24,197,213
24,198,190
24,199,184
24,200,169
24,201,201
24,202,177
24,203,199
24,204,164
24,205,207
24,206,173
24,207,211
24,208,171
24,209,219
24,210,1505
24,211,256
24,212,175
24,213,332
24,214,199
24,215,344
24,216,175
24,217,244
24,218,190
24,219,272
24,220,201
24,221,719
24,222,202
24,223,276
24,224,211
24,225,300
24,226,215
24,227,307
24,228,219
24,229,308
24,230,239
24,231,304
24,232,245
24,233,335
24,234,259
24,235,3466
24,236,280
24,237,362
24,238,354
24,239,383
24,240,327
24,241,395
24,242,358
24,243,421
24,244,367
24,245,625
24,246,451
24,247,459
24,248,411
24,249,498
24,250,437
24,251,511
24,252,475
24,253,514
24,254,554
24,255,634
24,256,523
25,1,281
25,2,323
25,3,299
25,4,326
25,5,299
25,6,325
25,7,330
25,8,555
25,9,319
25,10,363
25,11,319
25,12,347
25,13,384
25,14,358
25,15,338
25,16,364
25,17,321
25,18,354
25,19,318
25,20,350
25,21,309
25,22,363
25,23,2388
25,24,358
25,25,332
25,26,359
25,27,353
25,28,809
25,29,339
25,30,463
25,31,359
25,32,388
25,33,357
25,34,405
25,35,376
25,36,405
25,37,411
25,38,533
25,39,401
25,40,432
25,41,393
25,42,437
25,43,407
25,44,416
25,45,333
25,46,340
25,47,280
25,48,251
25,49,272
25,50,231
25,51,312
25,52,322
25,53,239
25,54,269
25,55,271
25,56,265
25,57,237
25,58,260
25,59,384
25,60,260
25,61,269
25,62,259
25,63,233
25,64,305
25,65,233
25,66,245
25,67,250
25,68,278
25,69,238
25,70,248
25,71,410
25,72,240
25,73,339
25,74,244
25,75,249
25,76,274
25,77,255
25,78,246
25,79,236
25,80,261
25,81,228
25,82,222
25,83,232
25,84,225
25,85,213
25,86,223
25,87,223
25,88,279
25,89,217
25,90,230
25,91,228
25,92,263
25,93,216
25,94,218
25,95,231
25,96,214
25,97,230
25,98,217
25,99,231
25,100,219
25,101,213
25,102,210
25,103,281
25,104,215
25,105,209
25,106,199
25,107,209
25,108,213
25,109,210
25,110,203
25,111,209
25,112,206
25,113,193
25,114,208
25,115,197
25,116,205
25,117,196
25,118,205
25,119,223
25,120,202
25,121,189
25,122,207
25,123,180
25,124,222
25,125,175
25,126,199
25,127,188
25,128,193
25,129,163
25,130,189
25,131,161
25,132,172
25,133,156
25,134,138
25,135,160
25,136,116
25,137,142
25,138,137
25,139,157
25,140,133
25,141,138
25,142,126
25,143,1524
25,144,424
25,145,159
25,146,127
25,147,150
25,148,212
25,149,146
25,150,140
25,151,145
25,152,139
25,153,147
25,154,133
25,155,183
25,156,147
25,157,186
25,158,161
25,159,165
25,160,198
25,161,180
25,162,148
25,163,155
25,164,149
25,165,155
25,166,156
25,167,159
25,168,151
25,169,163
25,170,172
25,171,185
25,172,157
25,173,170
25,174,186
25,175,159
25,176,155
25,177,173
25,178,193
25,179,1843
25,180,165
25,181,195
25,182,166
25,183,212
25,184,176
25,185,201
25,186,149
25,187,174
25,188,192
25,189,188
25,190,150
25,191,209
25,192,165
25,193,187
25,194,151
25,195,184
25,196,160
25,197,213
25,198,191
25,199,184
25,200,169
25,201,202
25,202,177
25,203,200
25,204,163
25,205,207
25,206,173
25,207,212
25,208,172
25,209,221
25,210,1504
25,211,253
25,212,175
25,213,332
25,214,201
25,215,354
25,216,176
25,217,244
25,218,190
25,219,273
25,220,201
25,221,723
25,222,202
25,223,279
25,224,213
25,225,300
25,226,216
25,227,306
25,228,218
25,229,309
25,230,241
25,231,304
25,232,245
25,233,335
25,234,259
25,235,3467
25,236,279
25,237,361
25,238,353
25,239,385
25,240,326
25,241,394
25,242,360
25,243,422
25,244,367
25,245,625
25,246,443
25,247,459
25,248,411
25,249,499
25,250,431
25,251,506
25,252,467
25,253,511
25,254,536
25,255,497
25,256,417
26,1,281
26,2,323
26,3,299
26,4,326
26,5,299
26,6,325
26,7,330
26,8,555
26,9,319
26,10,363
26,11,319
26,12,347
26,13,384
26,14,358
26,15,338
26,16,364
26,17,321
26,18,354
26,19,318
26,20,350
26,21,309
26,22,363
26,23,2388
26,24,358
26,25,332
26,26,359
26,27,353
26,28,809
26,29,339
26,30,463
26,31,359
26,32,388
26,33,357
26,34,405
26,35,376
26,36,405
26,37,411
26,38,533
26,39,401
26,40,432
26,41,393
26,42,437
26,43,407
26,44,416
26,45,333
26,46,340
26,47,280
26,48,251
26,49,272
26,50,231
26,51,312
26,52,322
26,53,239
26,54,269
26,55,271
26,56,265
26,57,237
26,58,260
26,59,384
26,60,260
26,61,269
26,62,259
26,63,233
26,64,305
26,65,233
26,66,245
26,67,250
26,68,278
26,69,238
26,70,248
26,71,410
26,72,240
26,73,339
26,74,244
26,75,249
26,76,274
26,77,255
26,78,246
26,79,236
26,80,261
26,81,228
26,82,222
26,83,232
26,84,225
26,85,213
26,86,223
26,87,223
26,88,279
26,89,217
26,90,230
26,91,228
26,92,263
26,93,216
26,94,218
26,95,231
26,96,214
26,97,230
26,98,217
26,99,231
26,100,219
26,101,213
26,102,210
26,103,281
26,104,215
26,105,209
26,106,199
26,107,209
26,108,213
26,109,210
26,110,203
26,111,209
26,112,206
26,113,193
26,114,208
26,115,197
26,116,205
26,117,196
26,118,205
26,119,223
26,120,202
26,121,189
26,122,207
26,123,180
26,124,222
26,125,175
26,126,199
26,127,188
26,128,193
26,129,163
26,130,189
26,131,161
26,132,172
26,133,156
26,134,138
26,135,160
26,136,116
26,137,142
26,138,137
26,139,157
26,140,133
26,141,138
26,142,126
26,143,1524
26,144,424
26,145,159
26,146,127
26,147,150
26,148,212
26,149,146
26,150,140
26,151,145
26,152,139
26,153,147
26,154,133
26,155,183
26,156,147
26,157,186
26,158,161
26,159,165
26,160,198
26,161,180
26,162,148
26,163,155
26,164,149
26,165,155
26,166,156
26,167,159
26,168,151
26,169,163
26,170,172
26,171,185
26,172,157
26,173,170
26,174,186
26,175,159
26,176,155
26,177,173
26,178,193
26,179,1843
26,180,165
26,181,195
26,182,166
26,183,212
26,184,176
26,185,201
26,186,149
26,187,174
26,188,192
26,189,188
26,190,150
26,191,209
26,192,165
26,193,187
26,194,151
26,195,184
26,196,160
26,197,213
26,198,191
26,199,184
26,200,169
26,201,202
26,202,177
26,203,200
26,204,163
26,205,207
26,206,173
26,207,212
26,208,172
26,209,221
26,210,1504
26,211,253
26,212,175
26,213,332
26,214,201
26,215,354
26,216,176
26,217,244
26,218,190
26,219,273
26,220,201
26,221,723
26,222,202
26,223,279
26,224,213
26,225,300
26,226,216
26,227,306
26,228,218
26,229,309
26,230,241
26,231,304
26,232,245
26,233,335
26,234,259
26,235,3467
26,236,279
26,237,361
26,238,353
26,239,385
26,240,326
26,241,394
26,242,360
26,243,422
26,244,367
26,245,625
26,246,443
26,247,459
26,248,411
26,249,499
26,250,431
26,251,506
26,252,467
26,253,511
26,254,536
26,255,497
26,256,417
27,1,282
27,2,320
27,3,298
27,4,325
27,5,299
27,6,325
27,7,329
27,8,553
27,9,319
27,10,360
27,11,319
27,12,347
27,13,383
27,14,359
27,15,338
27,16,364
27,17,321
27,18,355
27,19,318
27,20,351
27,21,309
27,22,362
27,23,2393
27,24,357
27,25,330
27,26,358
27,27,351
27,28,807
27,29,340
27,30,458
27,31,359
27,32,387
27,33,355
27,34,404
27,35,373
27,36,405
27,37,410
27,38,532
27,39,402
27,40,434
27,41,392
27,42,436
27,43,409
27,44,413
27,45,333
27,46,339
27,47,280
27,48,249
27,49,272
27,50,231
27,51,315
27,52,329
27,53,239
27,54,271
27,55,272
27,56,266
27,57,238
27,58,260
27,59,384
27,60,259
27,61,267
27,62,257
27,63,232
27,64,303
27,65,233
27,66,245
27,67,249
27,68,278
27,69,234
27,70,247
27,71,410
27,72,238
27,73,338
27,74,243
27,75,248
27,76,276
27,77,256
27,78,246
27,79,235
27,80,261
27,81,229
27,82,223
27,83,232
27,84,225
27,85,213
27,86,224
27,87,222
27,88,278
27,89,216
27,90,231
27,91,227
27,92,267
27,93,215
27,94,218
27,95,232
27,96,214
27,97,229
27,98,215
27,99,232
27,100,218
27,101,215
27,102,211
27,103,278
27,104,213
27,105,210
27,106,199
27,107,209
27,108,213
27,109,208
27,110,201
27,111,208
27,112,205
27,113,194
27,114,208
27,115,197
27,116,204
27,117,195
27,118,203
27,119,222
27,120,201
27,121,189
27,122,207
27,123,180
27,124,221
27,125,177
27,126,197
27,127,187
27,128,191
27,129,162
27,130,187
27,131,161
27,132,173
27,133,155
27,134,138
27,135,160
27,136,115
27,137,142
27,138,135
27,139,157
27,140,133
27,141,139
27,142,123
27,143,1535
27,144,432
27,145,158
27,146,124
27,147,143
27,148,210
27,149,146
27,150,139
27,151,145
27,152,138
27,153,146
27,154,132
27,155,184
27,156,145
27,157,186
27,158,161
27,159,165
27,160,195
27,161,182
27,162,148
27,163,155
27,164,147
27,165,155
27,166,155
27,167,159
27,168,151
27,169,163
27,170,171
27,171,186
27,172,156
27,173,169
27,174,187
27,175,159
27,176,154
27,177,172
27,178,195
27,179,1840
27,180,164
27,181,195
27,182,164
27,183,210
27,184,175
27,185,199
27,186,149
27,187,173
27,188,191
27,189,187
27,190,149
27,191,209
27,192,164
27,193,186
27,194,150
27,195,184
27,196,158
27,197,213
27,198,191
27,199,183
27,200,167
27,201,200
27,202,175
27,203,199
27,204,163
27,205,205
27,206,173
27,207,212
27,208,172
27,209,219
27,210,1503
27,211,254
27,212,176
27,213,331
27,214,200
27,215,348
27,216,175
27,217,244
27,218,190
27,219,273
27,220,201
27,221,708
27,222,201
27,223,276
27,224,211
27,225,300
27,226,215
27,227,307
27,228,217
27,229,309
27,230,239
27,231,304
27,232,243
27,233,336
27,234,259
27,235,3477
27,236,277
27,237,361
27,238,353
27,239,383
27,240,325
27,241,395
27,242,360
27,243,421
27,244,365
27,245,622
27,246,454
27,247,459
27,248,413
27,249,499
27,250,431
27,251,506
27,252,466
27,253,510
27,254,535
27,255,497
27,256,417
28,1,282
28,2,320
28,3,298
28,4,325
28,5,299
28,6,325
28,7,329
28,8,553
28,9,319
28,10,360
28,11,319
28,12,347
28,13,383
28,14,359
28,15,338
28,16,364
28,17,321
28,18,355
28,19,318
28,20,351
28,21,309
28,22,362
28,23,2393
28,24,357
28,25,330
28,26,358
28,27,351
28,28,807
28,29,340
28,30,458
28,31,359
28,32,387
28,33,355
28,34,404
28,35,373
28,36,405
28,37,410
28,38,532
28,39,402
28,40,434
28,41,392
28,42,436
28,43,409
28,44,413
28,45,333
28,46,339
28,47,280
28,48,249
28,49,272
28,50,231
28,51,315
28,52,329
28,53,239
28,54,271
28,55,272
28,56,266
28,57,238
28,58,260
28,59,384
28,60,259
28,61,267
28,62,257
28,63,232
28,64,303
28,65,233
28,66,245
28,67,249
28,68,278
28,69,234
28,70,247
28,71,410
28,72,238
28,73,338
28,74,243
28,75,248
28,76,276
28,77,256
28,78,246
28,79,235
28,80,261
28,81,229
28,82,223
28,83,232
28,84,225
28,85,213
28,86,224
28,87,222
28,88,278
28,89,216
28,90,231
28,91,227
28,92,267
28,93,215
28,94,218
28,95,232
28,96,214
28,97,229
28,98,215
28,99,232
28,100,218
28,101,215
28,102,211
28,103,278
28,104,213
28,105,210
28,106,199
28,107,209
28,108,213
28,109,208
28,110,201
28,111,208
28,112,205
28,113,194
28,114,208
28,115,197
28,116,204
28,117,195
28,118,203
28,119,222
28,120,201
28,121,189
28,122,207
28,123,180
28,124,221
28,125,177
28,126,197
28,127,187
28,128,191
28,129,162
28,130,187
28,131,161
28,132,173
28,133,155
28,134,138
28,135,160
28,136,115
28,137,142
28,138,135
28,139,157
28,140,133
28,141,139
28,142,123
28,143,1535
28,144,432
28,145,158
28,146,124
28,147,143
28,148,210
28,149,146
28,150,139
28,151,145
28,152,138
28,153,146
28,154,132
28,155,184
28,156,145
28,157,186
28,158,161
28,159,165
28,160,195
28,161,182
28,162,148
28,163,155
28,164,147
28,165,155
28,166,155
28,167,159
28,168,151
28,169,163
28,170,171
28,171,186
28,172,156
28,173,169
28,174,187
28,175,159
28,176,154
28,177,172
28,178,195
28,179,1840
28,180,164
28,181,195
28,182,164
28,183,210
28,184,175
28,185,199
28,186,149
28,187,173
28,188,191
28,189,187
28,190,149
28,191,209
28,192,164
28,193,186
28,194,150
28,195,184
28,196,158
28,197,213
28,198,191
28,199,183
28,200,167
28,201,200
28,202,175
28,203,199
28,204,163
28,205,205
28,206,173
28,207,212
28,208,172
28,209,219
28,210,1503
28,211,254
28,212,176
28,213,331
28,214,200
28,215,348
28,216,175
28,217,244
28,218,190
28,219,273
28,220,201
28,221,708
28,222,201
28,223,276
28,224,211
28,225,300
28,226,215
28,227,307
28,228,217
28,229,309
28,230,239
28,231,304
28,232,243
28,233,336
28,234,259
28,235,3477
28,236,277
28,237,361
28,238,353
28,239,383
28,240,325
28,241,395
28,242,360
28,243,421
28,244,365
28,245,622
28,246,454
28,247,459
28,248,413
28,249,499
28,250,431
28,251,506
28,252,466
28,253,510
28,254,535
28,255,497
28,256,417
29,1,280
29,2,322
29,3,299
29,4,325
29,5,299
29,6,326
29,7,329
29,8,557
29,9,317
29,10,361
29,11,319
29,12,347
29,13,383
29,14,358
29,15,338
29,16,364
29,17,321
29,18,354
29,19,318
29,20,351
29,21,309
29,22,363
29,23,2389
29,24,357
29,25,331
29,26,358
29,27,350
29,28,808
29,29,339
29,30,456
29,31,358
29,32,388
29,33,357
29,34,406
29,35,375
29,36,405
29,37,409
29,38,530
29,39,404
29,40,432
29,41,394
29,42,435
29,43,408
29,44,415
29,45,334
29,46,339
29,47,279
29,48,250
29,49,268
29,50,229
29,51,318
29,52,329
29,53,239
29,54,270
29,55,271
29,56,264
29,57,236
29,58,259
29,59,384
29,60,258
29,61,268
29,62,257
29,63,233
29,64,305
29,65,232
29,66,244
29,67,249
29,68,278
29,69,235
29,70,247
29,71,410
29,72,239
29,73,343
29,74,243
29,75,249
29,76,274
29,77,256
29,78,247
29,79,235
29,80,259
29,81,229
29,82,222
29,83,232
29,84,224
29,85,212
29,86,225
29,87,222
29,88,278
29,89,215
29,90,230
29,91,228
29,92,262
29,93,217
29,94,217
29,95,232
29,96,213
29,97,231
29,98,217
29,99,232
29,100,219
29,101,214
29,102,210
29,103,277
29,104,213
29,105,210
29,106,198
29,107,209
29,108,213
29,109,208
29,110,201
29,111,208
29,112,206
29,113,193
29,114,208
29,115,198
29,116,204
29,117,195
29,118,205
29,119,222
29,120,201
29,121,189
29,122,206
29,123,180
29,124,220
29,125,175
29,126,199
29,127,186
29,128,191
29,129,162
29,130,187
29,131,162
29,132,170
29,133,156
29,134,137
29,135,161
29,136,116
29,137,142
29,138,136
29,139,158
29,140,131
29,141,140
29,142,123
29,143,1534
29,144,422
29,145,160
29,146,125
29,147,144
29,148,209
29,149,146
29,150,141
29,151,145
29,152,139
29,153,146
29,154,132
29,155,185
29,156,146
29,157,185
29,158,160
29,159,165
29,160,199
29,161,181
29,162,148
29,163,154
29,164,148
29,165,155
29,166,155
29,167,158
29,168,150
29,169,162
29,170,172
29,171,187
29,172,156
29,173,168
29,174,184
29,175,159
29,176,155
29,177,173
29,178,197
29,179,1841
29,180,163
29,181,195
29,182,165
29,183,211
29,184,176
29,185,199
29,186,148
29,187,174
29,188,191
29,189,188
29,190,149
29,191,209
29,192,164
29,193,186
29,194,150
29,195,186
29,196,158
29,197,212
29,198,190
29,199,183
29,200,167
29,201,201
29,202,177
29,203,198
29,204,163
29,205,207
29,206,172
29,207,213
29,208,173
29,209,220
29,210,1507
29,211,256
29,212,175
29,213,331
29,214,201
29,215,351
29,216,175
29,217,244
29,218,190
29,219,272
29,220,200
29,221,716
29,222,200
29,223,277
29,224,213
29,225,301
29,226,215
29,227,306
29,228,218
29,229,308
29,230,239
29,231,305
29,232,245
29,233,337
29,234,258
29,235,3463
29,236,278
29,237,361
29,238,352
29,239,382
29,240,325
29,241,394
29,242,359
29,243,421
29,244,367
29,245,622
29,246,452
29,247,460
29,248,411
29,249,492
29,250,431
29,251,504
29,252,467
29,253,510
29,254,536
29,255,497
29,256,417
30,1,280
30,2,322
30,3,299
30,4,325
30,5,299
30,6,326
30,7,329
30,8,557
30,9,317
30,10,361
30,11,319
30,12,347
30,13,383
30,14,358
30,15,338
30,16,364
30,17,321
30,18,354
30,19,318
30,20,351
30,21,309
30,22,363
30,23,2389
30,24,357
30,25,331
30,26,358
30,27,350
30,28,808
30,29,339
30,30,456
30,31,358
30,32,388
30,33,357
30,34,406
30,35,375
30,36,405
30,37,409
30,38,530
30,39,404
30,40,432
30,41,394
30,42,435
30,43,408
30,44,415
30,45,334
30,46,339
30,47,279
30,48,250
30,49,268
30,50,229
30,51,318
30,52,329
30,53,239
30,54,270
30,55,271
30,56,264
30,57,236
30,58,259
30,59,384
30,60,258
30,61,268
30,62,257
30,63,233
30,64,305
30,65,232
30,66,244
30,67,249
30,68,278
30,69,235
30,70,247
30,71,410
30,72,239
30,73,343
30,74,243
30,75,249
30,76,274
30,77,256
30,78,247
30,79,235
30,80,259
30,81,229
30,82,222
30,83,232
30,84,224
30,85,212
30,86,225
30,87,222
30,88,278
30,89,215
30,90,230
30,91,228
30,92,262
30,93,217
30,94,217
30,95,232
30,96,213
30,97,231
30,98,217
30,99,232
30,100,219
30,101,214
30,102,210
30,103,277
30,104,213
30,105,210
30,106,198
30,107,209
30,108,213
30,109,208
30,110,201
30,111,208
30,112,206
30,113,193
30,114,208
30,115,198
30,116,204
30,117,195
30,118,205
30,119,222
30,120,201
30,121,189
30,122,206
30,123,180
30,124,220
30,125,175
30,126,199
30,127,186
30,128,191
30,129,162
30,130,187
30,131,162
30,132,170
30,133,156
30,134,137
30,135,161
30,136,116
30,137,142
30,138,136
30,139,158
30,140,131
30,141,140
30,142,123
30,143,1534
30,144,422
30,145,160
30,146,125
30,147,144
30,148,209
30,149,146
30,150,141
30,151,145
30,152,139
30,153,146
30,154,132
30,155,185
30,156,146
30,157,185
30,158,160
30,159,165
30,160,199
30,161,181
30,162,148
30,163,154
30,164,148
30,165,155
30,166,155
30,167,158
30,168,150
30,169,162
30,170,172
30,171,187
30,172,156
30,173,168
30,174,184
30,175,159
30,176,155
30,177,173
30,178,197
30,179,1841
30,180,163
30,181,195
30,182,165
30,183,211
30,184,176
30,185,199
30,186,148
30,187,174
30,188,191
30,189,188
30,190,149
30,191,209
30,192,164
30,193,186
30,194,150
30,195,186
30,196,158
30,197,212
30,198,190
30,199,183
30,200,167
30,201,201
30,202,177
30,203,198
30,204,163
30,205,207
30,206,172
30,207,213
30,208,173
30,209,220
30,210,1507
30,211,256
30,212,175
30,213,331
30,214,201
30,215,351
30,216,175
30,217,244
30,218,190
30,219,272
30,220,200
30,221,716
30,222,200
30,223,277
30,224,213
30,225,301
30,226,215
30,227,306
30,228,218
30,229,308
30,230,239
30,231,305
30,232,245
30,233,337
30,234,258
30,235,3463
30,236,278
30,237,361
30,238,352
30,239,382
30,240,325
30,241,394
30,242,359
30,243,421
30,244,367
30,245,622
30,246,452
30,247,460
30,248,411
30,249,492
30,250,431
30,251,504
30,252,467
30,253,510
30,254,536
30,255,497
30,256,417
31,1,282
31,2,322
31,3,299
31,4,327
31,5,298
31,6,325
31,7,329
31,8,553
31,9,321
31,10,361
31,11,318
31,12,347
31,13,382
31,14,358
31,15,338
31,16,363
31,17,322
31,18,355
31,19,317
31,20,351
31,21,310
31,22,362
31,23,2404
31,24,358
31,25,332
31,26,358
31,27,352
31,28,806
31,29,338
31,30,444
31,31,359
31,32,388
31,33,357
31,34,405
31,35,376
31,36,404
31,37,412
31,38,527
31,39,403
31,40,432
31,41,394
31,42,434
31,43,409
31,44,416
31,45,333
31,46,340
31,47,278
31,48,250
31,49,269
31,50,230
31,51,318
31,52,326
31,53,240
31,54,269
31,55,273
31,56,265
31,57,238
31,58,259
31,59,385
31,60,259
31,61,269
31,62,257
31,63,233
31,64,308
31,65,233
31,66,246
31,67,249
31,68,277
31,69,235
31,70,250
31,71,411
31,72,239
31,73,341
31,74,244
31,75,248
31,76,274
31,77,255
31,78,247
31,79,234
31,80,263
31,81,229
31,82,222
31,83,232
31,84,224
31,85,212
31,86,224
31,87,223
31,88,279
31,89,216
31,90,230
31,91,227
31,92,263
31,93,216
31,94,218
31,95,232
31,96,212
31,97,230
31,98,218
31,99,234
31,100,220
31,101,216
31,102,209
31,103,281
31,104,214
31,105,209
31,106,201
31,107,209
31,108,213
31,109,209
31,110,202
31,111,208
31,112,205
31,113,194
31,114,210
31,115,198
31,116,204
31,117,195
31,118,205
31,119,222
31,120,202
31,121,190
31,122,207
31,123,180
31,124,220
31,125,176
31,126,198
31,127,188
31,128,191
31,129,161
31,130,189
31,131,162
31,132,170
31,133,157
31,134,137
31,135,160
31,136,116
31,137,143
31,138,136
31,139,158
31,140,133
31,141,138
31,142,124
31,143,1536
31,144,424
31,145,159
31,146,125
31,147,144
31,148,210
31,149,146
31,150,140
31,151,145
31,152,140
31,153,146
31,154,133
31,155,185
31,156,146
31,157,186
31,158,160
31,159,166
31,160,198
31,161,182
31,162,148
31,163,155
31,164,148
31,165,156
31,166,155
31,167,159
31,168,151
31,169,163
31,170,172
31,171,186
31,172,156
31,173,170
31,174,190
31,175,159
31,176,155
31,177,173
31,178,195
31,179,1853
31,180,164
31,181,191
31,182,165
31,183,209
31,184,176
31,185,199
31,186,148
31,187,173
31,188,192
31,189,188
31,190,150
31,191,210
31,192,164
31,193,186
31,194,150
31,195,186
31,196,159
31,197,213
31,198,192
31,199,183
31,200,169
31,201,202
31,202,177
31,203,200
31,204,163
31,205,207
31,206,173
31,207,212
31,208,173
31,209,219
31,210,1504
31,211,256
31,212,175
31,213,331
31,214,200
31,215,349
31,216,175
31,217,245
31,218,190
31,219,273
31,220,201
31,221,717
31,222,201
31,223,276
31,224,211
31,225,302
31,226,215
31,227,307
31,228,218
31,229,309
31,230,240
31,231,304
31,232,245
31,233,338
31,234,259
31,235,3466
31,236,278
31,237,361
31,238,353
31,239,382
31,240,326
31,241,395
31,242,361
31,243,423
31,244,366
31,245,622
31,246,452
31,247,460
31,248,412
31,249,499
31,250,431
31,251,506
31,252,466
31,253,510
31,254,535
31,255,498
31,256,417
32,1,282
32,2,322
32,3,299
32,4,327
32,5,298
32,6,325
32,7,329
32,8,553
32,9,321
32,10,361
32,11,318
32,12,347
32,13,382
32,14,358
32,15,338
32,16,363
32,17,322
32,18,355
32,19,317
32,20,351
32,21,310
32,22,362
32,23,2404
32,24,358
32,25,332
32,26,358
32,27,352
32,28,806
32,29,338
32,30,444
32,31,359
32,32,388
32,33,357
32,34,405
32,35,376
32,36,404
32,37,412
32,38,527
32,39,403
32,40,432
32,41,394
32,42,434
32,43,409
32,44,416
32,45,333
32,46,340
32,47,278
32,48,250
32,49,269
32,50,230
32,51,318
32,52,326
32,53,240
32,54,269
32,55,273
32,56,265
32,57,238
32,58,259
32,59,385
32,60,259
32,61,269
32,62,257
32,63,233
32,64,308
32,65,233
32,66,246
32,67,249
32,68,277
32,69,235
32,70,250
32,71,411
32,72,239
32,73,341
32,74,244
32,75,248
32,76,274
32,77,255
32,78,247
32,79,234
32,80,263
32,81,229
32,82,222
32,83,232
32,84,224
32,85,212
32,86,224
32,87,223
32,88,279
32,89,216
32,90,230
32,91,227
32,92,263
32,93,216
32,94,218
32,95,232
32,96,212
32,97,230
32,98,218
32,99,234
32,100,220
32,101,216
32,102,209
32,103,281
32,104,214
32,105,209
32,106,201
32,107,209
32,108,213
32,109,209
32,110,202
32,111,208
32,112,205
32,113,194
32,114,210
32,115,198
32,116,204
32,117,195
32,118,205
32,119,222
32,120,202
32,121,190
32,122,207
32,123,180
32,124,220
32,125,176
32,126,198
32,127,188
32,128,191
32,129,161
32,130,189
32,131,162
32,132,170
32,133,157
32,134,137
32,135,160
32,136,116
32,137,143
32,138,136
32,139,158
32,140,133
32,141,138
32,142,124
32,143,1536
32,144,424
32,145,159
32,146,125
32,147,144
32,148,210
32,149,146
32,150,140
32,151,145
32,152,140
32,153,146
32,154,133
32,155,185
32,156,146
32,157,186
32,158,160
32,159,166
32,160,198
32,161,182
32,162,148
32,163,155
32,164,148
32,165,156
32,166,155
32,167,159
32,168,151
32,169,163
32,170,172
32,171,186
32,172,156
32,173,170
32,174,190
32,175,159
32,176,155
32,177,173
32,178,195
32,179,1853
32,180,164
32,181,191
32,182,165
32,183,209
32,184,176
32,185,199
32,186,148
32,187,173
32,188,192
32,189,188
32,190,150
32,191,210
32,192,164
32,193,186
32,194,150
32,195,186
32,196,159
32,197,213
32,198,192
32,199,183
32,200,169
32,201,202
32,202,177
32,203,200
32,204,163
32,205,207
32,206,173
32,207,212
32,208,173
32,209,219
32,210,1504
32,211,256
32,212,175
32,213,331
32,214,200
32,215,349
32,216,175
32,217,245
32,218,190
32,219,273
32,220,201
32,221,717
32,222,201
32,223,276
32,224,211
32,225,302
32,226,215
32,227,307
32,228,218
32,229,309
32,230,240
32,231,304
32,232,245
32,233,338
32,234,259
32,235,3466
32,236,278
32,237,361
32,238,353
32,239,382
32,240,326
32,241,395
32,242,361
32,243,423
32,244,366
32,245,622
32,246,452
32,247,460
32,248,412
32,249,499
32,250,431
32,251,506
32,252,466
32,253,510
32,254,535
32,255,498
32,256,417
