Line,Band,Value
1,1,283
1,2,323
1,3,298
1,4,326
1,5,302
1,6,326
1,7,331
1,8,560
1,9,324
1,10,363
1,11,321
1,12,349
1,13,384
1,14,360
1,15,340
1,16,365
1,17,323
1,18,357
1,19,319
1,20,353
1,21,311
1,22,364
1,23,2398
1,24,359
1,25,333
1,26,360
1,27,352
1,28,810
1,29,341
1,30,453
1,31,361
1,32,389
1,33,358
1,34,407
1,35,376
1,36,406
1,37,413
1,38,529
1,39,406
1,40,434
1,41,393
1,42,437
1,43,410
1,44,416
1,45,334
1,46,340
1,47,281
1,48,251
1,49,266
1,50,230
1,51,317
1,52,340
1,53,247
1,54,276
1,55,280
1,56,271
1,57,244
1,58,268
1,59,392
1,60,265
1,61,277
1,62,263
1,63,237
1,64,315
1,65,238
1,66,251
1,67,255
1,68,283
1,69,242
1,70,252
1,71,415
1,72,243
1,73,333
1,74,247
1,75,255
1,76,279
1,77,258
1,78,250
1,79,239
1,80,264
1,81,233
1,82,226
1,83,235
1,84,229
1,85,215
1,86,227
1,87,226
1,88,282
1,89,220
1,90,234
1,91,232
1,92,272
1,93,218
1,94,222
1,95,233
1,96,216
1,97,233
1,98,218
1,99,233
1,100,222
1,101,216
1,102,213
1,103,275
1,104,215
1,105,212
1,106,202
1,107,211
1,108,214
1,109,210
1,110,203
1,111,210
1,112,207
1,113,195
1,114,211
1,115,198
1,116,205
1,117,197
1,118,205
1,119,223
1,120,203
1,121,191
1,122,207
1,123,180
1,124,222
1,125,178
1,126,199
1,127,187
1,128,193
1,129,164
1,130,191
1,131,163
1,132,171
1,133,157
1,134,139
1,135,166
1,136,116
1,137,142
1,138,137
1,139,158
1,140,134
1,141,139
1,142,125
1,143,1519
1,144,425
1,145,160
1,146,125
1,147,144
1,148,209
1,149,147
1,150,141
1,151,145
1,152,140
1,153,147
1,154,133
1,155,186
1,156,146
1,157,186
1,158,159
1,159,164
1,160,198
1,161,182
1,162,148
1,163,154
1,164,148
1,165,156
1,166,154
1,167,158
1,168,150
1,169,162
1,170,171
1,171,185
1,172,156
1,173,167
1,174,191
1,175,160
1,176,154
1,177,172
1,178,191
1,179,1859
1,180,163
1,181,193
1,182,165
1,183,211
1,184,173
1,185,199
1,186,148
1,187,173
1,188,192
1,189,187
1,190,149
1,191,209
1,192,165
1,193,186
1,194,151
1,195,185
1,196,158
1,197,212
1,198,192
1,199,184
1,200,168
1,201,200
1,202,176
1,203,198
1,204,164
1,205,208
1,206,173
1,207,212
1,208,174
1,209,221
1,210,1509
1,211,255
1,212,175
1,213,332
1,214,204
1,215,341
1,216,176
1,217,246
1,218,191
1,219,274
1,220,202
1,221,702
1,222,203
1,223,278
1,224,213
1,225,298
1,226,218
1,227,308
1,228,220
1,229,311
1,230,241
1,231,306
1,232,246
1,233,336
1,234,262
1,235,3458
1,236,282
1,237,363
1,238,355
1,239,385
1,240,329
1,241,398
1,242,356
1,243,426
1,244,371
1,245,625
1,246,456
1,247,463
1,248,416
1,249,505
1,250,438
1,251,511
1,252,472
1,253,515
1,254,536
1,255,502
1,256,422
2,1,283
2,2,323
2,3,298
2,4,326
2,5,302
2,6,326
2,7,331
2,8,560
2,9,324
2,10,363
2,11,321
2,12,349
2,13,384
2,14,360
2,15,340
2,16,365
2,17,323
2,18,357
2,19,319
2,20,353
2,21,311
2,22,364
2,23,2398
2,24,359
2,25,333
2,26,360
2,27,352
2,28,810
2,29,341
2,30,453
2,31,361
2,32,389
2,33,358
2,34,407
2,35,376
2,36,406
2,37,413
2,38,529
2,39,406
2,40,434
2,41,393
2,42,437
2,43,410
2,44,416
2,45,334
2,46,340
2,47,281
2,48,251
2,49,266
2,50,230
2,51,317
2,52,340
2,53,247
2,54,276
2,55,280
2,56,271
2,57,244
2,58,268
2,59,392
2,60,265
2,61,277
2,62,263
2,63,237
2,64,315
2,65,238
2,66,251
2,67,255
2,68,283
2,69,242
2,70,252
2,71,415
2,72,243
2,73,333
2,74,247
2,75,255
2,76,279
2,77,258
2,78,250
2,79,239
2,80,264
2,81,233
2,82,226
2,83,235
2,84,229
2,85,215
2,86,227
2,87,226
2,88,282
2,89,220
2,90,234
2,91,232
2,92,272
2,93,218
2,94,222
2,95,233
2,96,216
2,97,233
2,98,218
2,99,233
2,100,222
2,101,216
2,102,213
2,103,275
2,104,215
2,105,212
2,106,202
2,107,211
2,108,214
2,109,210
2,110,203
2,111,210
2,112,207
2,113,195
2,114,211
2,115,198
2,116,205
2,117,197
2,118,205
2,119,223
2,120,203
2,121,191
2,122,207
2,123,180
2,124,222
2,125,178
2,126,199
2,127,187
2,128,193
2,129,164
2,130,191
2,131,163
2,132,171
2,133,157
2,134,139
2,135,166
2,136,116
2,137,142
2,138,137
2,139,158
2,140,134
2,141,139
2,142,125
2,143,1519
2,144,425
2,145,160
2,146,125
2,147,144
2,148,209
2,149,147
2,150,141
2,151,145
2,152,140
2,153,147
2,154,133
2,155,186
2,156,146
2,157,186
2,158,159
2,159,164
2,160,198
2,161,182
2,162,148
2,163,154
2,164,148
2,165,156
2,166,154
2,167,158
2,168,150
2,169,162
2,170,171
2,171,185
2,172,156
2,173,167
2,174,191
2,175,160
2,176,154
2,177,172
2,178,191
2,179,1859
2,180,163
2,181,193
2,182,165
2,183,211
2,184,173
2,185,199
2,186,148
2,187,173
2,188,192
2,189,187
2,190,149
2,191,209
2,192,165
2,193,186
2,194,151
2,195,185
2,196,158
2,197,212
2,198,192
2,199,184
2,200,168
2,201,200
2,202,176
2,203,198
2,204,164
2,205,208
2,206,173
2,207,212
2,208,174
2,209,221
2,210,1509
2,211,255
2,212,175
2,213,332
2,214,204
2,215,341
2,216,176
2,217,246
2,218,191
2,219,274
2,220,202
2,221,702
2,222,203
2,223,278
2,224,213
2,225,298
2,226,218
2,227,308
2,228,220
2,229,311
2,230,241
2,231,306
2,232,246
2,233,336
2,234,262
2,235,3458
2,236,282
2,237,363
2,238,355
2,239,385
2,240,329
2,241,398
2,242,356
2,243,426
2,244,371
2,245,625
2,246,456
2,247,463
2,248,416
2,249,505
2,250,438
2,251,511
2,252,472
2,253,515
2,254,536
2,255,502
2,256,422
3,1,286
3,2,324
3,3,302
3,4,328
3,5,302
3,6,329
3,7,332
3,8,561
3,9,324
3,10,364
3,11,321
3,12,351
3,13,387
3,14,362
3,15,341
3,16,367
3,17,325
3,18,357
3,19,320
3,20,351
3,21,310
3,22,366
3,23,2440
3,24,358
3,25,334
3,26,360
3,27,354
3,28,810
3,29,341
3,30,453
3,31,361
3,32,389
3,33,359
3,34,408
3,35,376
3,36,406
3,37,415
3,38,530
3,39,407
3,40,435
3,41,395
3,42,438
3,43,411
3,44,418
3,45,336
3,46,340
3,47,281
3,48,251
3,49,273
3,50,231
3,51,311
3,52,338
3,53,249
3,54,277
3,55,279
3,56,271
3,57,248
3,58,267
3,59,392
3,60,266
3,61,277
3,62,263
3,63,239
3,64,316
3,65,239
3,66,251
3,67,255
3,68,283
3,69,242
3,70,253
3,71,417
3,72,245
3,73,333
3,74,248
3,75,254
3,76,278
3,77,259
3,78,252
3,79,241
3,80,263
3,81,235
3,82,226
3,83,236
3,84,230
3,85,216
3,86,227
3,87,226
3,88,282
3,89,219
3,90,234
3,91,233
3,92,272
3,93,220
3,94,221
3,95,235
3,96,216
3,97,233
3,98,219
3,99,235
3,100,222
3,101,218
3,102,214
3,103,282
3,104,216
3,105,213
3,106,202
3,107,210
3,108,214
3,109,212
3,110,205
3,111,210
3,112,207
3,113,197
3,114,209
3,115,200
3,116,206
3,117,198
3,118,206
3,119,225
3,120,203
3,121,191
3,122,207
3,123,182
3,124,226
3,125,178
3,126,200
3,127,189
3,128,193
3,129,163
3,130,190
3,131,163
3,132,171
3,133,158
3,134,138
3,135,162
3,136,115
3,137,141
3,138,137
3,139,159
3,140,134
3,141,139
3,142,125
3,143,1525
3,144,425
3,145,161
3,146,125
3,147,145
3,148,208
3,149,146
3,150,140
3,151,145
3,152,140
3,153,147
3,154,133
3,155,188
3,156,148
3,157,186
3,158,159
3,159,166
3,160,200
3,161,182
3,162,148
3,163,155
3,164,147
3,165,154
3,166,156
3,167,160
3,168,149
3,169,164
3,170,172
3,171,186
3,172,156
3,173,170
3,174,190
3,175,161
3,176,154
3,177,173
3,178,193
3,179,1849
3,180,165
3,181,194
3,182,167
3,183,212
3,184,176
3,185,200
3,186,149
3,187,174
3,188,193
3,189,190
3,190,150
3,191,210
3,192,164
3,193,187
3,194,151
3,195,186
3,196,159
3,197,214
3,198,190
3,199,184
3,200,167
3,201,203
3,202,177
3,203,200
3,204,164
3,205,208
3,206,174
3,207,213
3,208,172
3,209,221
3,210,1508
3,211,255
3,212,176
3,213,335
3,214,203
3,215,350
3,216,176
3,217,247
3,218,191
3,219,275
3,220,202
3,221,706
3,222,203
3,223,280
3,224,213
3,225,299
3,226,217
3,227,308
3,228,220
3,229,312
3,230,242
3,231,308
3,232,245
3,233,340
3,234,261
3,235,3466
3,236,281
3,237,365
3,238,356
3,239,386
3,240,329
3,241,399
3,242,357
3,243,425
3,244,371
3,245,624
3,246,454
3,247,466
3,248,417
3,249,504
3,250,435
3,251,511
3,252,472
3,253,516
3,254,550
3,255,505
3,256,421
4,1,286
4,2,324
4,3,302
4,4,328
4,5,302
4,6,329
4,7,332
4,8,561
4,9,324
4,10,364
4,11,321
4,12,351
4,13,387
4,14,362
4,15,341
4,16,367
4,17,325
4,18,357
4,19,320
4,20,351
4,21,310
4,22,366
4,23,2440
4,24,358
4,25,334
4,26,360
4,27,354
4,28,810
4,29,341
4,30,453
4,31,361
4,32,389
4,33,359
4,34,408
4,35,376
4,36,406
4,37,415
4,38,530
4,39,407
4,40,435
4,41,395
4,42,438
4,43,411
4,44,418
4,45,336
4,46,340
4,47,281
4,48,251
4,49,273
4,50,231
4,51,311
4,52,338
4,53,249
4,54,277
4,55,279
4,56,271
4,57,248
4,58,267
4,59,392
4,60,266
4,61,277
4,62,263
4,63,239
4,64,316
4,65,239
4,66,251
4,67,255
4,68,283
4,69,242
4,70,253
4,71,417
4,72,245
4,73,333
4,74,248
4,75,254
4,76,278
4,77,259
4,78,252
4,79,241
4,80,263
4,81,235
4,82,226
4,83,236
4,84,230
4,85,216
4,86,227
4,87,226
4,88,282
4,89,219
4,90,234
4,91,233
4,92,272
4,93,220
4,94,221
4,95,235
4,96,216
4,97,233
4,98,219
4,99,235
4,100,222
4,101,218
4,102,214
4,103,282
4,104,216
4,105,213
4,106,202
4,107,210
4,108,214
4,109,212
4,110,205
4,111,210
4,112,207
4,113,197
4,114,209
4,115,200
4,116,206
4,117,198
4,118,206
4,119,225
4,120,203
4,121,191
4,122,207
4,123,182
4,124,226
4,125,178
4,126,200
4,127,189
4,128,193
4,129,163
4,130,190
4,131,163
4,132,171
4,133,158
4,134,138
4,135,162
4,136,115
4,137,141
4,138,137
4,139,159
4,140,134
4,141,139
4,142,125
4,143,1525
4,144,425
4,145,161
4,146,125
4,147,145
4,148,208
4,149,146
4,150,140
4,151,145
4,152,140
4,153,147
4,154,133
4,155,188
4,156,148
4,157,186
4,158,159
4,159,166
4,160,200
4,161,182
4,162,148
4,163,155
4,164,147
4,165,154
4,166,156
4,167,160
4,168,149
4,169,164
4,170,172
4,171,186
4,172,156
4,173,170
4,174,190
4,175,161
4,176,154
4,177,173
4,178,193
4,179,1849
4,180,165
4,181,194
4,182,167
4,183,212
4,184,176
4,185,200
4,186,149
4,187,174
4,188,193
4,189,190
4,190,150
4,191,210
4,192,164
4,193,187
4,194,151
4,195,186
4,196,159
4,197,214
4,198,190
4,199,184
4,200,167
4,201,203
4,202,177
4,203,200
4,204,164
4,205,208
4,206,174
4,207,213
4,208,172
4,209,221
4,210,1508
4,211,255
4,212,176
4,213,335
4,214,203
4,215,350
4,216,176
4,217,247
4,218,191
4,219,275
4,220,202
4,221,706
4,222,203
4,223,280
4,224,213
4,225,299
4,226,217
4,227,308
4,228,220
4,229,312
4,230,242
4,231,308
4,232,245
4,233,340
4,234,261
4,235,3466
4,236,281
4,237,365
4,238,356
4,239,386
4,240,329
4,241,399
4,242,357
4,243,425
4,244,371
4,245,624
4,246,454
4,247,466
4,248,417
4,249,504
4,250,435
4,251,511
4,252,472
4,253,516
4,254,550
4,255,505
4,256,421
5,1,285
5,2,325
5,3,303
5,4,327
5,5,303
5,6,327
5,7,332
5,8,558
5,9,323
5,10,363
5,11,323
5,12,351
5,13,385
5,14,363
5,15,341
5,16,366
5,17,323
5,18,358
5,19,321
5,20,353
5,21,311
5,22,365
5,23,2401
5,24,359
5,25,333
5,26,359
5,27,354
5,28,810
5,29,342
5,30,446
5,31,361
5,32,390
5,33,359
5,34,408
5,35,377
5,36,408
5,37,414
5,38,530
5,39,406
5,40,434
5,41,395
5,42,437
5,43,411
5,44,417
5,45,336
5,46,338
5,47,281
5,48,250
5,49,268
5,50,230
5,51,317
5,52,337
5,53,247
5,54,277
5,55,282
5,56,272
5,57,245
5,58,267
5,59,391
5,60,265
5,61,274
5,62,263
5,63,239
5,64,316
5,65,237
5,66,252
5,67,252
5,68,284
5,69,243
5,70,252
5,71,415
5,72,244
5,73,334
5,74,247
5,75,254
5,76,280
5,77,259
5,78,251
5,79,239
5,80,264
5,81,234
5,82,226
5,83,236
5,84,230
5,85,216
5,86,229
5,87,227
5,88,283
5,89,219
5,90,234
5,91,231
5,92,270
5,93,220
5,94,222
5,95,235
5,96,216
5,97,234
5,98,219
5,99,234
5,100,222
5,101,217
5,102,213
5,103,278
5,104,216
5,105,212
5,106,201
5,107,212
5,108,215
5,109,210
5,110,203
5,111,211
5,112,208
5,113,196
5,114,212
5,115,199
5,116,206
5,117,197
5,118,207
5,119,225
5,120,203
5,121,191
5,122,207
5,123,181
5,124,226
5,125,178
5,126,200
5,127,190
5,128,194
5,129,164
5,130,192
5,131,163
5,132,173
5,133,157
5,134,138
5,135,161
5,136,117
5,137,143
5,138,137
5,139,159
5,140,134
5,141,138
5,142,124
5,143,1523
5,144,424
5,145,160
5,146,126
5,147,144
5,148,208
5,149,147
5,150,141
5,151,145
5,152,140
5,153,147
5,154,133
5,155,187
5,156,147
5,157,185
5,158,159
5,159,166
5,160,200
5,161,181
5,162,147
5,163,155
5,164,148
5,165,155
5,166,154
5,167,159
5,168,151
5,169,162
5,170,172
5,171,185
5,172,157
5,173,169
5,174,189
5,175,160
5,176,154
5,177,174
5,178,192
5,179,1845
5,180,165
5,181,194
5,182,165
5,183,211
5,184,175
5,185,200
5,186,148
5,187,174
5,188,194
5,189,189
5,190,149
5,191,209
5,192,165
5,193,187
5,194,152
5,195,185
5,196,157
5,197,215
5,198,191
5,199,184
5,200,168
5,201,202
5,202,176
5,203,199
5,204,165
5,205,209
5,206,173
5,207,213
5,208,173
5,209,221
5,210,1511
5,211,255
5,212,175
5,213,332
5,214,204
5,215,356
5,216,175
5,217,246
5,218,190
5,219,274
5,220,202
5,221,707
5,222,203
5,223,278
5,224,212
5,225,297
5,226,217
5,227,308
5,228,220
5,229,312
5,230,244
5,231,306
5,232,246
5,233,339
5,234,263
5,235,3479
5,236,281
5,237,365
5,238,360
5,239,387
5,240,329
5,241,398
5,242,355
5,243,425
5,244,371
5,245,626
5,246,455
5,247,466
5,248,416
5,249,503
5,250,436
5,251,510
5,252,471
5,253,517
5,254,536
5,255,504
5,256,422
6,1,285
6,2,325
6,3,303
6,4,327
6,5,303
6,6,327
6,7,332
6,8,558
6,9,323
6,10,363
6,11,323
6,12,351
6,13,385
6,14,363
6,15,341
6,16,366
6,17,323
6,18,358
6,19,321
6,20,353
6,21,311
6,22,365
6,23,2401
6,24,359
6,25,333
6,26,359
6,27,354
6,28,810
6,29,342
6,30,446
6,31,361
6,32,390
6,33,359
6,34,408
6,35,377
6,36,408
6,37,414
6,38,530
6,39,406
6,40,434
6,41,395
6,42,437
6,43,411
6,44,417
6,45,336
6,46,338
6,47,281
6,48,250
6,49,268
6,50,230
6,51,317
6,52,337
6,53,247
6,54,277
6,55,282
6,56,272
6,57,245
6,58,267
6,59,391
6,60,265
6,61,274
6,62,263
6,63,239
6,64,316
6,65,237
6,66,252
6,67,252
6,68,284
6,69,243
6,70,252
6,71,415
6,72,244
6,73,334
6,74,247
6,75,254
6,76,280
6,77,259
6,78,251
6,79,239
6,80,264
6,81,234
6,82,226
6,83,236
6,84,230
6,85,216
6,86,229
6,87,227
6,88,283
6,89,219
6,90,234
6,91,231
6,92,270
6,93,220
6,94,222
6,95,235
6,96,216
6,97,234
6,98,219
6,99,234
6,100,222
6,101,217
6,102,213
6,103,278
6,104,216
6,105,212
6,106,201
6,107,212
6,108,215
6,109,210
6,110,203
6,111,211
6,112,208
6,113,196
6,114,212
6,115,199
6,116,206
6,117,197
6,118,207
6,119,225
6,120,203
6,121,191
6,122,207
6,123,181
6,124,226
6,125,178
6,126,200
6,127,190
6,128,194
6,129,164
6,130,192
6,131,163
6,132,173
6,133,157
6,134,138
6,135,161
6,136,117
6,137,143
6,138,137
6,139,159
6,140,134
6,141,138
6,142,124
6,143,1523
6,144,424
6,145,160
6,146,126
6,147,144
6,148,208
6,149,147
6,150,141
6,151,145
6,152,140
6,153,147
6,154,133
6,155,187
6,156,147
6,157,185
6,158,159
6,159,166
6,160,200
6,161,181
6,162,147
6,163,155
6,164,148
6,165,155
6,166,154
6,167,159
6,168,151
6,169,162
6,170,172
6,171,185
6,172,157
6,173,169
6,174,189
6,175,160
6,176,154
6,177,174
6,178,192
6,179,1845
6,180,165
6,181,194
6,182,165
6,183,211
6,184,175
6,185,200
6,186,148
6,187,174
6,188,194
6,189,189
6,190,149
6,191,209
6,192,165
6,193,187
6,194,152
6,195,185
6,196,157
6,197,215
6,198,191
6,199,184
6,200,168
6,201,202
6,202,176
6,203,199
6,204,165
6,205,209
6,206,173
6,207,213
6,208,173
6,209,221
6,210,1511
6,211,255
6,212,175
6,213,332
6,214,204
6,215,356
6,216,175
6,217,246
6,218,190
6,219,274
6,220,202
6,221,707
6,222,203
6,223,278
6,224,212
6,225,297
6,226,217
6,227,308
6,228,220
6,229,312
6,230,244
6,231,306
6,232,246
6,233,339
6,234,263
6,235,3479
6,236,281
6,237,365
6,238,360
6,239,387
6,240,329
6,241,398
6,242,355
6,243,425
6,244,371
6,245,626
6,246,455
6,247,466
6,248,416
6,249,503
6,250,436
6,251,510
6,252,471
6,253,517
6,254,536
6,255,504
6,256,422
7,1,283
7,2,323
7,3,302
7,4,328
7,5,302
7,6,328
7,7,330
7,8,563
7,9,324
7,10,365
7,11,321
7,12,350
7,13,385
7,14,360
7,15,340
7,16,365
7,17,323
7,18,358
7,19,321
7,20,351
7,21,313
7,22,365
7,23,2400
7,24,358
7,25,334
7,26,360
7,27,353
7,28,811
7,29,341
7,30,445
7,31,362
7,32,388
7,33,358
7,34,406
7,35,377
7,36,407
7,37,414
7,38,529
7,39,406
7,40,431
7,41,397
7,42,437
7,43,411
7,44,415
7,45,332
7,46,339
7,47,282
7,48,250
7,49,267
7,50,231
7,51,312
7,52,333
7,53,247
7,54,276
7,55,280
7,56,270
7,57,245
7,58,266
7,59,392
7,60,265
7,61,276
7,62,263
7,63,238
7,64,315
7,65,237
7,66,251
7,67,253
7,68,283
7,69,243
7,70,252
7,71,416
7,72,244
7,73,330
7,74,247
7,75,253
7,76,279
7,77,259
7,78,251
7,79,241
7,80,262
7,81,233
7,82,225
7,83,234
7,84,229
7,85,217
7,86,229
7,87,226
7,88,282
7,89,220
7,90,234
7,91,232
7,92,270
7,93,219
7,94,219
7,95,234
7,96,216
7,97,233
7,98,219
7,99,234
7,100,221
7,101,217
7,102,213
7,103,279
7,104,215
7,105,212
7,106,202
7,107,211
7,108,215
7,109,210
7,110,204
7,111,210
7,112,207
7,113,196
7,114,210
7,115,199
7,116,205
7,117,198
7,118,206
7,119,223
7,120,202
7,121,190
7,122,207
7,123,181
7,124,225
7,125,177
7,126,199
7,127,189
7,128,193
7,129,164
7,130,190
7,131,163
7,132,172
7,133,156
7,134,138
7,135,162
7,136,115
7,137,142
7,138,137
7,139,158
7,140,132
7,141,139
7,142,124
7,143,1520
7,144,423
7,145,161
7,146,125
7,147,143
7,148,209
7,149,146
7,150,139
7,151,145
7,152,138
7,153,146
7,154,131
7,155,185
7,156,147
7,157,187
7,158,159
7,159,165
7,160,199
7,161,182
7,162,148
7,163,156
7,164,148
7,165,155
7,166,155
7,167,159
7,168,151
7,169,162
7,170,172
7,171,185
7,172,155
7,173,169
7,174,191
7,175,160
7,176,154
7,177,174
7,178,192
7,179,1846
7,180,164
7,181,194
7,182,163
7,183,213
7,184,175
7,185,200
7,186,148
7,187,174
7,188,192
7,189,188
7,190,149
7,191,210
7,192,164
7,193,186
7,194,151
7,195,186
7,196,158
7,197,213
7,198,192
7,199,184
7,200,168
7,201,201
7,202,177
7,203,199
7,204,165
7,205,208
7,206,173
7,207,212
7,208,173
7,209,222
7,210,1507
7,211,255
7,212,177
7,213,332
7,214,201
7,215,345
7,216,175
7,217,244
7,218,191
7,219,273
7,220,201
7,221,709
7,222,204
7,223,279
7,224,213
7,225,298
7,226,216
7,227,307
7,228,220
7,229,311
7,230,242
7,231,307
7,232,247
7,233,338
7,234,262
7,235,3488
7,236,280
7,237,363
7,238,354
7,239,386
7,240,330
7,241,398
7,242,357
7,243,427
7,244,369
7,245,625
7,246,457
7,247,465
7,248,417
7,249,504
7,250,438
7,251,509
7,252,472
7,253,514
7,254,534
7,255,504
7,256,422
8,1,283
8,2,323
8,3,302
8,4,328
8,5,302
8,6,328
8,7,330
8,8,563
8,9,324
8,10,365
8,11,321
8,12,350
8,13,385
8,14,360
8,15,340
8,16,365
8,17,323
8,18,358
8,19,321
8,20,351
8,21,313
8,22,365
8,23,2400
8,24,358
8,25,334
8,26,360
8,27,353
8,28,811
8,29,341
8,30,445
8,31,362
8,32,388
8,33,358
8,34,406
8,35,377
8,36,407
8,37,414
8,38,529
8,39,406
8,40,431
8,41,397
8,42,437
8,43,411
8,44,415
8,45,332
8,46,339
8,47,282
8,48,250
8,49,267
8,50,231
8,51,312
8,52,333
8,53,247
8,54,276
8,55,280
8,56,270
8,57,245
8,58,266
8,59,392
8,60,265
8,61,276
8,62,263
8,63,238
8,64,315
8,65,237
8,66,251
8,67,253
8,68,283
8,69,243
8,70,252
8,71,416
8,72,244
8,73,330
8,74,247
8,75,253
8,76,279
8,77,259
8,78,251
8,79,241
8,80,262
8,81,233
8,82,225
8,83,234
8,84,229
8,85,217
8,86,229
8,87,226
8,88,282
8,89,220
8,90,234
8,91,232
8,92,270
8,93,219
8,94,219
8,95,234
8,96,216
8,97,233
8,98,219
8,99,234
8,100,221
8,101,217
8,102,213
8,103,279
8,104,215
8,105,212
8,106,202
8,107,211
8,108,215
8,109,210
8,110,204
8,111,210
8,112,207
8,113,196
8,114,210
8,115,199
8,116,205
8,117,198
8,118,206
8,119,223
8,120,202
8,121,190
8,122,207
8,123,181
8,124,225
8,125,177
8,126,199
8,127,189
8,128,193
8,129,164
8,130,190
8,131,163
8,132,172
8,133,156
8,134,138
8,135,162
8,136,115
8,137,142
8,138,137
8,139,158
8,140,132
8,141,139
8,142,124
8,143,1520
8,144,423
8,145,161
8,146,125
8,147,143
8,148,209
8,149,146
8,150,139
8,151,145
8,152,138
8,153,146
8,154,131
8,155,185
8,156,147
8,157,187
8,158,159
8,159,165
8,160,199
8,161,182
8,162,148
8,163,156
8,164,148
8,165,155
8,166,155
8,167,159
8,168,151
8,169,162
8,170,172
8,171,185
8,172,155
8,173,169
8,174,191
8,175,160
8,176,154
8,177,174
8,178,192
8,179,1846
8,180,164
8,181,194
8,182,163
8,183,213
8,184,175
8,185,200
8,186,148
8,187,174
8,188,192
8,189,188
8,190,149
8,191,210
8,192,164
8,193,186
8,194,151
8,195,186
8,196,158
8,197,213
8,198,192
8,199,184
8,200,168
8,201,201
8,202,177
8,203,199
8,204,165
8,205,208
8,206,173
8,207,212
8,208,173
8,209,222
8,210,1507
8,211,255
8,212,177
8,213,332
8,214,201
8,215,345
8,216,175
8,217,244
8,218,191
8,219,273
8,220,201
8,221,709
8,222,204
8,223,279
8,224,213
8,225,298
8,226,216
8,227,307
8,228,220
8,229,311
8,230,242
8,231,307
8,232,247
8,233,338
8,234,262
8,235,3488
8,236,280
8,237,363
8,238,354
8,239,386
8,240,330
8,241,398
8,242,357
8,243,427
8,244,369
8,245,625
8,246,457
8,247,465
8,248,417
8,249,504
8,250,438
8,251,509
8,252,472
8,253,514
8,254,534
8,255,504
8,256,422
9,1,295
9,2,327
9,3,302
9,4,327
9,5,302
9,6,326
9,7,331
9,8,565
9,9,324
9,10,365
9,11,321
9,12,349
9,13,385
9,14,361
9,15,341
9,16,366
9,17,323
9,18,358
9,19,319
9,20,353
9,21,312
9,22,364
9,23,2399
9,24,360
9,25,334
9,26,360
9,27,354
9,28,810
9,29,342
9,30,446
9,31,360
9,32,389
9,33,358
9,34,406
9,35,378
9,36,406
9,37,413
9,38,527
9,39,406
9,40,432
9,41,394
9,42,436
9,43,409
9,44,415
9,45,334
9,46,338
9,47,281
9,48,251
9,49,268
9,50,230
9,51,313
9,52,336
9,53,247
9,54,277
9,55,280
9,56,271
9,57,244
9,58,267
9,59,392
9,60,264
9,61,275
9,62,262
9,63,237
9,64,313
9,65,238
9,66,251
9,67,251
9,68,281
9,69,245
9,70,253
9,71,415
9,72,243
9,73,330
9,74,248
9,75,254
9,76,265
9,77,260
9,78,250
9,79,239
9,80,266
9,81,232
9,82,226
9,83,236
9,84,229
9,85,216
9,86,229
9,87,227
9,88,283
9,89,220
9,90,234
9,91,233
9,92,271
9,93,219
9,94,221
9,95,235
9,96,216
9,97,232
9,98,218
9,99,234
9,100,221
9,101,218
9,102,213
9,103,280
9,104,216
9,105,211
9,106,202
9,107,211
9,108,215
9,109,210
9,110,203
9,111,211
9,112,209
9,113,195
9,114,211
9,115,200
9,116,205
9,117,198
9,118,206
9,119,223
9,120,202
9,121,192
9,122,206
9,123,181
9,124,224
9,125,177
9,126,200
9,127,189
9,128,193
9,129,162
9,130,190
9,131,162
9,132,170
9,133,157
9,134,139
9,135,162
9,136,116
9,137,143
9,138,137
9,139,158
9,140,133
9,141,139
9,142,124
9,143,1521
9,144,425
9,145,159
9,146,125
9,147,143
9,148,210
9,149,147
9,150,140
9,151,145
9,152,137
9,153,146
9,154,132
9,155,185
9,156,148
9,157,185
9,158,160
9,159,166
9,160,200
9,161,180
9,162,148
9,163,154
9,164,147
9,165,157
9,166,155
9,167,158
9,168,150
9,169,163
9,170,173
9,171,187
9,172,155
9,173,170
9,174,189
9,175,160
9,176,154
9,177,173
9,178,194
9,179,1845
9,180,164
9,181,194
9,182,166
9,183,210
9,184,176
9,185,200
9,186,148
9,187,173
9,188,193
9,189,190
9,190,150
9,191,209
9,192,164
9,193,186
9,194,151
9,195,186
9,196,159
9,197,214
9,198,190
9,199,185
9,200,169
9,201,202
9,202,176
9,203,200
9,204,164
9,205,207
9,206,173
9,207,212
9,208,172
9,209,222
9,210,1511
9,211,256
9,212,175
9,213,332
9,214,202
9,215,345
9,216,177
9,217,246
9,218,190
9,219,274
9,220,202
9,221,705
9,222,202
9,223,277
9,224,213
9,225,299
9,226,217
9,227,308
9,228,220
9,229,311
9,230,242
9,231,307
9,232,247
9,233,337
9,234,262
9,235,3479
9,236,280
9,237,363
9,238,356
9,239,386
9,240,329
9,241,398
9,242,358
9,243,426
9,244,369
9,245,627
9,246,456
9,247,466
9,248,417
9,249,505
9,250,438
9,251,512
9,252,472
9,253,517
9,254,545
9,255,503
9,256,422
10,1,295
10,2,327
10,3,302
10,4,327
10,5,302
10,6,326
10,7,331
10,8,565
10,9,324
10,10,365
10,11,321
10,12,349
10,13,385
10,14,361
10,15,341
10,16,366
10,17,323
10,18,358
10,19,319
10,20,353
10,21,312
10,22,364
10,23,2399
10,24,360
10,25,334
10,26,360
10,27,354
10,28,810
10,29,342
10,30,446
10,31,360
10,32,389
10,33,358
10,34,406
10,35,378
10,36,406
10,37,413
10,38,527
10,39,406
10,40,432
10,41,394
10,42,436
10,43,409
10,44,415
10,45,334
10,46,338
10,47,281
10,48,251
10,49,268
10,50,230
10,51,313
10,52,336
10,53,247
10,54,277
10,55,280
10,56,271
10,57,244
10,58,267
10,59,392
10,60,264
10,61,275
10,62,262
10,63,237
10,64,313
10,65,238
10,66,251
10,67,251
10,68,281
10,69,245
10,70,253
10,71,415
10,72,243
10,73,330
10,74,248
10,75,254
10,76,265
10,77,260
10,78,250
10,79,239
10,80,266
10,81,232
10,82,226
10,83,236
10,84,229
10,85,216
10,86,229
10,87,227
10,88,283
10,89,220
10,90,234
10,91,233
10,92,271
10,93,219
10,94,221
10,95,235
10,96,216
10,97,232
10,98,218
10,99,234
10,100,221
10,101,218
10,102,213
10,103,280
10,104,216
10,105,211
10,106,202
10,107,211
10,108,215
10,109,210
10,110,203
10,111,211
10,112,209
10,113,195
10,114,211
10,115,200
10,116,205
10,117,198
10,118,206
10,119,223
10,120,202
10,121,192
10,122,206
10,123,181
10,124,224
10,125,177
10,126,200
10,127,189
10,128,193
10,129,162
10,130,190
10,131,162
10,132,170
10,133,157
10,134,139
10,135,162
10,136,116
10,137,143
10,138,137
10,139,158
10,140,133
10,141,139
10,142,124
10,143,1521
10,144,425
10,145,159
10,146,125
10,147,143
10,148,210
10,149,147
10,150,140
10,151,145
10,152,137
10,153,146
10,154,132
10,155,185
10,156,148
10,157,185
10,158,160
10,159,166
10,160,200
10,161,180
10,162,148
10,163,154
10,164,147
10,165,157
10,166,155
10,167,158
10,168,150
10,169,163
10,170,173
10,171,187
10,172,155
10,173,170
10,174,189
10,175,160
10,176,154
10,177,173
10,178,194
10,179,1845
10,180,164
10,181,194
10,182,166
10,183,210
10,184,176
10,185,200
10,186,148
10,187,173
10,188,193
10,189,190
10,190,150
10,191,209
10,192,164
10,193,186
10,194,151
10,195,186
10,196,159
10,197,214
10,198,190
10,199,185
10,200,169
10,201,202
10,202,176
10,203,200
10,204,164
10,205,207
10,206,173
10,207,212
10,208,172
10,209,222
10,210,1511
10,211,256
10,212,175
10,213,332
10,214,202
10,215,345
10,216,177
10,217,246
10,218,190
10,219,274
10,220,202
10,221,705
10,222,202
10,223,277
10,224,213
10,225,299
10,226,217
10,227,308
10,228,220
10,229,311
10,230,242
10,231,307
10,232,247
10,233,337
10,234,262
10,235,3479
10,236,280
10,237,363
10,238,356
10,239,386
10,240,329
10,241,398
10,242,358
10,243,426
10,244,369
10,245,627
10,246,456
10,247,466
10,248,417
10,249,505
10,250,438
10,251,512
10,252,472
10,253,517
10,254,545
10,255,503
10,256,422
11,1,285
11,2,325
11,3,300
11,4,328
11,5,300
11,6,328
11,7,330
11,8,566
11,9,322
11,10,366
11,11,321
11,12,349
11,13,386
11,14,362
11,15,339
11,16,367
11,17,326
11,18,358
11,19,320
11,20,352
11,21,310
11,22,366
11,23,2410
11,24,360
11,25,334
11,26,360
11,27,354
11,28,810
11,29,340
11,30,456
11,31,360
11,32,389
11,33,358
11,34,407
11,35,377
11,36,405
11,37,411
11,38,528
11,39,403
11,40,433
11,41,395
11,42,438
11,43,409
11,44,417
11,45,333
11,46,340
11,47,281
11,48,250
11,49,267
11,50,231
11,51,315
11,52,341
11,53,246
11,54,278
11,55,279
11,56,271
11,57,244
11,58,268
11,59,391
11,60,267
11,61,275
11,62,263
11,63,238
11,64,315
11,65,238
11,66,251
11,67,253
11,68,282
11,69,243
11,70,251
11,71,416
11,72,244
11,73,330
11,74,248
11,75,254
11,76,266
11,77,258
11,78,251
11,79,237
11,80,264
11,81,232
11,82,226
11,83,235
11,84,231
11,85,215
11,86,229
11,87,226
11,88,283
11,89,218
11,90,234
11,91,231
11,92,265
11,93,219
11,94,221
11,95,232
11,96,216
11,97,231
11,98,220
11,99,234
11,100,222
11,101,217
11,102,213
11,103,280
11,104,216
11,105,212
11,106,202
11,107,211
11,108,215
11,109,212
11,110,205
11,111,210
11,112,207
11,113,195
11,114,211
11,115,198
11,116,206
11,117,197
11,118,207
11,119,222
11,120,203
11,121,190
11,122,209
11,123,181
11,124,223
11,125,176
11,126,199
11,127,187
11,128,193
11,129,162
11,130,192
11,131,163
11,132,174
11,133,157
11,134,138
11,135,162
11,136,117
11,137,142
11,138,138
11,139,159
11,140,217
11,141,153
11,142,127
11,143,1522
11,144,424
11,145,158
11,146,125
11,147,143
11,148,212
11,149,145
11,150,141
11,151,144
11,152,140
11,153,146
11,154,134
11,155,184
11,156,148
11,157,186
11,158,160
11,159,165
11,160,199
11,161,181
11,162,150
11,163,153
11,164,149
11,165,155
11,166,155
11,167,158
11,168,151
11,169,162
11,170,173
11,171,186
11,172,156
11,173,168
11,174,194
11,175,159
11,176,156
11,177,173
11,178,192
11,179,1849
11,180,165
11,181,193
11,182,165
11,183,212
11,184,177
11,185,198
11,186,148
11,187,173
11,188,195
11,189,189
11,190,151
11,191,208
11,192,166
11,193,185
11,194,151
11,195,185
11,196,159
11,197,214
11,198,192
11,199,184
11,200,168
11,201,201
11,202,177
11,203,199
11,204,164
11,205,207
11,206,173
11,207,213
11,208,173
11,209,219
11,210,1510
11,211,255
11,212,177
11,213,333
11,214,204
11,215,348
11,216,175
11,217,247
11,218,191
11,219,274
11,220,203
11,221,710
11,222,202
11,223,278
11,224,215
11,225,299
11,226,218
11,227,308
11,228,220
11,229,313
11,230,243
11,231,307
11,232,247
11,233,337
11,234,263
11,235,3483
11,236,281
11,237,363
11,238,356
11,239,388
11,240,329
11,241,397
11,242,357
11,243,427
11,244,371
11,245,631
11,246,457
11,247,465
11,248,417
11,249,503
11,250,439
11,251,518
11,252,472
11,253,515
11,254,544
11,255,503
11,256,422
12,1,285
12,2,325
12,3,300
12,4,328
12,5,300
12,6,328
12,7,330
12,8,566
12,9,322
12,10,366
12,11,321
12,12,349
12,13,386
12,14,362
12,15,339
12,16,367
12,17,326
12,18,358
12,19,320
12,20,352
12,21,310
12,22,366
12,23,2410
12,24,360
12,25,334
12,26,360
12,27,354
12,28,810
12,29,340
12,30,456
12,31,360
12,32,389
12,33,358
12,34,407
12,35,377
12,36,405
12,37,411
12,38,528
12,39,403
12,40,433
12,41,395
12,42,438
12,43,409
12,44,417
12,45,333
12,46,340
12,47,281
12,48,250
12,49,267
12,50,231
12,51,315
12,52,341
12,53,246
12,54,278
12,55,279
12,56,271
12,57,244
12,58,268
12,59,391
12,60,267
12,61,275
12,62,263
12,63,238
12,64,315
12,65,238
12,66,251
12,67,253
12,68,282
12,69,243
12,70,251
12,71,416
12,72,244
12,73,330
12,74,248
12,75,254
12,76,266
12,77,258
12,78,251
12,79,237
12,80,264
12,81,232
12,82,226
12,83,235
12,84,231
12,85,215
12,86,229
12,87,226
12,88,283
12,89,218
12,90,234
12,91,231
12,92,265
12,93,219
12,94,221
12,95,232
12,96,216
12,97,231
12,98,220
12,99,234
12,100,222
12,101,217
12,102,213
12,103,280
12,104,216
12,105,212
12,106,202
12,107,211
12,108,215
12,109,212
12,110,205
12,111,210
12,112,207
12,113,195
12,114,211
12,115,198
12,116,206
12,117,197
12,118,207
12,119,222
12,120,203
12,121,190
12,122,209
12,123,181
12,124,223
12,125,176
12,126,199
12,127,187
12,128,193
12,129,162
12,130,192
12,131,163
12,132,174
12,133,157
12,134,138
12,135,162
12,136,117
12,137,142
12,138,138
12,139,159
12,140,217
12,141,153
12,142,127
12,143,1522
12,144,424
12,145,158
12,146,125
12,147,143
12,148,212
12,149,145
12,150,141
12,151,144
12,152,140
12,153,146
12,154,134
12,155,184
12,156,148
12,157,186
12,158,160
12,159,165
12,160,199
12,161,181
12,162,150
12,163,153
12,164,149
12,165,155
12,166,155
12,167,158
12,168,151
12,169,162
12,170,173
12,171,186
12,172,156
12,173,168
12,174,194
12,175,159
12,176,156
12,177,173
12,178,192
12,179,1849
12,180,165
12,181,193
12,182,165
12,183,212
12,184,177
12,185,198
12,186,148
12,187,173
12,188,195
12,189,189
12,190,151
12,191,208
12,192,166
12,193,185
12,194,151
12,195,185
12,196,159
12,197,214
12,198,192
12,199,184
12,200,168
12,201,201
12,202,177
12,203,199
12,204,164
12,205,207
12,206,173
12,207,213
12,208,173
12,209,219
12,210,1510
12,211,255
12,212,177
12,213,333
12,214,204
12,215,348
12,216,175
12,217,247
12,218,191
12,219,274
12,220,203
12,221,710
12,222,202
12,223,278
12,224,215
12,225,299
12,226,218
12,227,308
12,228,220
12,229,313
12,230,243
12,231,307
12,232,247
12,233,337
12,234,263
12,235,3483
12,236,281
12,237,363
12,238,356
12,239,388
12,240,329
12,241,397
12,242,357
12,243,427
12,244,371
12,245,631
12,246,457
12,247,465
12,248,417
12,249,503
12,250,439
12,251,518
12,252,472
12,253,515
12,254,544
12,255,503
12,256,422
13,1,286
13,2,322
13,3,302
13,4,328
13,5,301
13,6,327
13,7,332
13,8,567
13,9,322
13,10,363
13,11,320
13,12,349
13,13,385
13,14,361
13,15,342
13,16,364
13,17,324
13,18,359
13,19,320
13,20,353
13,21,311
13,22,365
13,23,2398
13,24,359
13,25,332
13,26,359
13,27,353
13,28,811
13,29,341
13,30,448
13,31,361
13,32,387
13,33,358
13,34,407
13,35,375
13,36,407
13,37,413
13,38,529
13,39,405
13,40,433
13,41,392
13,42,437
13,43,408
13,44,417
13,45,336
13,46,338
13,47,279
13,48,251
13,49,267
13,50,230
13,51,317
13,52,341
13,53,247
13,54,277
13,55,278
13,56,270
13,57,245
13,58,267
13,59,391
13,60,267
13,61,274
13,62,263
13,63,238
13,64,314
13,65,240
13,66,251
13,67,253
13,68,283
13,69,241
13,70,259
13,71,416
13,72,245
13,73,330
13,74,247
13,75,254
13,76,264
13,77,258
13,78,250
13,79,240
13,80,264
13,81,232
13,82,226
13,83,235
13,84,229
13,85,216
13,86,229
13,87,226
13,88,293
13,89,263
13,90,235
13,91,231
13,92,269
13,93,219
13,94,219
13,95,234
13,96,216
13,97,233
13,98,218
13,99,235
13,100,222
13,101,217
13,102,213
13,103,286
13,104,215
13,105,211
13,106,202
13,107,212
13,108,214
13,109,211
13,110,203
13,111,210
13,112,207
13,113,195
13,114,211
13,115,199
13,116,206
13,117,197
13,118,205
13,119,222
13,120,202
13,121,191
13,122,207
13,123,182
13,124,222
13,125,177
13,126,199
13,127,188
13,128,193
13,129,164
13,130,191
13,131,164
13,132,174
13,133,157
13,134,138
13,135,162
13,136,116
13,137,143
13,138,137
13,139,158
13,140,132
13,141,140
13,142,124
13,143,1523
13,144,425
13,145,161
13,146,126
13,147,144
13,148,210
13,149,146
13,150,140
13,151,145
13,152,140
13,153,147
13,154,132
13,155,184
13,156,146
13,157,186
13,158,159
13,159,166
13,160,198
13,161,182
13,162,149
13,163,155
13,164,148
13,165,155
13,166,155
13,167,157
13,168,149
13,169,163
13,170,172
13,171,186
13,172,156
13,173,168
13,174,189
13,175,159
13,176,156
13,177,173
13,178,195
13,179,1848
13,180,164
13,181,194
13,182,166
13,183,210
13,184,175
13,185,201
13,186,149
13,187,174
13,188,194
13,189,188
13,190,149
13,191,210
13,192,164
13,193,186
13,194,152
13,195,186
13,196,159
13,197,213
13,198,191
13,199,184
13,200,169
13,201,201
13,202,177
13,203,198
13,204,162
13,205,207
13,206,173
13,207,212
13,208,173
13,209,220
13,210,1509
13,211,254
13,212,176
13,213,331
13,214,204
13,215,350
13,216,175
13,217,246
13,218,190
13,219,273
13,220,203
13,221,703
13,222,202
13,223,278
13,224,213
13,225,298
13,226,217
13,227,308
13,228,219
13,229,311
13,230,242
13,231,306
13,232,247
13,233,338
13,234,262
13,235,3485
13,236,281
13,237,362
13,238,356
13,239,387
13,240,329
13,241,399
13,242,357
13,243,426
13,244,369
13,245,629
13,246,468
13,247,466
13,248,418
13,249,504
13,250,438
13,251,512
13,252,471
13,253,516
13,254,539
13,255,503
13,256,422
14,1,286
14,2,322
14,3,302
14,4,328
14,5,301
14,6,327
14,7,332
14,8,567
14,9,322
14,10,363
14,11,320
14,12,349
14,13,385
14,14,361
14,15,342
14,16,364
14,17,324
14,18,359
14,19,320
14,20,353
14,21,311
14,22,365
14,23,2398
14,24,359
14,25,332
14,26,359
14,27,353
14,28,811
14,29,341
14,30,448
14,31,361
14,32,387
14,33,358
14,34,407
14,35,375
14,36,407
14,37,413
14,38,529
14,39,405
14,40,433
14,41,392
14,42,437
14,43,408
14,44,417
14,45,336
14,46,338
14,47,279
14,48,251
14,49,267
14,50,230
14,51,317
14,52,341
14,53,247
14,54,277
14,55,278
14,56,270
14,57,245
14,58,267
14,59,391
14,60,267
14,61,274
14,62,263
14,63,238
14,64,314
14,65,240
14,66,251
14,67,253
14,68,283
14,69,241
14,70,259
14,71,416
14,72,245
14,73,330
14,74,247
14,75,254
14,76,264
14,77,258
14,78,250
14,79,240
14,80,264
14,81,232
14,82,226
14,83,235
14,84,229
14,85,216
14,86,229
14,87,226
14,88,293
14,89,263
14,90,235
14,91,231
14,92,269
14,93,219
14,94,219
14,95,234
14,96,216
14,97,233
14,98,218
14,99,235
14,100,222
14,101,217
14,102,213
14,103,286
14,104,215
14,105,211
14,106,202
14,107,212
14,108,214
14,109,211
14,110,203
14,111,210
14,112,207
14,113,195
14,114,211
14,115,199
14,116,206
14,117,197
14,118,205
14,119,222
14,120,202
14,121,191
14,122,207
14,123,182
14,124,222
14,125,177
14,126,199
14,127,188
14,128,193
14,129,164
14,130,191
14,131,164
14,132,174
14,133,157
14,134,138
14,135,162
14,136,116
14,137,143
14,138,137
14,139,158
14,140,132
14,141,140
14,142,124
14,143,1523
14,144,425
14,145,161
14,146,126
14,147,144
14,148,210
14,149,146
14,150,140
14,151,145
14,152,140
14,153,147
14,154,132
14,155,184
14,156,146
14,157,186
14,158,159
14,159,166
14,160,198
14,161,182
14,162,149
14,163,155
14,164,148
14,165,155
14,166,155
14,167,157
14,168,149
14,169,163
14,170,172
14,171,186
14,172,156
14,173,168
14,174,189
14,175,159
14,176,156
14,177,173
14,178,195
14,179,1848
14,180,164
14,181,194
14,182,166
14,183,210
14,184,175
14,185,201
14,186,149
14,187,174
14,188,194
14,189,188
14,190,149
14,191,210
14,192,164
14,193,186
14,194,152
14,195,186
14,196,159
14,197,213
14,198,191
14,199,184
14,200,169
14,201,201
14,202,177
14,203,198
14,204,162
14,205,207
14,206,173
14,207,212
14,208,173
14,209,220
14,210,1509
14,211,254
14,212,176
14,213,331
14,214,204
14,215,350
14,216,175
14,217,246
14,218,190
14,219,273
14,220,203
14,221,703
14,222,202
14,223,278
14,224,213
14,225,298
14,226,217
14,227,308
14,228,219
14,229,311
14,230,242
14,231,306
14,232,247
14,233,338
14,234,262
14,235,3485
14,236,281
14,237,362
14,238,356
14,239,387
14,240,329
14,241,399
14,242,357
14,243,426
14,244,369
14,245,629
14,246,468
14,247,466
14,248,418
14,249,504
14,250,438
14,251,512
14,252,471
14,253,516
14,254,539
14,255,503
14,256,422
15,1,285
15,2,325
15,3,302
15,4,328
15,5,301
15,6,327
15,7,332
15,8,559
15,9,323
15,10,364
15,11,322
15,12,351
15,13,386
15,14,362
15,15,341
15,16,366
15,17,325
15,18,357
15,19,322
15,20,354
15,21,313
15,22,367
15,23,2403
15,24,357
15,25,334
15,26,361
15,27,355
15,28,809
15,29,341
15,30,446
15,31,360
15,32,389
15,33,359
15,34,408
15,35,375
15,36,406
15,37,413
15,38,530
15,39,405
15,40,435
15,41,395
15,42,439
15,43,408
15,44,415
15,45,333
15,46,340
15,47,281
15,48,251
15,49,267
15,50,231
15,51,316
15,52,336
15,53,247
15,54,278
15,55,280
15,56,270
15,57,244
15,58,267
15,59,391
15,60,265
15,61,277
15,62,263
15,63,238
15,64,315
15,65,239
15,66,251
15,67,255
15,68,285
15,69,243
15,70,254
15,71,416
15,72,244
15,73,330
15,74,247
15,75,254
15,76,264
15,77,259
15,78,251
15,79,238
15,80,266
15,81,233
15,82,225
15,83,236
15,84,230
15,85,216
15,86,230
15,87,227
15,88,282
15,89,220
15,90,234
15,91,232
15,92,267
15,93,218
15,94,221
15,95,234
15,96,216
15,97,234
15,98,218
15,99,234
15,100,222
15,101,217
15,102,213
15,103,278
15,104,217
15,105,213
15,106,201
15,107,212
15,108,215
15,109,211
15,110,204
15,111,211
15,112,208
15,113,196
15,114,212
15,115,199
15,116,206
15,117,197
15,118,208
15,119,224
15,120,203
15,121,191
15,122,209
15,123,183
15,124,229
15,125,178
15,126,199
15,127,188
15,128,194
15,129,163
15,130,192
15,131,163
15,132,171
15,133,158
15,134,138
15,135,161
15,136,117
15,137,143
15,138,137
15,139,158
15,140,133
15,141,140
15,142,124
15,143,1525
15,144,425
15,145,159
15,146,127
15,147,144
15,148,210
15,149,146
15,150,141
15,151,145
15,152,139
15,153,147
15,154,133
15,155,186
15,156,147
15,157,185
15,158,159
15,159,165
15,160,198
15,161,182
15,162,149
15,163,155
15,164,149
15,165,156
15,166,156
15,167,159
15,168,151
15,169,164
15,170,173
15,171,186
15,172,156
15,173,170
15,174,189
15,175,161
15,176,155
15,177,172
15,178,193
15,179,1849
15,180,165
15,181,193
15,182,166
15,183,211
15,184,176
15,185,200
15,186,148
15,187,174
15,188,194
15,189,188
15,190,149
15,191,209
15,192,165
15,193,186
15,194,152
15,195,186
15,196,160
15,197,213
15,198,191
15,199,184
15,200,168
15,201,202
15,202,177
15,203,200
15,204,165
15,205,208
15,206,174
15,207,212
15,208,173
15,209,221
15,210,1511
15,211,254
15,212,176
15,213,329
15,214,204
15,215,348
15,216,177
15,217,248
15,218,192
15,219,275
15,220,203
15,221,703
15,222,203
15,223,279
15,224,215
15,225,297
15,226,217
15,227,308
15,228,221
15,229,310
15,230,243
15,231,307
15,232,247
15,233,338
15,234,262
15,235,3458
15,236,281
15,237,364
15,238,356
15,239,387
15,240,330
15,241,399
15,242,358
15,243,426
15,244,369
15,245,629
15,246,472
15,247,467
15,248,419
15,249,504
15,250,438
15,251,512
15,252,474
15,253,516
15,254,538
15,255,503
15,256,423
16,1,285
16,2,325
16,3,302
16,4,328
16,5,301
16,6,327
16,7,332
16,8,559
16,9,323
16,10,364
16,11,322
16,12,351
16,13,386
16,14,362
16,15,341
16,16,366
16,17,325
16,18,357
16,19,322
16,20,354
16,21,313
16,22,367
16,23,2403
16,24,357
16,25,334
16,26,361
16,27,355
16,28,809
16,29,341
16,30,446
16,31,360
16,32,389
16,33,359
16,34,408
16,35,375
16,36,406
16,37,413
16,38,530
16,39,405
16,40,435
16,41,395
16,42,439
16,43,408
16,44,415
16,45,333
16,46,340
16,47,281
16,48,251
16,49,267
16,50,231
16,51,316
16,52,336
16,53,247
16,54,278
16,55,280
16,56,270
16,57,244
16,58,267
16,59,391
16,60,265
16,61,277
16,62,263
16,63,238
16,64,315
16,65,239
16,66,251
16,67,255
16,68,285
16,69,243
16,70,254
16,71,416
16,72,244
16,73,330
16,74,247
16,75,254
16,76,264
16,77,259
16,78,251
16,79,238
16,80,266
16,81,233
16,82,225
16,83,236
16,84,230
16,85,216
16,86,230
16,87,227
16,88,282
16,89,220
16,90,234
16,91,232
16,92,267
16,93,218
16,94,221
16,95,234
16,96,216
16,97,234
16,98,218
16,99,234
16,100,222
16,101,217
16,102,213
16,103,278
16,104,217
16,105,213
16,106,201
16,107,212
16,108,215
16,109,211
16,110,204
16,111,211
16,112,208
16,113,196
16,114,212
16,115,199
16,116,206
16,117,197
16,118,208
16,119,224
16,120,203
16,121,191
16,122,209
16,123,183
16,124,229
16,125,178
16,126,199
16,127,188
16,128,194
16,129,163
16,130,192
16,131,163
16,132,171
16,133,158
16,134,138
16,135,161
16,136,117
16,137,143
16,138,137
16,139,158
16,140,133
16,141,140
16,142,124
16,143,1525
16,144,425
16,145,159
16,146,127
16,147,144
16,148,210
16,149,146
16,150,141
16,151,145
16,152,139
16,153,147
16,154,133
16,155,186
16,156,147
16,157,185
16,158,159
16,159,165
16,160,198
16,161,182
16,162,149
16,163,155
16,164,149
16,165,156
16,166,156
16,167,159
16,168,151
16,169,164
16,170,173
16,171,186
16,172,156
16,173,170
16,174,189
16,175,161
16,176,155
16,177,172
16,178,193
16,179,1849
16,180,165
16,181,193
16,182,166
16,183,211
16,184,176
16,185,200
16,186,148
16,187,174
16,188,194
16,189,188
16,190,149
16,191,209
16,192,165
16,193,186
16,194,152
16,195,186
16,196,160
16,197,213
16,198,191
16,199,184
16,200,168
16,201,202
16,202,177
16,203,200
16,204,165
16,205,208
16,206,174
16,207,212
16,208,173
16,209,221
16,210,1511
16,211,254
16,212,176
16,213,329
16,214,204
16,215,348
16,216,177
16,217,248
16,218,192
16,219,275
16,220,203
16,221,703
16,222,203
16,223,279
16,224,215
16,225,297
16,226,217
16,227,308
16,228,221
16,229,310
16,230,243
16,231,307
16,232,247
16,233,338
16,234,262
16,235,3458
16,236,281
16,237,364
16,238,356
16,239,387
16,240,330
16,241,399
16,242,358
16,243,426
16,244,369
16,245,629
16,246,472
16,247,467
16,248,419
16,249,504
16,250,438
16,251,512
16,252,474
16,253,516
16,254,538
16,255,503
16,256,423
17,1,283
17,2,323
17,3,302
17,4,324
17,5,302
17,6,326
17,7,330
17,8,558
17,9,322
17,10,364
17,11,321
17,12,349
17,13,385
17,14,361
17,15,338
17,16,364
17,17,323
17,18,357
17,19,320
17,20,351
17,21,311
17,22,364
17,23,2530
17,24,358
17,25,333
17,26,359
17,27,354
17,28,810
17,29,340
17,30,444
17,31,359
17,32,388
17,33,356
17,34,405
17,35,377
17,36,406
17,37,412
17,38,526
17,39,405
17,40,431
17,41,393
17,42,436
17,43,410
17,44,414
17,45,332
17,46,338
17,47,279
17,48,250
17,49,266
17,50,230
17,51,321
17,52,341
17,53,246
17,54,275
17,55,280
17,56,270
17,57,244
17,58,266
17,59,391
17,60,265
17,61,276
17,62,262
17,63,239
17,64,313
17,65,238
17,66,250
17,67,251
17,68,283
17,69,242
17,70,252
17,71,414
17,72,243
17,73,329
17,74,247
17,75,253
17,76,265
17,77,258
17,78,248
17,79,239
17,80,261
17,81,231
17,82,223
17,83,235
17,84,229
17,85,216
17,86,228
17,87,226
17,88,282
17,89,219
17,90,233
17,91,232
17,92,268
17,93,218
17,94,219
17,95,233
17,96,215
17,97,232
17,98,218
17,99,234
17,100,220
17,101,216
17,102,212
17,103,279
17,104,215
17,105,212
17,106,200
17,107,210
17,108,214
17,109,211
17,110,202
17,111,211
17,112,206
17,113,196
17,114,209
17,115,200
17,116,205
17,117,200
17,118,205
17,119,223
17,120,202
17,121,191
17,122,210
17,123,182
17,124,226
17,125,178
17,126,199
17,127,189
17,128,192
17,129,164
17,130,191
17,131,163
17,132,171
17,133,157
17,134,139
17,135,161
17,136,116
17,137,141
17,138,137
17,139,158
17,140,132
17,141,141
17,142,123
17,143,1521
17,144,426
17,145,160
17,146,125
17,147,144
17,148,209
17,149,147
17,150,139
17,151,144
17,152,138
17,153,146
17,154,132
17,155,185
17,156,147
17,157,185
17,158,159
17,159,164
17,160,200
17,161,181
17,162,147
17,163,155
17,164,147
17,165,154
17,166,154
17,167,158
17,168,149
17,169,162
17,170,171
17,171,186
17,172,155
17,173,169
17,174,186
17,175,160
17,176,154
17,177,173
17,178,193
17,179,1850
17,180,163
17,181,191
17,182,165
17,183,210
17,184,175
17,185,199
17,186,147
17,187,174
17,188,193
17,189,187
17,190,149
17,191,209
17,192,164
17,193,186
17,194,150
17,195,185
17,196,157
17,197,214
17,198,191
17,199,184
17,200,168
17,201,200
17,202,176
17,203,200
17,204,163
17,205,206
17,206,172
17,207,213
17,208,173
17,209,222
17,210,1506
17,211,255
17,212,176
17,213,332
17,214,202
17,215,349
17,216,175
17,217,247
17,218,191
17,219,275
17,220,201
17,221,703
17,222,202
17,223,280
17,224,212
17,225,297
17,226,217
17,227,307
17,228,220
17,229,311
17,230,242
17,231,306
17,232,246
17,233,337
17,234,261
17,235,3486
17,236,280
17,237,363
17,238,354
17,239,386
17,240,327
17,241,398
17,242,355
17,243,426
17,244,370
17,245,630
17,246,470
17,247,465
17,248,415
17,249,504
17,250,437
17,251,510
17,252,471
17,253,516
17,254,536
17,255,502
17,256,421
18,1,283
18,2,323
18,3,302
18,4,324
18,5,302
18,6,326
18,7,330
18,8,558
18,9,322
18,10,364
18,11,321
18,12,349
18,13,385
18,14,361
18,15,338
18,16,364
18,17,323
18,18,357
18,19,320
18,20,351
18,21,311
18,22,364
18,23,2530
18,24,358
18,25,333
18,26,359
18,27,354
18,28,810
18,29,340
18,30,444
18,31,359
18,32,388
18,33,356
18,34,405
18,35,377
18,36,406
18,37,412
18,38,526
18,39,405
18,40,431
18,41,393
18,42,436
18,43,410
18,44,414
18,45,332
18,46,338
18,47,279
18,48,250
18,49,266
18,50,230
18,51,321
18,52,341
18,53,246
18,54,275
18,55,280
18,56,270
18,57,244
18,58,266
18,59,391
18,60,265
18,61,276
18,62,262
18,63,239
18,64,313
18,65,238
18,66,250
18,67,251
18,68,283
18,69,242
18,70,252
18,71,414
18,72,243
18,73,329
18,74,247
18,75,253
18,76,265
18,77,258
18,78,248
18,79,239
18,80,261
18,81,231
18,82,223
18,83,235
18,84,229
18,85,216
18,86,228
18,87,226
18,88,282
18,89,219
18,90,233
18,91,232
18,92,268
18,93,218
18,94,219
18,95,233
18,96,215
18,97,232
18,98,218
18,99,234
18,100,220
18,101,216
18,102,212
18,103,279
18,104,215
18,105,212
18,106,200
18,107,210
18,108,214
18,109,211
18,110,202
18,111,211
18,112,206
18,113,196
18,114,209
18,115,200
18,116,205
18,117,200
18,118,205
18,119,223
18,120,202
18,121,191
18,122,210
18,123,182
18,124,226
18,125,178
18,126,199
18,127,189
18,128,192
18,129,164
18,130,191
18,131,163
18,132,171
18,133,157
18,134,139
18,135,161
18,136,116
18,137,141
18,138,137
18,139,158
18,140,132
18,141,141
18,142,123
18,143,1521
18,144,426
18,145,160
18,146,125
18,147,144
18,148,209
18,149,147
18,150,139
18,151,144
18,152,138
18,153,146
18,154,132
18,155,185
18,156,147
18,157,185
18,158,159
18,159,164
18,160,200
18,161,181
18,162,147
18,163,155
18,164,147
18,165,154
18,166,154
18,167,158
18,168,149
18,169,162
18,170,171
18,171,186
18,172,155
18,173,169
18,174,186
18,175,160
18,176,154
18,177,173
18,178,193
18,179,1850
18,180,163
18,181,191
18,182,165
18,183,210
18,184,175
18,185,199
18,186,147
18,187,174
18,188,193
18,189,187
18,190,149
18,191,209
18,192,164
18,193,186
18,194,150
18,195,185
18,196,157
18,197,214
18,198,191
18,199,184
18,200,168
18,201,200
18,202,176
18,203,200
18,204,163
18,205,206
18,206,172
18,207,213
18,208,173
18,209,222
18,210,1506
18,211,255
18,212,176
18,213,332
18,214,202
18,215,349
18,216,175
18,217,247
18,218,191
18,219,275
18,220,201
18,221,703
18,222,202
18,223,280
18,224,212
18,225,297
18,226,217
18,227,307
18,228,220
18,229,311
18,230,242
18,231,306
18,232,246
18,233,337
18,234,261
18,235,3486
18,236,280
18,237,363
18,238,354
18,239,386
18,240,327
18,241,398
18,242,355
18,243,426
18,244,370
18,245,630
18,246,470
18,247,465
18,248,415
18,249,504
18,250,437
18,251,510
18,252,471
18,253,516
18,254,536
18,255,502
18,256,421
19,1,284
19,2,325
19,3,303
19,4,327
19,5,303
19,6,327
19,7,332
19,8,561
19,9,323
19,10,364
19,11,321
19,12,349
19,13,388
19,14,362
19,15,341
19,16,367
19,17,323
19,18,357
19,19,320
19,20,354
19,21,311
19,22,366
19,23,2401
19,24,359
19,25,334
19,26,362
19,27,354
19,28,812
19,29,340
19,30,454
19,31,359
19,32,389
19,33,359
19,34,406
19,35,374
19,36,406
19,37,411
19,38,527
19,39,403
19,40,433
19,41,394
19,42,435
19,43,407
19,44,417
19,45,333
19,46,340
19,47,279
19,48,250
19,49,267
19,50,232
19,51,314
19,52,341
19,53,247
19,54,276
19,55,280
19,56,271
19,57,244
19,58,266
19,59,389
19,60,266
19,61,275
19,62,263
19,63,239
19,64,313
19,65,238
19,66,252
19,67,255
19,68,284
19,69,241
19,70,254
19,71,416
19,72,244
19,73,330
19,74,248
19,75,254
19,76,279
19,77,259
19,78,251
19,79,237
19,80,264
19,81,233
19,82,225
19,83,236
19,84,228
19,85,217
19,86,229
19,87,225
19,88,283
19,89,220
19,90,234
19,91,232
19,92,270
19,93,219
19,94,221
19,95,233
19,96,216
19,97,231
19,98,220
19,99,235
19,100,221
19,101,217
19,102,213
19,103,278
19,104,216
19,105,211
19,106,202
19,107,211
19,108,215
19,109,213
19,110,204
19,111,211
19,112,208
19,113,195
19,114,210
19,115,199
19,116,206
19,117,197
19,118,207
19,119,224
19,120,204
19,121,192
19,122,210
19,123,182
19,124,228
19,125,177
19,126,200
19,127,188
19,128,194
19,129,163
19,130,191
19,131,162
19,132,170
19,133,157
19,134,139
19,135,161
19,136,117
19,137,142
19,138,138
19,139,158
19,140,133
19,141,140
19,142,125
19,143,1520
19,144,425
19,145,159
19,146,125
19,147,144
19,148,211
19,149,147
19,150,141
19,151,145
19,152,141
19,153,145
19,154,133
19,155,185
19,156,147
19,157,185
19,158,161
19,159,166
19,160,202
19,161,181
19,162,149
19,163,155
19,164,149
19,165,155
19,166,155
19,167,159
19,168,151
19,169,163
19,170,173
19,171,188
19,172,156
19,173,170
19,174,190
19,175,160
19,176,155
19,177,173
19,178,195
19,179,1844
19,180,165
19,181,193
19,182,165
19,183,211
19,184,176
19,185,199
19,186,149
19,187,173
19,188,194
19,189,188
19,190,150
19,191,210
19,192,166
19,193,186
19,194,150
19,195,186
19,196,159
19,197,214
19,198,193
19,199,185
19,200,170
19,201,202
19,202,179
19,203,199
19,204,165
19,205,207
19,206,173
19,207,213
19,208,174
19,209,221
19,210,1509
19,211,253
19,212,176
19,213,331
19,214,203
19,215,352
19,216,177
19,217,247
19,218,191
19,219,274
19,220,202
19,221,707
19,222,203
19,223,280
19,224,216
19,225,298
19,226,218
19,227,308
19,228,220
19,229,311
19,230,242
19,231,306
19,232,246
19,233,336
19,234,262
19,235,3494
19,236,282
19,237,363
19,238,357
19,239,385
19,240,330
19,241,398
19,242,356
19,243,426
19,244,370
19,245,629
19,246,467
19,247,466
19,248,418
19,249,502
19,250,439
19,251,510
19,252,473
19,253,517
19,254,541
19,255,503
19,256,424
20,1,284
20,2,325
20,3,303
20,4,327
20,5,303
20,6,327
20,7,332
20,8,561
20,9,323
20,10,364
20,11,321
20,12,349
20,13,388
20,14,362
20,15,341
20,16,367
20,17,323
20,18,357
20,19,320
20,20,354
20,21,311
20,22,366
20,23,2401
20,24,359
20,25,334
20,26,362
20,27,354
20,28,812
20,29,340
20,30,454
20,31,359
20,32,389
20,33,359
20,34,406
20,35,374
20,36,406
20,37,411
20,38,527
20,39,403
20,40,433
20,41,394
20,42,435
20,43,407
20,44,417
20,45,333
20,46,340
20,47,279
20,48,250
20,49,267
20,50,232
20,51,314
20,52,341
20,53,247
20,54,276
20,55,280
20,56,271
20,57,244
20,58,266
20,59,389
20,60,266
20,61,275
20,62,263
20,63,239
20,64,313
20,65,238
20,66,252
20,67,255
20,68,284
20,69,241
20,70,254
20,71,416
20,72,244
20,73,330
20,74,248
20,75,254
20,76,279
20,77,259
20,78,251
20,79,237
20,80,264
20,81,233
20,82,225
20,83,236
20,84,228
20,85,217
20,86,229
20,87,225
20,88,283
20,89,220
20,90,234
20,91,232
20,92,270
20,93,219
20,94,221
20,95,233
20,96,216
20,97,231
20,98,220
20,99,235
20,100,221
20,101,217
20,102,213
20,103,278
20,104,216
20,105,211
20,106,202
20,107,211
20,108,215
20,109,213
20,110,204
20,111,211
20,112,208
20,113,195
20,114,210
20,115,199
20,116,206
20,117,197
20,118,207
20,119,224
20,120,204
20,121,192
20,122,210
20,123,182
20,124,228
20,125,177
20,126,200
20,127,188
20,128,194
20,129,163
20,130,191
20,131,162
20,132,170
20,133,157
20,134,139
20,135,161
20,136,117
20,137,142
20,138,138
20,139,158
20,140,133
20,141,140
20,142,125
20,143,1520
20,144,425
20,145,159
20,146,125
20,147,144
20,148,211
20,149,147
20,150,141
20,151,145
20,152,141
20,153,145
20,154,133
20,155,185
20,156,147
20,157,185
20,158,161
20,159,166
20,160,202
20,161,181
20,162,149
20,163,155
20,164,149
20,165,155
20,166,155
20,167,159
20,168,151
20,169,163
20,170,173
20,171,188
20,172,156
20,173,170
20,174,190
20,175,160
20,176,155
20,177,173
20,178,195
20,179,1844
20,180,165
20,181,193
20,182,165
20,183,211
20,184,176
20,185,199
20,186,149
20,187,173
20,188,194
20,189,188
20,190,150
20,191,210
20,192,166
20,193,186
20,194,150
20,195,186
20,196,159
20,197,214
20,198,193
20,199,185
20,200,170
20,201,202
20,202,179
20,203,199
20,204,165
20,205,207
20,206,173
20,207,213
20,208,174
20,209,221
20,210,1509
20,211,253
20,212,176
20,213,331
20,214,203
20,215,352
20,216,177
20,217,247
20,218,191
20,219,274
20,220,202
20,221,707
20,222,203
20,223,280
20,224,216
20,225,298
20,226,218
20,227,308
20,228,220
20,229,311
20,230,242
20,231,306
20,232,246
20,233,336
20,234,262
20,235,3494
20,236,282
20,237,363
20,238,357
20,239,385
20,240,330
20,241,398
20,242,356
20,243,426
20,244,370
20,245,629
20,246,467
20,247,466
20,248,418
20,249,502
20,250,439
20,251,510
20,252,473
20,253,517
20,254,541
20,255,503
20,256,424
21,1,286
21,2,323
21,3,302
21,4,328
21,5,302
21,6,328
21,7,332
21,8,560
21,9,324
21,10,364
21,11,320
21,12,350
21,13,389
21,14,362
21,15,341
21,16,365
21,17,324
21,18,358
21,19,320
21,20,353
21,21,312
21,22,366
21,23,2403
21,24,360
21,25,334
21,26,360
21,27,354
21,28,808
21,29,341
21,30,445
21,31,359
21,32,389
21,33,358
21,34,408
21,35,375
21,36,407
21,37,410
21,38,527
21,39,404
21,40,432
21,41,396
21,42,437
21,43,408
21,44,416
21,45,332
21,46,338
21,47,279
21,48,251
21,49,266
21,50,230
21,51,319
21,52,335
21,53,247
21,54,277
21,55,279
21,56,270
21,57,243
21,58,267
21,59,391
21,60,266
21,61,275
21,62,262
21,63,237
21,64,314
21,65,237
21,66,251
21,67,251
21,68,283
21,69,243
21,70,253
21,71,416
21,72,244
21,73,331
21,74,248
21,75,255
21,76,279
21,77,259
21,78,252
21,79,239
21,80,262
21,81,233
21,82,226
21,83,235
21,84,230
21,85,216
21,86,228
21,87,227
21,88,282
21,89,220
21,90,234
21,91,232
21,92,271
21,93,218
21,94,220
21,95,233
21,96,217
21,97,232
21,98,218
21,99,234
21,100,222
21,101,217
21,102,213
21,103,278
21,104,215
21,105,211
21,106,201
21,107,212
21,108,214
21,109,210
21,110,204
21,111,210
21,112,208
21,113,195
21,114,210
21,115,199
21,116,206
21,117,197
21,118,207
21,119,225
21,120,203
21,121,190
21,122,206
21,123,181
21,124,224
21,125,178
21,126,199
21,127,188
21,128,194
21,129,164
21,130,190
21,131,162
21,132,172
21,133,157
21,134,139
21,135,162
21,136,116
21,137,142
21,138,137
21,139,159
21,140,133
21,141,138
21,142,124
21,143,1522
21,144,424
21,145,160
21,146,125
21,147,144
21,148,209
21,149,148
21,150,141
21,151,144
21,152,139
21,153,147
21,154,132
21,155,185
21,156,146
21,157,186
21,158,161
21,159,166
21,160,197
21,161,182
21,162,149
21,163,153
21,164,149
21,165,155
21,166,155
21,167,160
21,168,150
21,169,162
21,170,172
21,171,186
21,172,156
21,173,169
21,174,189
21,175,160
21,176,155
21,177,172
21,178,192
21,179,1859
21,180,163
21,181,195
21,182,165
21,183,211
21,184,176
21,185,200
21,186,147
21,187,173
21,188,193
21,189,188
21,190,149
21,191,210
21,192,164
21,193,187
21,194,151
21,195,186
21,196,158
21,197,214
21,198,192
21,199,184
21,200,168
21,201,202
21,202,176
21,203,200
21,204,165
21,205,207
21,206,174
21,207,212
21,208,172
21,209,221
21,210,1509
21,211,254
21,212,177
21,213,330
21,214,202
21,215,351
21,216,177
21,217,246
21,218,190
21,219,273
21,220,203
21,221,707
21,222,203
21,223,280
21,224,213
21,225,297
21,226,217
21,227,306
21,228,218
21,229,310
21,230,242
21,231,307
21,232,246
21,233,338
21,234,263
21,235,3488
21,236,282
21,237,363
21,238,355
21,239,388
21,240,329
21,241,399
21,242,356
21,243,426
21,244,369
21,245,630
21,246,467
21,247,465
21,248,418
21,249,502
21,250,436
21,251,511
21,252,472
21,253,517
21,254,543
21,255,503
21,256,422
22,1,286
22,2,323
22,3,302
22,4,328
22,5,302
22,6,328
22,7,332
22,8,560
22,9,324
22,10,364
22,11,320
22,12,350
22,13,389
22,14,362
22,15,341
22,16,365
22,17,324
22,18,358
22,19,320
22,20,353
22,21,312
22,22,366
22,23,2403
22,24,360
22,25,334
22,26,360
22,27,354
22,28,808
22,29,341
22,30,445
22,31,359
22,32,389
22,33,358
22,34,408
22,35,375
22,36,407
22,37,410
22,38,527
22,39,404
22,40,432
22,41,396
22,42,437
22,43,408
22,44,416
22,45,332
22,46,338
22,47,279
22,48,251
22,49,266
22,50,230
22,51,319
22,52,335
22,53,247
22,54,277
22,55,279
22,56,270
22,57,243
22,58,267
22,59,391
22,60,266
22,61,275
22,62,262
22,63,237
22,64,314
22,65,237
22,66,251
22,67,251
22,68,283
22,69,243
22,70,253
22,71,416
22,72,244
22,73,331
22,74,248
22,75,255
22,76,279
22,77,259
22,78,252
22,79,239
22,80,262
22,81,233
22,82,226
22,83,235
22,84,230
22,85,216
22,86,228
22,87,227
22,88,282
22,89,220
22,90,234
22,91,232
22,92,271
22,93,218
22,94,220
22,95,233
22,96,217
22,97,232
22,98,218
22,99,234
22,100,222
22,101,217
22,102,213
22,103,278
22,104,215
22,105,211
22,106,201
22,107,212
22,108,214
22,109,210
22,110,204
22,111,210
22,112,208
22,113,195
22,114,210
22,115,199
22,116,206
22,117,197
22,118,207
22,119,225
22,120,203
22,121,190
22,122,206
22,123,181
22,124,224
22,125,178
22,126,199
22,127,188
22,128,194
22,129,164
22,130,190
22,131,162
22,132,172
22,133,157
22,134,139
22,135,162
22,136,116
22,137,142
22,138,137
22,139,159
22,140,133
22,141,138
22,142,124
22,143,1522
22,144,424
22,145,160
22,146,125
22,147,144
22,148,209
22,149,148
22,150,141
22,151,144
22,152,139
22,153,147
22,154,132
22,155,185
22,156,146
22,157,186
22,158,161
22,159,166
22,160,197
22,161,182
22,162,149
22,163,153
22,164,149
22,165,155
22,166,155
22,167,160
22,168,150
22,169,162
22,170,172
22,171,186
22,172,156
22,173,169
22,174,189
22,175,160
22,176,155
22,177,172
22,178,192
22,179,1859
22,180,163
22,181,195
22,182,165
22,183,211
22,184,176
22,185,200
22,186,147
22,187,173
22,188,193
22,189,188
22,190,149
22,191,210
22,192,164
22,193,187
22,194,151
22,195,186
22,196,158
22,197,214
22,198,192
22,199,184
22,200,168
22,201,202
22,202,176
22,203,200
22,204,165
22,205,207
22,206,174
22,207,212
22,208,172
22,209,221
22,210,1509
22,211,254
22,212,177
22,213,330
22,214,202
22,215,351
22,216,177
22,217,246
22,218,190
22,219,273
22,220,203
22,221,707
22,222,203
22,223,280
22,224,213
22,225,297
22,226,217
22,227,306
22,228,218
22,229,310
22,230,242
22,231,307
22,232,246
22,233,338
22,234,263
22,235,3488
22,236,282
22,237,363
22,238,355
22,239,388
22,240,329
22,241,399
22,242,356
22,243,426
22,244,369
22,245,630
22,246,467
22,247,465
22,248,418
22,249,502
22,250,436
22,251,511
22,252,472
22,253,517
22,254,543
22,255,503
22,256,422
23,1,286
23,2,323
23,3,301
23,4,328
23,5,302
23,6,328
23,7,332
23,8,555
23,9,325
23,10,363
23,11,322
23,12,350
23,13,385
23,14,360
23,15,340
23,16,366
23,17,359
23,18,357
23,19,320
23,20,353
23,21,312
23,22,363
23,23,2393
23,24,360
23,25,334
23,26,359
23,27,353
23,28,809
23,29,343
23,30,454
23,31,359
23,32,387
23,33,358
23,34,406
23,35,375
23,36,405
23,37,410
23,38,529
23,39,405
23,40,433
23,41,394
23,42,436
23,43,409
23,44,415
23,45,333
23,46,336
23,47,279
23,48,250
23,49,266
23,50,230
23,51,320
23,52,335
23,53,247
23,54,276
23,55,279
23,56,270
23,57,244
23,58,266
23,59,390
23,60,264
23,61,275
23,62,262
23,63,238
23,64,314
23,65,238
23,66,251
23,67,254
23,68,283
23,69,245
23,70,252
23,71,415
23,72,243
23,73,354
23,74,246
23,75,255
23,76,279
23,77,259
23,78,249
23,79,238
23,80,261
23,81,232
23,82,224
23,83,235
23,84,229
23,85,217
23,86,229
23,87,227
23,88,282
23,89,220
23,90,232
23,91,232
23,92,268
23,93,219
23,94,220
23,95,233
23,96,217
23,97,232
23,98,216
23,99,233
23,100,220
23,101,217
23,102,212
23,103,283
23,104,216
23,105,212
23,106,202
23,107,211
23,108,213
23,109,211
23,110,203
23,111,211
23,112,207
23,113,197
23,114,209
23,115,200
23,116,205
23,117,197
23,118,207
23,119,223
23,120,203
23,121,191
23,122,207
23,123,181
23,124,225
23,125,178
23,126,200
23,127,189
23,128,192
23,129,163
23,130,189
23,131,164
23,132,169
23,133,157
23,134,138
23,135,162
23,136,115
23,137,142
23,138,136
23,139,159
23,140,133
23,141,140
23,142,124
23,143,1523
23,144,425
23,145,159
23,146,125
23,147,143
23,148,209
23,149,147
23,150,141
23,151,144
23,152,138
23,153,147
23,154,132
23,155,186
23,156,146
23,157,186
23,158,158
23,159,165
23,160,200
23,161,181
23,162,147
23,163,155
23,164,149
23,165,155
23,166,154
23,167,159
23,168,150
23,169,163
23,170,171
23,171,186
23,172,155
23,173,169
23,174,189
23,175,160
23,176,154
23,177,172
23,178,193
23,179,1848
23,180,164
23,181,196
23,182,164
23,183,212
23,184,175
23,185,201
23,186,148
23,187,174
23,188,192
23,189,189
23,190,149
23,191,210
23,192,163
23,193,186
23,194,150
23,195,186
23,196,158
23,197,213
23,198,191
23,199,184
23,200,168
23,201,201
23,202,177
23,203,199
23,204,164
23,205,208
23,206,172
23,207,212
23,208,173
23,209,221
23,210,1508
23,211,255
23,212,175
23,213,331
23,214,203
23,215,347
23,216,175
23,217,246
23,218,191
23,219,273
23,220,201
23,221,703
23,222,202
23,223,277
23,224,212
23,225,298
23,226,217
23,227,307
23,228,219
23,229,311
23,230,241
23,231,307
23,232,247
23,233,337
23,234,261
23,235,3486
23,236,282
23,237,364
23,238,355
23,239,387
23,240,327
23,241,398
23,242,355
23,243,426
23,244,369
23,245,625
23,246,468
23,247,467
23,248,416
23,249,504
23,250,437
23,251,511
23,252,472
23,253,517
23,254,535
23,255,502
23,256,422
24,1,286
24,2,323
24,3,301
24,4,328
24,5,302
24,6,328
24,7,332
24,8,555
24,9,325
24,10,363
24,11,322
24,12,350
24,13,385
24,14,360
24,15,340
24,16,366
24,17,359
24,18,357
24,19,320
24,20,353
24,21,312
24,22,363
24,23,2393
24,24,360
24,25,334
24,26,359
24,27,353
24,28,809
24,29,343
24,30,454
24,31,359
24,32,387
24,33,358
24,34,406
24,35,375
24,36,405
24,37,410
24,38,529
24,39,405
24,40,433
24,41,394
24,42,436
24,43,409
24,44,415
24,45,333
24,46,336
24,47,279
24,48,250
24,49,266
24,50,230
24,51,320
24,52,335
24,53,247
24,54,276
24,55,279
24,56,270
24,57,244
24,58,266
24,59,390
24,60,264
24,61,275
24,62,262
24,63,238
24,64,314
24,65,238
24,66,251
24,67,254
24,68,283
24,69,245
24,70,252
24,71,415
24,72,243
24,73,354
24,74,246
24,75,255
24,76,279
24,77,259
24,78,249
24,79,238
24,80,261
24,81,232
24,82,224
24,83,235
24,84,229
24,85,217
24,86,229
24,87,227
24,88,282
24,89,220
24,90,232
24,91,232
24,92,268
24,93,219
24,94,220
24,95,233
24,96,217
24,97,232
24,98,216
24,99,233
24,100,220
24,101,217
24,102,212
24,103,283
24,104,216
24,105,212
24,106,202
24,107,211
24,108,213
24,109,211
24,110,203
24,111,211
24,112,207
24,113,197
24,114,209
24,115,200
24,116,205
24,117,197
24,118,207
24,119,223
24,120,203
24,121,191
24,122,207
24,123,181
24,124,225
24,125,178
24,126,200
24,127,189
24,128,192
24,129,163
24,130,189
24,131,164
24,132,169
24,133,157
24,134,138
24,135,162
24,136,115
24,137,142
24,138,136
24,139,159
24,140,133
24,141,140
24,142,124
24,143,1523
24,144,425
24,145,159
24,146,125
24,147,143
24,148,209
24,149,147
24,150,141
24,151,144
24,152,138
24,153,147
24,154,132
24,155,186
24,156,146
24,157,186
24,158,158
24,159,165
24,160,200
24,161,181
24,162,147
24,163,155
24,164,149
24,165,155
24,166,154
24,167,159
24,168,150
24,169,163
24,170,171
24,171,186
24,172,155
24,173,169
24,174,189
24,175,160
24,176,154
24,177,172
24,178,193
24,179,1848
24,180,164
24,181,196
24,182,164
24,183,212
24,184,175
24,185,201
24,186,148
24,187,174
24,188,192
24,189,189
24,190,149
24,191,210
24,192,163
24,193,186
24,194,150
24,195,186
24,196,158
24,197,213
24,198,191
24,199,184
24,200,168
24,201,201
24,202,177
24,203,199
24,204,164
24,205,208
24,206,172
24,207,212
24,208,173
24,209,221
24,210,1508
24,211,255
24,212,175
24,213,331
24,214,203
24,215,347
24,216,175
24,217,246
24,218,191
24,219,273
24,220,201
24,221,703
24,222,202
24,223,277
24,224,212
24,225,298
24,226,217
24,227,307
24,228,219
24,229,311
24,230,241
24,231,307
24,232,247
24,233,337
24,234,261
24,235,3486
24,236,282
24,237,364
24,238,355
24,239,387
24,240,327
24,241,398
24,242,355
24,243,426
24,244,369
24,245,625
24,246,468
24,247,467
24,248,416
24,249,504
24,250,437
24,251,511
24,252,472
24,253,517
24,254,535
24,255,502
24,256,422
25,1,285
25,2,325
25,3,303
25,4,329
25,5,302
25,6,329
25,7,332
25,8,568
25,9,323
25,10,364
25,11,322
25,12,350
25,13,386
25,14,362
25,15,341
25,16,367
25,17,326
25,18,358
25,19,321
25,20,353
25,21,311
25,22,365
25,23,2393
25,24,361
25,25,334
25,26,362
25,27,360
25,28,811
25,29,342
25,30,453
25,31,359
25,32,389
25,33,358
25,34,406
25,35,377
25,36,407
25,37,412
25,38,527
25,39,405
25,40,434
25,41,394
25,42,434
25,43,407
25,44,417
25,45,333
25,46,339
25,47,279
25,48,251
25,49,267
25,50,232
25,51,312
25,52,335
25,53,249
25,54,277
25,55,279
25,56,270
25,57,245
25,58,268
25,59,391
25,60,266
25,61,274
25,62,262
25,63,239
25,64,315
25,65,238
25,66,252
25,67,255
25,68,284
25,69,241
25,70,253
25,71,416
25,72,242
25,73,357
25,74,248
25,75,255
25,76,280
25,77,259
25,78,252
25,79,239
25,80,263
25,81,232
25,82,227
25,83,235
25,84,230
25,85,218
25,86,229
25,87,227
25,88,284
25,89,219
25,90,234
25,91,232
25,92,273
25,93,221
25,94,221
25,95,234
25,96,216
25,97,233
25,98,219
25,99,235
25,100,223
25,101,217
25,102,214
25,103,279
25,104,217
25,105,213
25,106,202
25,107,211
25,108,215
25,109,212
25,110,204
25,111,213
25,112,209
25,113,196
25,114,210
25,115,199
25,116,205
25,117,197
25,118,207
25,119,225
25,120,203
25,121,191
25,122,208
25,123,183
25,124,227
25,125,179
25,126,200
25,127,189
25,128,194
25,129,165
25,130,191
25,131,162
25,132,170
25,133,157
25,134,139
25,135,163
25,136,116
25,137,144
25,138,136
25,139,159
25,140,134
25,141,139
25,142,124
25,143,1524
25,144,425
25,145,161
25,146,125
25,147,144
25,148,214
25,149,147
25,150,141
25,151,146
25,152,139
25,153,148
25,154,133
25,155,185
25,156,148
25,157,186
25,158,163
25,159,166
25,160,194
25,161,183
25,162,149
25,163,155
25,164,150
25,165,155
25,166,155
25,167,159
25,168,149
25,169,163
25,170,171
25,171,187
25,172,157
25,173,168
25,174,188
25,175,162
25,176,155
25,177,174
25,178,194
25,179,1848
25,180,166
25,181,191
25,182,169
25,183,213
25,184,176
25,185,200
25,186,148
25,187,175
25,188,191
25,189,189
25,190,151
25,191,210
25,192,166
25,193,187
25,194,152
25,195,186
25,196,159
25,197,214
25,198,192
25,199,185
25,200,169
25,201,202
25,202,178
25,203,200
25,204,165
25,205,208
25,206,174
25,207,214
25,208,174
25,209,222
25,210,1508
25,211,257
25,212,176
25,213,330
25,214,205
25,215,350
25,216,176
25,217,246
25,218,192
25,219,275
25,220,203
25,221,710
25,222,203
25,223,280
25,224,213
25,225,298
25,226,218
25,227,308
25,228,220
25,229,312
25,230,242
25,231,307
25,232,247
25,233,339
25,234,263
25,235,3475
25,236,283
25,237,365
25,238,359
25,239,385
25,240,329
25,241,400
25,242,356
25,243,426
25,244,371
25,245,626
25,246,469
25,247,466
25,248,417
25,249,506
25,250,438
25,251,513
25,252,473
25,253,519
25,254,540
25,255,507
25,256,425
26,1,285
26,2,325
26,3,303
26,4,329
26,5,302
26,6,329
26,7,332
26,8,568
26,9,323
26,10,364
26,11,322
26,12,350
26,13,386
26,14,362
26,15,341
26,16,367
26,17,326
26,18,358
26,19,321
26,20,353
26,21,311
26,22,365
26,23,2393
26,24,361
26,25,334
26,26,362
26,27,360
26,28,811
26,29,342
26,30,453
26,31,359
26,32,389
26,33,358
26,34,406
26,35,377
26,36,407
26,37,412
26,38,527
26,39,405
26,40,434
26,41,394
26,42,434
26,43,407
26,44,417
26,45,333
26,46,339
26,47,279
26,48,251
26,49,267
26,50,232
26,51,312
26,52,335
26,53,249
26,54,277
26,55,279
26,56,270
26,57,245
26,58,268
26,59,391
26,60,266
26,61,274
26,62,262
26,63,239
26,64,315
26,65,238
26,66,252
26,67,255
26,68,284
26,69,241
26,70,253
26,71,416
26,72,242
26,73,357
26,74,248
26,75,255
26,76,280
26,77,259
26,78,252
26,79,239
26,80,263
26,81,232
26,82,227
26,83,235
26,84,230
26,85,218
26,86,229
26,87,227
26,88,284
26,89,219
26,90,234
26,91,232
26,92,273
26,93,221
26,94,221
26,95,234
26,96,216
26,97,233
26,98,219
26,99,235
26,100,223
26,101,217
26,102,214
26,103,279
26,104,217
26,105,213
26,106,202
26,107,211
26,108,215
26,109,212
26,110,204
26,111,213
26,112,209
26,113,196
26,114,210
26,115,199
26,116,205
26,117,197
26,118,207
26,119,225
26,120,203
26,121,191
26,122,208
26,123,183
26,124,227
26,125,179
26,126,200
26,127,189
26,128,194
26,129,165
26,130,191
26,131,162
26,132,170
26,133,157
26,134,139
26,135,163
26,136,116
26,137,144
26,138,136
26,139,159
26,140,134
26,141,139
26,142,124
26,143,1524
26,144,425
26,145,161
26,146,125
26,147,144
26,148,214
26,149,147
26,150,141
26,151,146
26,152,139
26,153,148
26,154,133
26,155,185
26,156,148
26,157,186
26,158,163
26,159,166
26,160,194
26,161,183
26,162,149
26,163,155
26,164,150
26,165,155
26,166,155
26,167,159
26,168,149
26,169,163
26,170,171
26,171,187
26,172,157
26,173,168
26,174,188
26,175,162
26,176,155
26,177,174
26,178,194
26,179,1848
26,180,166
26,181,191
26,182,169
26,183,213
26,184,176
26,185,200
26,186,148
26,187,175
26,188,191
26,189,189
26,190,151
26,191,210
26,192,166
26,193,187
26,194,152
26,195,186
26,196,159
26,197,214
26,198,192
26,199,185
26,200,169
26,201,202
26,202,178
26,203,200
26,204,165
26,205,208
26,206,174
26,207,214
26,208,174
26,209,222
26,210,1508
26,211,257
26,212,176
26,213,330
26,214,205
26,215,350
26,216,176
26,217,246
26,218,192
26,219,275
26,220,203
26,221,710
26,222,203
26,223,280
26,224,213
26,225,298
26,226,218
26,227,308
26,228,220
26,229,312
26,230,242
26,231,307
26,232,247
26,233,339
26,234,263
26,235,3475
26,236,283
26,237,365
26,238,359
26,239,385
26,240,329
26,241,400
26,242,356
26,243,426
26,244,371
26,245,626
26,246,469
26,247,466
26,248,417
26,249,506
26,250,438
26,251,513
26,252,473
26,253,519
26,254,540
26,255,507
26,256,425
27,1,283
27,2,323
27,3,299
27,4,328
27,5,303
27,6,327
27,7,332
27,8,571
27,9,322
27,10,362
27,11,321
27,12,350
27,13,384
27,14,362
27,15,340
27,16,366
27,17,323
27,18,358
27,19,320
27,20,354
27,21,311
27,22,365
27,23,2394
27,24,359
27,25,334
27,26,360
27,27,353
27,28,810
27,29,341
27,30,445
27,31,358
27,32,387
27,33,357
27,34,405
27,35,376
27,36,406
27,37,411
27,38,527
27,39,405
27,40,431
27,41,395
27,42,435
27,43,408
27,44,414
27,45,332
27,46,338
27,47,278
27,48,250
27,49,263
27,50,230
27,51,314
27,52,335
27,53,247
27,54,277
27,55,280
27,56,269
27,57,244
27,58,265
27,59,389
27,60,263
27,61,275
27,62,262
27,63,238
27,64,314
27,65,237
27,66,250
27,67,252
27,68,282
27,69,239
27,70,252
27,71,416
27,72,243
27,73,353
27,74,245
27,75,252
27,76,279
27,77,259
27,78,251
27,79,238
27,80,262
27,81,232
27,82,226
27,83,236
27,84,229
27,85,216
27,86,228
27,87,226
27,88,282
27,89,221
27,90,233
27,91,232
27,92,270
27,93,219
27,94,221
27,95,234
27,96,215
27,97,232
27,98,218
27,99,233
27,100,222
27,101,216
27,102,213
27,103,280
27,104,216
27,105,212
27,106,201
27,107,211
27,108,214
27,109,210
27,110,203
27,111,212
27,112,207
27,113,197
27,114,211
27,115,199
27,116,205
27,117,197
27,118,205
27,119,223
27,120,203
27,121,190
27,122,208
27,123,182
27,124,226
27,125,176
27,126,198
27,127,188
27,128,192
27,129,163
27,130,191
27,131,162
27,132,169
27,133,157
27,134,138
27,135,162
27,136,116
27,137,143
27,138,137
27,139,158
27,140,133
27,141,138
27,142,123
27,143,1520
27,144,425
27,145,159
27,146,123
27,147,143
27,148,211
27,149,147
27,150,140
27,151,145
27,152,139
27,153,146
27,154,132
27,155,183
27,156,147
27,157,186
27,158,161
27,159,165
27,160,199
27,161,181
27,162,148
27,163,155
27,164,148
27,165,155
27,166,155
27,167,158
27,168,151
27,169,162
27,170,171
27,171,186
27,172,156
27,173,168
27,174,186
27,175,160
27,176,154
27,177,174
27,178,194
27,179,1846
27,180,164
27,181,195
27,182,167
27,183,210
27,184,176
27,185,199
27,186,148
27,187,174
27,188,192
27,189,188
27,190,149
27,191,210
27,192,164
27,193,186
27,194,151
27,195,186
27,196,158
27,197,214
27,198,192
27,199,184
27,200,169
27,201,200
27,202,178
27,203,199
27,204,165
27,205,207
27,206,173
27,207,212
27,208,172
27,209,220
27,210,1508
27,211,254
27,212,175
27,213,334
27,214,203
27,215,342
27,216,176
27,217,246
27,218,192
27,219,273
27,220,202
27,221,702
27,222,203
27,223,278
27,224,214
27,225,297
27,226,216
27,227,308
27,228,221
27,229,310
27,230,242
27,231,305
27,232,247
27,233,339
27,234,262
27,235,3473
27,236,281
27,237,364
27,238,357
27,239,386
27,240,329
27,241,399
27,242,356
27,243,426
27,244,370
27,245,626
27,246,468
27,247,465
27,248,416
27,249,502
27,250,438
27,251,511
27,252,472
27,253,517
27,254,543
27,255,502
27,256,422
28,1,283
28,2,323
28,3,299
28,4,328
28,5,303
28,6,327
28,7,332
28,8,571
28,9,322
28,10,362
28,11,321
28,12,350
28,13,384
28,14,362
28,15,340
28,16,366
28,17,323
28,18,358
28,19,320
28,20,354
28,21,311
28,22,365
28,23,2394
28,24,359
28,25,334
28,26,360
28,27,353
28,28,810
28,29,341
28,30,445
28,31,358
28,32,387
28,33,357
28,34,405
28,35,376
28,36,406
28,37,411
28,38,527
28,39,405
28,40,431
28,41,395
28,42,435
28,43,408
28,44,414
28,45,332
28,46,338
28,47,278
28,48,250
28,49,263
28,50,230
28,51,314
28,52,335
28,53,247
28,54,277
28,55,280
28,56,269
28,57,244
28,58,265
28,59,389
28,60,263
28,61,275
28,62,262
28,63,238
28,64,314
28,65,237
28,66,250
28,67,252
28,68,282
28,69,239
28,70,252
28,71,416
28,72,243
28,73,353
28,74,245
28,75,252
28,76,279
28,77,259
28,78,251
28,79,238
28,80,262
28,81,232
28,82,226
28,83,236
28,84,229
28,85,216
28,86,228
28,87,226
28,88,282
28,89,221
28,90,233
28,91,232
28,92,270
28,93,219
28,94,221
28,95,234
28,96,215
28,97,232
28,98,218
28,99,233
28,100,222
28,101,216
28,102,213
28,103,280
28,104,216
28,105,212
28,106,201
28,107,211
28,108,214
28,109,210
28,110,203
28,111,212
28,112,207
28,113,197
28,114,211
28,115,199
28,116,205
28,117,197
28,118,205
28,119,223
28,120,203
28,121,190
28,122,208
28,123,182
28,124,226
28,125,176
28,126,198
28,127,188
28,128,192
28,129,163
28,130,191
28,131,162
28,132,169
28,133,157
28,134,138
28,135,162
28,136,116
28,137,143
28,138,137
28,139,158
28,140,133
28,141,138
28,142,123
28,143,1520
28,144,425
28,145,159
28,146,123
28,147,143
28,148,211
28,149,147
28,150,140
28,151,145
28,152,139
28,153,146
28,154,132
28,155,183
28,156,147
28,157,186
28,158,161
28,159,165
28,160,199
28,161,181
28,162,148
28,163,155
28,164,148
28,165,155
28,166,155
28,167,158
28,168,151
28,169,162
28,170,171
28,171,186
28,172,156
28,173,168
28,174,186
28,175,160
28,176,154
28,177,174
28,178,194
28,179,1846
28,180,164
28,181,195
28,182,167
28,183,210
28,184,176
28,185,199
28,186,148
28,187,174
28,188,192
28,189,188
28,190,149
28,191,210
28,192,164
28,193,186
28,194,151
28,195,186
28,196,158
28,197,214
28,198,192
28,199,184
28,200,169
28,201,200
28,202,178
28,203,199
28,204,165
28,205,207
28,206,173
28,207,212
28,208,172
28,209,220
28,210,1508
28,211,254
28,212,175
28,213,334
28,214,203
28,215,342
28,216,176
28,217,246
28,218,192
28,219,273
28,220,202
28,221,702
28,222,203
28,223,278
28,224,214
28,225,297
28,226,216
28,227,308
28,228,221
28,229,310
28,230,242
28,231,305
28,232,247
28,233,339
28,234,262
28,235,3473
28,236,281
28,237,364
28,238,357
28,239,386
28,240,329
28,241,399
28,242,356
28,243,426
28,244,370
28,245,626
28,246,468
28,247,465
28,248,416
28,249,502
28,250,438
28,251,511
28,252,472
28,253,517
28,254,543
28,255,502
28,256,422
29,1,284
29,2,324
29,3,300
29,4,327
29,5,302
29,6,326
29,7,331
29,8,563
29,9,322
29,10,364
29,11,321
29,12,349
29,13,385
29,14,360
29,15,341
29,16,365
29,17,322
29,18,358
29,19,321
29,20,351
29,21,313
29,22,367
29,23,2414
29,24,360
29,25,333
29,26,360
29,27,354
29,28,810
29,29,341
29,30,447
29,31,359
29,32,388
29,33,357
29,34,407
29,35,375
29,36,406
29,37,409
29,38,528
29,39,403
29,40,430
29,41,392
29,42,432
29,43,407
29,44,413
29,45,332
29,46,338
29,47,278
29,48,250
29,49,262
29,50,230
29,51,318
29,52,338
29,53,248
29,54,275
29,55,282
29,56,271
29,57,243
29,58,265
29,59,391
29,60,265
29,61,274
29,62,261
29,63,238
29,64,315
29,65,237
29,66,250
29,67,255
29,68,284
29,69,243
29,70,254
29,71,415
29,72,242
29,73,356
29,74,246
29,75,253
29,76,279
29,77,259
29,78,249
29,79,239
29,80,261
29,81,232
29,82,225
29,83,234
29,84,230
29,85,216
29,86,226
29,87,226
29,88,283
29,89,220
29,90,234
29,91,231
29,92,267
29,93,218
29,94,220
29,95,233
29,96,215
29,97,232
29,98,219
29,99,233
29,100,221
29,101,217
29,102,211
29,103,279
29,104,216
29,105,211
29,106,202
29,107,211
29,108,215
29,109,211
29,110,204
29,111,210
29,112,208
29,113,195
29,114,210
29,115,199
29,116,205
29,117,198
29,118,207
29,119,225
29,120,203
29,121,190
29,122,208
29,123,181
29,124,219
29,125,178
29,126,200
29,127,188
29,128,193
29,129,162
29,130,190
29,131,163
29,132,170
29,133,157
29,134,138
29,135,163
29,136,117
29,137,142
29,138,137
29,139,158
29,140,134
29,141,139
29,142,125
29,143,1521
29,144,424
29,145,160
29,146,124
29,147,143
29,148,213
29,149,146
29,150,141
29,151,145
29,152,140
29,153,145
29,154,133
29,155,184
29,156,148
29,157,187
29,158,161
29,159,165
29,160,199
29,161,180
29,162,148
29,163,155
29,164,149
29,165,155
29,166,155
29,167,159
29,168,150
29,169,162
29,170,172
29,171,186
29,172,156
29,173,169
29,174,186
29,175,161
29,176,153
29,177,172
29,178,191
29,179,1848
29,180,164
29,181,194
29,182,167
29,183,211
29,184,175
29,185,200
29,186,148
29,187,173
29,188,192
29,189,188
29,190,150
29,191,209
29,192,164
29,193,186
29,194,151
29,195,186
29,196,159
29,197,213
29,198,192
29,199,185
29,200,168
29,201,200
29,202,178
29,203,200
29,204,164
29,205,208
29,206,173
29,207,213
29,208,172
29,209,221
29,210,1510
29,211,254
29,212,176
29,213,338
29,214,204
29,215,352
29,216,174
29,217,246
29,218,191
29,219,273
29,220,201
29,221,705
29,222,203
29,223,278
29,224,212
29,225,298
29,226,216
29,227,307
29,228,218
29,229,309
29,230,241
29,231,306
29,232,247
29,233,338
29,234,262
29,235,3476
29,236,282
29,237,363
29,238,356
29,239,384
29,240,329
29,241,398
29,242,355
29,243,425
29,244,370
29,245,622
29,246,468
29,247,466
29,248,416
29,249,503
29,250,437
29,251,511
29,252,472
29,253,516
29,254,538
29,255,504
29,256,423
30,1,284
30,2,324
30,3,300
30,4,327
30,5,302
30,6,326
30,7,331
30,8,563
30,9,322
30,10,364
30,11,321
30,12,349
30,13,385
30,14,360
30,15,341
30,16,365
30,17,322
30,18,358
30,19,321
30,20,351
30,21,313
30,22,367
30,23,2414
30,24,360
30,25,333
30,26,360
30,27,354
30,28,810
30,29,341
30,30,447
30,31,359
30,32,388
30,33,357
30,34,407
30,35,375
30,36,406
30,37,409
30,38,528
30,39,403
30,40,430
30,41,392
30,42,432
30,43,407
30,44,413
30,45,332
30,46,338
30,47,278
30,48,250
30,49,262
30,50,230
30,51,318
30,52,338
30,53,248
30,54,275
30,55,282
30,56,271
30,57,243
30,58,265
30,59,391
30,60,265
30,61,274
30,62,261
30,63,238
30,64,315
30,65,237
30,66,250
30,67,255
30,68,284
30,69,243
30,70,254
30,71,415
30,72,242
30,73,356
30,74,246
30,75,253
30,76,279
30,77,259
30,78,249
30,79,239
30,80,261
30,81,232
30,82,225
30,83,234
30,84,230
30,85,216
30,86,226
30,87,226
30,88,283
30,89,220
30,90,234
30,91,231
30,92,267
30,93,218
30,94,220
30,95,233
30,96,215
30,97,232
30,98,219
30,99,233
30,100,221
30,101,217
30,102,211
30,103,279
30,104,216
30,105,211
30,106,202
30,107,211
30,108,215
30,109,211
30,110,204
30,111,210
30,112,208
30,113,195
30,114,210
30,115,199
30,116,205
30,117,198
30,118,207
30,119,225
30,120,203
30,121,190
30,122,208
30,123,181
30,124,219
30,125,178
30,126,200
30,127,188
30,128,193
30,129,162
30,130,190
30,131,163
30,132,170
30,133,157
30,134,138
30,135,163
30,136,117
30,137,142
30,138,137
30,139,158
30,140,134
30,141,139
30,142,125
30,143,1521
30,144,424
30,145,160
30,146,124
30,147,143
30,148,213
30,149,146
30,150,141
30,151,145
30,152,140
30,153,145
30,154,133
30,155,184
30,156,148
30,157,187
30,158,161
30,159,165
30,160,199
30,161,180
30,162,148
30,163,155
30,164,149
30,165,155
30,166,155
30,167,159
30,168,150
30,169,162
30,170,172
30,171,186
30,172,156
30,173,169
30,174,186
30,175,161
30,176,153
30,177,172
30,178,191
30,179,1848
30,180,164
30,181,194
30,182,167
30,183,211
30,184,175
30,185,200
30,186,148
30,187,173
30,188,192
30,189,188
30,190,150
30,191,209
30,192,164
30,193,186
30,194,151
30,195,186
30,196,159
30,197,213
30,198,192
30,199,185
30,200,168
30,201,200
30,202,178
30,203,200
30,204,164
30,205,208
30,206,173
30,207,213
30,208,172
30,209,221
30,210,1510
30,211,254
30,212,176
30,213,338
30,214,204
30,215,352
30,216,174
30,217,246
30,218,191
30,219,273
30,220,201
30,221,705
30,222,203
30,223,278
30,224,212
30,225,298
30,226,216
30,227,307
30,228,218
30,229,309
30,230,241
30,231,306
30,232,247
30,233,338
30,234,262
30,235,3476
30,236,282
30,237,363
30,238,356
30,239,384
30,240,329
30,241,398
30,242,355
30,243,425
30,244,370
30,245,622
30,246,468
30,247,466
30,248,416
30,249,503
30,250,437
30,251,511
30,252,472
30,253,516
30,254,538
30,255,504
30,256,423
31,1,284
31,2,325
31,3,302
31,4,328
31,5,302
31,6,328
31,7,331
31,8,560
31,9,322
31,10,365
31,11,321
31,12,349
31,13,386
31,14,363
31,15,341
31,16,367
31,17,324
31,18,357
31,19,321
31,20,354
31,21,310
31,22,366
31,23,2476
31,24,360
31,25,334
31,26,359
31,27,354
31,28,811
31,29,341
31,30,456
31,31,358
31,32,389
31,33,358
31,34,407
31,35,376
31,36,406
31,37,410
31,38,528
31,39,406
31,40,432
31,41,392
31,42,435
31,43,406
31,44,414
31,45,331
31,46,338
31,47,278
31,48,252
31,49,273
31,50,232
31,51,315
31,52,337
31,53,247
31,54,277
31,55,279
31,56,269
31,57,244
31,58,267
31,59,390
31,60,265
31,61,274
31,62,263
31,63,237
31,64,315
31,65,237
31,66,250
31,67,254
31,68,285
31,69,240
31,70,253
31,71,415
31,72,244
31,73,359
31,74,248
31,75,253
31,76,279
31,77,259
31,78,251
31,79,238
31,80,263
31,81,231
31,82,227
31,83,235
31,84,230
31,85,217
31,86,227
31,87,226
31,88,284
31,89,219
31,90,234
31,91,231
31,92,269
31,93,220
31,94,220
31,95,233
31,96,217
31,97,232
31,98,218
31,99,233
31,100,222
31,101,218
31,102,214
31,103,287
31,104,217
31,105,211
31,106,202
31,107,210
31,108,214
31,109,211
31,110,204
31,111,210
31,112,207
31,113,197
31,114,211
31,115,200
31,116,206
31,117,198
31,118,207
31,119,224
31,120,203
31,121,190
31,122,207
31,123,182
31,124,228
31,125,177
31,126,200
31,127,189
31,128,193
31,129,163
31,130,190
31,131,162
31,132,170
31,133,157
31,134,140
31,135,161
31,136,116
31,137,142
31,138,137
31,139,157
31,140,134
31,141,140
31,142,126
31,143,1521
31,144,426
31,145,159
31,146,125
31,147,143
31,148,212
31,149,147
31,150,141
31,151,143
31,152,139
31,153,146
31,154,133
31,155,188
31,156,147
31,157,186
31,158,206
31,159,169
31,160,200
31,161,181
31,162,148
31,163,154
31,164,149
31,165,155
31,166,155
31,167,158
31,168,150
31,169,163
31,170,174
31,171,185
31,172,155
31,173,168
31,174,187
31,175,160
31,176,155
31,177,172
31,178,192
31,179,1850
31,180,164
31,181,194
31,182,169
31,183,214
31,184,176
31,185,200
31,186,148
31,187,173
31,188,193
31,189,188
31,190,149
31,191,211
31,192,165
31,193,185
31,194,153
31,195,186
31,196,159
31,197,213
31,198,191
31,199,184
31,200,169
31,201,202
31,202,178
31,203,199
31,204,165
31,205,208
31,206,173
31,207,213
31,208,173
31,209,221
31,210,1509
31,211,253
31,212,177
31,213,337
31,214,203
31,215,344
31,216,175
31,217,246
31,218,190
31,219,275
31,220,202
31,221,708
31,222,202
31,223,280
31,224,214
31,225,297
31,226,219
31,227,308
31,228,220
31,229,311
31,230,243
31,231,306
31,232,248
31,233,337
31,234,262
31,235,3468
31,236,283
31,237,363
31,238,357
31,239,385
31,240,330
31,241,398
31,242,357
31,243,425
31,244,370
31,245,626
31,246,465
31,247,468
31,248,418
31,249,502
31,250,438
31,251,510
31,252,471
31,253,516
31,254,544
31,255,503
31,256,423
32,1,284
32,2,325
32,3,302
32,4,328
32,5,302
32,6,328
32,7,331
32,8,560
32,9,322
32,10,365
32,11,321
32,12,349
32,13,386
32,14,363
32,15,341
32,16,367
32,17,324
32,18,357
32,19,321
32,20,354
32,21,310
32,22,366
32,23,2476
32,24,360
32,25,334
32,26,359
32,27,354
32,28,811
32,29,341
32,30,456
32,31,358
32,32,389
32,33,358
32,34,407
32,35,376
32,36,406
32,37,410
32,38,528
32,39,406
32,40,432
32,41,392
32,42,435
32,43,406
32,44,414
32,45,331
32,46,338
32,47,278
32,48,252
32,49,273
32,50,232
32,51,315
32,52,337
32,53,247
32,54,277
32,55,279
32,56,269
32,57,244
32,58,267
32,59,390
32,60,265
32,61,274
32,62,263
32,63,237
32,64,315
32,65,237
32,66,250
32,67,254
32,68,285
32,69,240
32,70,253
32,71,415
32,72,244
32,73,359
32,74,248
32,75,253
32,76,279
32,77,259
32,78,251
32,79,238
32,80,263
32,81,231
32,82,227
32,83,235
32,84,230
32,85,217
32,86,227
32,87,226
32,88,284
32,89,219
32,90,234
32,91,231
32,92,269
32,93,220
32,94,220
32,95,233
32,96,217
32,97,232
32,98,218
32,99,233
32,100,222
32,101,218
32,102,214
32,103,287
32,104,217
32,105,211
32,106,202
32,107,210
32,108,214
32,109,211
32,110,204
32,111,210
32,112,207
32,113,197
32,114,211
32,115,200
32,116,206
32,117,198
32,118,207
32,119,224
32,120,203
32,121,190
32,122,207
32,123,182
32,124,228
32,125,177
32,126,200
32,127,189
32,128,193
32,129,163
32,130,190
32,131,162
32,132,170
32,133,157
32,134,140
32,135,161
32,136,116
32,137,142
32,138,137
32,139,157
32,140,134
32,141,140
32,142,126
32,143,1521
32,144,426
32,145,159
32,146,125
32,147,143
32,148,212
32,149,147
32,150,141
32,151,143
32,152,139
32,153,146
32,154,133
32,155,188
32,156,147
32,157,186
32,158,206
32,159,169
32,160,200
32,161,181
32,162,148
32,163,154
32,164,149
32,165,155
32,166,155
32,167,158
32,168,150
32,169,163
32,170,174
32,171,185
32,172,155
32,173,168
32,174,187
32,175,160
32,176,155
32,177,172
32,178,192
32,179,1850
32,180,164
32,181,194
32,182,169
32,183,214
32,184,176
32,185,200
32,186,148
32,187,173
32,188,193
32,189,188
32,190,149
32,191,211
32,192,165
32,193,185
32,194,153
32,195,186
32,196,159
32,197,213
32,198,191
32,199,184
32,200,169
32,201,202
32,202,178
32,203,199
32,204,165
32,205,208
32,206,173
32,207,213
32,208,173
32,209,221
32,210,1509
32,211,253
32,212,177
32,213,337
32,214,203
32,215,344
32,216,175
32,217,246
32,218,190
32,219,275
32,220,202
32,221,708
32,222,202
32,223,280
32,224,214
32,225,297
32,226,219
32,227,308
32,228,220
32,229,311
32,230,243
32,231,306
32,232,248
32,233,337
32,234,262
32,235,3468
32,236,283
32,237,363
32,238,357
32,239,385
32,240,330
32,241,398
32,242,357
32,243,425
32,244,370
32,245,626
32,246,465
32,247,468
32,248,418
32,249,502
32,250,438
32,251,510
32,252,471
32,253,516
32,254,544
32,255,503
32,256,423
