Line,Band,Value
1,1,282
1,2,322
1,3,297
1,4,325
1,5,298
1,6,325
1,7,328
1,8,563
1,9,322
1,10,362
1,11,319
1,12,347
1,13,383
1,14,360
1,15,336
1,16,364
1,17,321
1,18,355
1,19,316
1,20,350
1,21,309
1,22,363
1,23,2393
1,24,358
1,25,332
1,26,357
1,27,351
1,28,807
1,29,339
1,30,447
1,31,358
1,32,387
1,33,357
1,34,407
1,35,376
1,36,407
1,37,410
1,38,530
1,39,405
1,40,434
1,41,397
1,42,439
1,43,411
1,44,417
1,45,337
1,46,341
1,47,283
1,48,251
1,49,271
1,50,230
1,51,319
1,52,330
1,53,240
1,54,270
1,55,273
1,56,264
1,57,237
1,58,260
1,59,384
1,60,260
1,61,270
1,62,258
1,63,233
1,64,306
1,65,232
1,66,245
1,67,248
1,68,274
1,69,235
1,70,248
1,71,409
1,72,239
1,73,338
1,74,243
1,75,250
1,76,275
1,77,256
1,78,247
1,79,235
1,80,260
1,81,230
1,82,222
1,83,232
1,84,225
1,85,214
1,86,225
1,87,223
1,88,279
1,89,217
1,90,231
1,91,228
1,92,262
1,93,216
1,94,218
1,95,231
1,96,213
1,97,230
1,98,216
1,99,231
1,100,220
1,101,215
1,102,210
1,103,277
1,104,214
1,105,209
1,106,200
1,107,209
1,108,213
1,109,209
1,110,201
1,111,208
1,112,206
1,113,194
1,114,210
1,115,197
1,116,205
1,117,194
1,118,205
1,119,222
1,120,202
1,121,188
1,122,206
1,123,179
1,124,220
1,125,175
1,126,198
1,127,188
1,128,193
1,129,162
1,130,188
1,131,163
1,132,171
1,133,155
1,134,137
1,135,160
1,136,116
1,137,142
1,138,137
1,139,157
1,140,133
1,141,140
1,142,124
1,143,1525
1,144,423
1,145,159
1,146,125
1,147,143
1,148,211
1,149,146
1,150,140
1,151,145
1,152,139
1,153,146
1,154,132
1,155,185
1,156,147
1,157,184
1,158,160
1,159,166
1,160,194
1,161,181
1,162,148
1,163,155
1,164,149
1,165,156
1,166,156
1,167,159
1,168,150
1,169,162
1,170,174
1,171,186
1,172,156
1,173,169
1,174,190
1,175,160
1,176,155
1,177,172
1,178,196
1,179,1841
1,180,164
1,181,191
1,182,164
1,183,210
1,184,176
1,185,199
1,186,148
1,187,174
1,188,192
1,189,188
1,190,150
1,191,209
1,192,165
1,193,186
1,194,150
1,195,186
1,196,159
1,197,212
1,198,188
1,199,183
1,200,168
1,201,201
1,202,176
1,203,199
1,204,163
1,205,206
1,206,172
1,207,212
1,208,172
1,209,236
1,210,1513
1,211,262
1,212,178
1,213,334
1,214,200
1,215,344
1,216,174
1,217,246
1,218,190
1,219,274
1,220,201
1,221,720
1,222,200
1,223,277
1,224,211
1,225,302
1,226,216
1,227,307
1,228,217
1,229,309
1,230,239
1,231,303
1,232,244
1,233,337
1,234,259
1,235,3464
1,236,278
1,237,361
1,238,353
1,239,379
1,240,324
1,241,395
1,242,359
1,243,421
1,244,364
1,245,624
1,246,449
1,247,459
1,248,411
1,249,496
1,250,432
1,251,504
1,252,467
1,253,510
1,254,528
1,255,496
1,256,418
2,1,282
2,2,322
2,3,297
2,4,325
2,5,298
2,6,325
2,7,328
2,8,563
2,9,322
2,10,362
2,11,319
2,12,347
2,13,383
2,14,360
2,15,336
2,16,364
2,17,321
2,18,355
2,19,316
2,20,350
2,21,309
2,22,363
2,23,2393
2,24,358
2,25,332
2,26,357
2,27,351
2,28,807
2,29,339
2,30,447
2,31,358
2,32,387
2,33,357
2,34,407
2,35,376
2,36,407
2,37,410
2,38,530
2,39,405
2,40,434
2,41,397
2,42,439
2,43,411
2,44,417
2,45,337
2,46,341
2,47,283
2,48,251
2,49,271
2,50,230
2,51,319
2,52,330
2,53,240
2,54,270
2,55,273
2,56,264
2,57,237
2,58,260
2,59,384
2,60,260
2,61,270
2,62,258
2,63,233
2,64,306
2,65,232
2,66,245
2,67,248
2,68,274
2,69,235
2,70,248
2,71,409
2,72,239
2,73,338
2,74,243
2,75,250
2,76,275
2,77,256
2,78,247
2,79,235
2,80,260
2,81,230
2,82,222
2,83,232
2,84,225
2,85,214
2,86,225
2,87,223
2,88,279
2,89,217
2,90,231
2,91,228
2,92,262
2,93,216
2,94,218
2,95,231
2,96,213
2,97,230
2,98,216
2,99,231
2,100,220
2,101,215
2,102,210
2,103,277
2,104,214
2,105,209
2,106,200
2,107,209
2,108,213
2,109,209
2,110,201
2,111,208
2,112,206
2,113,194
2,114,210
2,115,197
2,116,205
2,117,194
2,118,205
2,119,222
2,120,202
2,121,188
2,122,206
2,123,179
2,124,220
2,125,175
2,126,198
2,127,188
2,128,193
2,129,162
2,130,188
2,131,163
2,132,171
2,133,155
2,134,137
2,135,160
2,136,116
2,137,142
2,138,137
2,139,157
2,140,133
2,141,140
2,142,124
2,143,1525
2,144,423
2,145,159
2,146,125
2,147,143
2,148,211
2,149,146
2,150,140
2,151,145
2,152,139
2,153,146
2,154,132
2,155,185
2,156,147
2,157,184
2,158,160
2,159,166
2,160,194
2,161,181
2,162,148
2,163,155
2,164,149
2,165,156
2,166,156
2,167,159
2,168,150
2,169,162
2,170,174
2,171,186
2,172,156
2,173,169
2,174,190
2,175,160
2,176,155
2,177,172
2,178,196
2,179,1841
2,180,164
2,181,191
2,182,164
2,183,210
2,184,176
2,185,199
2,186,148
2,187,174
2,188,192
2,189,188
2,190,150
2,191,209
2,192,165
2,193,186
2,194,150
2,195,186
2,196,159
2,197,212
2,198,188
2,199,183
2,200,168
2,201,201
2,202,176
2,203,199
2,204,163
2,205,206
2,206,172
2,207,212
2,208,172
2,209,236
2,210,1513
2,211,262
2,212,178
2,213,334
2,214,200
2,215,344
2,216,174
2,217,246
2,218,190
2,219,274
2,220,201
2,221,720
2,222,200
2,223,277
2,224,211
2,225,302
2,226,216
2,227,307
2,228,217
2,229,309
2,230,239
2,231,303
2,232,244
2,233,337
2,234,259
2,235,3464
2,236,278
2,237,361
2,238,353
2,239,379
2,240,324
2,241,395
2,242,359
2,243,421
2,244,364
2,245,624
2,246,449
2,247,459
2,248,411
2,249,496
2,250,432
2,251,504
2,252,467
2,253,510
2,254,528
2,255,496
2,256,418
3,1,282
3,2,320
3,3,299
3,4,324
3,5,299
3,6,324
3,7,329
3,8,561
3,9,322
3,10,361
3,11,318
3,12,345
3,13,383
3,14,359
3,15,336
3,16,362
3,17,321
3,18,354
3,19,317
3,20,349
3,21,308
3,22,361
3,23,2419
3,24,355
3,25,331
3,26,357
3,27,350
3,28,806
3,29,339
3,30,450
3,31,357
3,32,387
3,33,357
3,34,407
3,35,375
3,36,407
3,37,411
3,38,533
3,39,405
3,40,432
3,41,392
3,42,437
3,43,410
3,44,417
3,45,334
3,46,340
3,47,283
3,48,251
3,49,276
3,50,230
3,51,310
3,52,323
3,53,240
3,54,268
3,55,272
3,56,262
3,57,237
3,58,257
3,59,383
3,60,258
3,61,268
3,62,256
3,63,233
3,64,302
3,65,232
3,66,243
3,67,247
3,68,278
3,69,235
3,70,246
3,71,409
3,72,237
3,73,343
3,74,242
3,75,249
3,76,274
3,77,255
3,78,245
3,79,235
3,80,258
3,81,228
3,82,222
3,83,232
3,84,224
3,85,212
3,86,224
3,87,222
3,88,279
3,89,217
3,90,229
3,91,227
3,92,265
3,93,216
3,94,217
3,95,231
3,96,211
3,97,229
3,98,216
3,99,231
3,100,219
3,101,215
3,102,208
3,103,277
3,104,211
3,105,209
3,106,197
3,107,208
3,108,211
3,109,208
3,110,199
3,111,208
3,112,204
3,113,193
3,114,206
3,115,197
3,116,203
3,117,194
3,118,203
3,119,223
3,120,200
3,121,188
3,122,206
3,123,179
3,124,219
3,125,177
3,126,197
3,127,186
3,128,190
3,129,162
3,130,187
3,131,162
3,132,170
3,133,156
3,134,137
3,135,160
3,136,114
3,137,142
3,138,135
3,139,157
3,140,131
3,141,138
3,142,123
3,143,1523
3,144,422
3,145,159
3,146,124
3,147,143
3,148,208
3,149,146
3,150,138
3,151,144
3,152,137
3,153,147
3,154,131
3,155,184
3,156,145
3,157,185
3,158,157
3,159,165
3,160,190
3,161,181
3,162,148
3,163,155
3,164,147
3,165,155
3,166,154
3,167,159
3,168,151
3,169,163
3,170,171
3,171,186
3,172,155
3,173,170
3,174,186
3,175,159
3,176,153
3,177,171
3,178,194
3,179,1851
3,180,163
3,181,190
3,182,162
3,183,212
3,184,174
3,185,200
3,186,146
3,187,172
3,188,192
3,189,190
3,190,148
3,191,210
3,192,163
3,193,186
3,194,149
3,195,185
3,196,157
3,197,213
3,198,189
3,199,183
3,200,167
3,201,202
3,202,175
3,203,200
3,204,162
3,205,206
3,206,171
3,207,213
3,208,171
3,209,220
3,210,1507
3,211,253
3,212,173
3,213,332
3,214,199
3,215,344
3,216,173
3,217,245
3,218,189
3,219,273
3,220,200
3,221,717
3,222,197
3,223,276
3,224,210
3,225,299
3,226,213
3,227,306
3,228,216
3,229,309
3,230,237
3,231,304
3,232,243
3,233,334
3,234,258
3,235,3474
3,236,278
3,237,362
3,238,351
3,239,379
3,240,322
3,241,394
3,242,358
3,243,420
3,244,364
3,245,623
3,246,449
3,247,459
3,248,410
3,249,494
3,250,430
3,251,504
3,252,465
3,253,510
3,254,527
3,255,498
3,256,415
4,1,282
4,2,320
4,3,299
4,4,324
4,5,299
4,6,324
4,7,329
4,8,561
4,9,322
4,10,361
4,11,318
4,12,345
4,13,383
4,14,359
4,15,336
4,16,362
4,17,321
4,18,354
4,19,317
4,20,349
4,21,308
4,22,361
4,23,2419
4,24,355
4,25,331
4,26,357
4,27,350
4,28,806
4,29,339
4,30,450
4,31,357
4,32,387
4,33,357
4,34,407
4,35,375
4,36,407
4,37,411
4,38,533
4,39,405
4,40,432
4,41,392
4,42,437
4,43,410
4,44,417
4,45,334
4,46,340
4,47,283
4,48,251
4,49,276
4,50,230
4,51,310
4,52,323
4,53,240
4,54,268
4,55,272
4,56,262
4,57,237
4,58,257
4,59,383
4,60,258
4,61,268
4,62,256
4,63,233
4,64,302
4,65,232
4,66,243
4,67,247
4,68,278
4,69,235
4,70,246
4,71,409
4,72,237
4,73,343
4,74,242
4,75,249
4,76,274
4,77,255
4,78,245
4,79,235
4,80,258
4,81,228
4,82,222
4,83,232
4,84,224
4,85,212
4,86,224
4,87,222
4,88,279
4,89,217
4,90,229
4,91,227
4,92,265
4,93,216
4,94,217
4,95,231
4,96,211
4,97,229
4,98,216
4,99,231
4,100,219
4,101,215
4,102,208
4,103,277
4,104,211
4,105,209
4,106,197
4,107,208
4,108,211
4,109,208
4,110,199
4,111,208
4,112,204
4,113,193
4,114,206
4,115,197
4,116,203
4,117,194
4,118,203
4,119,223
4,120,200
4,121,188
4,122,206
4,123,179
4,124,219
4,125,177
4,126,197
4,127,186
4,128,190
4,129,162
4,130,187
4,131,162
4,132,170
4,133,156
4,134,137
4,135,160
4,136,114
4,137,142
4,138,135
4,139,157
4,140,131
4,141,138
4,142,123
4,143,1523
4,144,422
4,145,159
4,146,124
4,147,143
4,148,208
4,149,146
4,150,138
4,151,144
4,152,137
4,153,147
4,154,131
4,155,184
4,156,145
4,157,185
4,158,157
4,159,165
4,160,190
4,161,181
4,162,148
4,163,155
4,164,147
4,165,155
4,166,154
4,167,159
4,168,151
4,169,163
4,170,171
4,171,186
4,172,155
4,173,170
4,174,186
4,175,159
4,176,153
4,177,171
4,178,194
4,179,1851
4,180,163
4,181,190
4,182,162
4,183,212
4,184,174
4,185,200
4,186,146
4,187,172
4,188,192
4,189,190
4,190,148
4,191,210
4,192,163
4,193,186
4,194,149
4,195,185
4,196,157
4,197,213
4,198,189
4,199,183
4,200,167
4,201,202
4,202,175
4,203,200
4,204,162
4,205,206
4,206,171
4,207,213
4,208,171
4,209,220
4,210,1507
4,211,253
4,212,173
4,213,332
4,214,199
4,215,344
4,216,173
4,217,245
4,218,189
4,219,273
4,220,200
4,221,717
4,222,197
4,223,276
4,224,210
4,225,299
4,226,213
4,227,306
4,228,216
4,229,309
4,230,237
4,231,304
4,232,243
4,233,334
4,234,258
4,235,3474
4,236,278
4,237,362
4,238,351
4,239,379
4,240,322
4,241,394
4,242,358
4,243,420
4,244,364
4,245,623
4,246,449
4,247,459
4,248,410
4,249,494
4,250,430
4,251,504
4,252,465
4,253,510
4,254,527
4,255,498
4,256,415
5,1,281
5,2,324
5,3,298
5,4,326
5,5,301
5,6,325
5,7,327
5,8,556
5,9,321
5,10,363
5,11,318
5,12,347
5,13,383
5,14,359
5,15,337
5,16,363
5,17,321
5,18,356
5,19,316
5,20,351
5,21,309
5,22,363
5,23,2391
5,24,359
5,25,332
5,26,358
5,27,352
5,28,808
5,29,338
5,30,466
5,31,358
5,32,388
5,33,356
5,34,407
5,35,377
5,36,407
5,37,412
5,38,535
5,39,404
5,40,433
5,41,396
5,42,439
5,43,409
5,44,418
5,45,337
5,46,342
5,47,284
5,48,252
5,49,269
5,50,231
5,51,318
5,52,326
5,53,239
5,54,269
5,55,270
5,56,263
5,57,238
5,58,261
5,59,384
5,60,260
5,61,270
5,62,259
5,63,233
5,64,303
5,65,232
5,66,245
5,67,247
5,68,278
5,69,235
5,70,247
5,71,410
5,72,240
5,73,342
5,74,244
5,75,248
5,76,276
5,77,254
5,78,249
5,79,236
5,80,258
5,81,229
5,82,223
5,83,231
5,84,225
5,85,212
5,86,224
5,87,222
5,88,280
5,89,217
5,90,231
5,91,229
5,92,267
5,93,215
5,94,219
5,95,231
5,96,214
5,97,228
5,98,216
5,99,232
5,100,220
5,101,215
5,102,211
5,103,278
5,104,214
5,105,209
5,106,201
5,107,208
5,108,213
5,109,209
5,110,203
5,111,209
5,112,207
5,113,192
5,114,208
5,115,197
5,116,205
5,117,195
5,118,206
5,119,222
5,120,202
5,121,189
5,122,207
5,123,181
5,124,221
5,125,177
5,126,199
5,127,187
5,128,193
5,129,163
5,130,189
5,131,161
5,132,173
5,133,155
5,134,138
5,135,160
5,136,116
5,137,142
5,138,136
5,139,157
5,140,133
5,141,138
5,142,124
5,143,1524
5,144,424
5,145,160
5,146,126
5,147,143
5,148,211
5,149,145
5,150,142
5,151,146
5,152,140
5,153,146
5,154,132
5,155,185
5,156,148
5,157,185
5,158,162
5,159,165
5,160,201
5,161,181
5,162,149
5,163,154
5,164,149
5,165,154
5,166,155
5,167,159
5,168,151
5,169,163
5,170,173
5,171,186
5,172,157
5,173,168
5,174,189
5,175,159
5,176,155
5,177,173
5,178,193
5,179,1842
5,180,165
5,181,192
5,182,166
5,183,207
5,184,176
5,185,199
5,186,148
5,187,174
5,188,191
5,189,188
5,190,150
5,191,208
5,192,164
5,193,186
5,194,150
5,195,186
5,196,159
5,197,213
5,198,191
5,199,183
5,200,169
5,201,201
5,202,177
5,203,198
5,204,164
5,205,206
5,206,172
5,207,212
5,208,173
5,209,219
5,210,1506
5,211,255
5,212,175
5,213,336
5,214,201
5,215,351
5,216,175
5,217,245
5,218,190
5,219,273
5,220,200
5,221,714
5,222,201
5,223,276
5,224,211
5,225,300
5,226,216
5,227,306
5,228,218
5,229,309
5,230,241
5,231,303
5,232,245
5,233,335
5,234,260
5,235,3441
5,236,279
5,237,361
5,238,354
5,239,377
5,240,325
5,241,394
5,242,358
5,243,421
5,244,366
5,245,621
5,246,453
5,247,460
5,248,413
5,249,498
5,250,431
5,251,504
5,252,468
5,253,510
5,254,539
5,255,497
5,256,418
6,1,281
6,2,324
6,3,298
6,4,326
6,5,301
6,6,325
6,7,327
6,8,556
6,9,321
6,10,363
6,11,318
6,12,347
6,13,383
6,14,359
6,15,337
6,16,363
6,17,321
6,18,356
6,19,316
6,20,351
6,21,309
6,22,363
6,23,2391
6,24,359
6,25,332
6,26,358
6,27,352
6,28,808
6,29,338
6,30,466
6,31,358
6,32,388
6,33,356
6,34,407
6,35,377
6,36,407
6,37,412
6,38,535
6,39,404
6,40,433
6,41,396
6,42,439
6,43,409
6,44,418
6,45,337
6,46,342
6,47,284
6,48,252
6,49,269
6,50,231
6,51,318
6,52,326
6,53,239
6,54,269
6,55,270
6,56,263
6,57,238
6,58,261
6,59,384
6,60,260
6,61,270
6,62,259
6,63,233
6,64,303
6,65,232
6,66,245
6,67,247
6,68,278
6,69,235
6,70,247
6,71,410
6,72,240
6,73,342
6,74,244
6,75,248
6,76,276
6,77,254
6,78,249
6,79,236
6,80,258
6,81,229
6,82,223
6,83,231
6,84,225
6,85,212
6,86,224
6,87,222
6,88,280
6,89,217
6,90,231
6,91,229
6,92,267
6,93,215
6,94,219
6,95,231
6,96,214
6,97,228
6,98,216
6,99,232
6,100,220
6,101,215
6,102,211
6,103,278
6,104,214
6,105,209
6,106,201
6,107,208
6,108,213
6,109,209
6,110,203
6,111,209
6,112,207
6,113,192
6,114,208
6,115,197
6,116,205
6,117,195
6,118,206
6,119,222
6,120,202
6,121,189
6,122,207
6,123,181
6,124,221
6,125,177
6,126,199
6,127,187
6,128,193
6,129,163
6,130,189
6,131,161
6,132,173
6,133,155
6,134,138
6,135,160
6,136,116
6,137,142
6,138,136
6,139,157
6,140,133
6,141,138
6,142,124
6,143,1524
6,144,424
6,145,160
6,146,126
6,147,143
6,148,211
6,149,145
6,150,142
6,151,146
6,152,140
6,153,146
6,154,132
6,155,185
6,156,148
6,157,185
6,158,162
6,159,165
6,160,201
6,161,181
6,162,149
6,163,154
6,164,149
6,165,154
6,166,155
6,167,159
6,168,151
6,169,163
6,170,173
6,171,186
6,172,157
6,173,168
6,174,189
6,175,159
6,176,155
6,177,173
6,178,193
6,179,1842
6,180,165
6,181,192
6,182,166
6,183,207
6,184,176
6,185,199
6,186,148
6,187,174
6,188,191
6,189,188
6,190,150
6,191,208
6,192,164
6,193,186
6,194,150
6,195,186
6,196,159
6,197,213
6,198,191
6,199,183
6,200,169
6,201,201
6,202,177
6,203,198
6,204,164
6,205,206
6,206,172
6,207,212
6,208,173
6,209,219
6,210,1506
6,211,255
6,212,175
6,213,336
6,214,201
6,215,351
6,216,175
6,217,245
6,218,190
6,219,273
6,220,200
6,221,714
6,222,201
6,223,276
6,224,211
6,225,300
6,226,216
6,227,306
6,228,218
6,229,309
6,230,241
6,231,303
6,232,245
6,233,335
6,234,260
6,235,3441
6,236,279
6,237,361
6,238,354
6,239,377
6,240,325
6,241,394
6,242,358
6,243,421
6,244,366
6,245,621
6,246,453
6,247,460
6,248,413
6,249,498
6,250,431
6,251,504
6,252,468
6,253,510
6,254,539
6,255,497
6,256,418
7,1,281
7,2,324
7,3,300
7,4,325
7,5,301
7,6,325
7,7,328
7,8,558
7,9,320
7,10,361
7,11,318
7,12,348
7,13,382
7,14,361
7,15,338
7,16,364
7,17,346
7,18,354
7,19,317
7,20,351
7,21,310
7,22,364
7,23,2395
7,24,358
7,25,332
7,26,359
7,27,351
7,28,807
7,29,339
7,30,454
7,31,357
7,32,388
7,33,358
7,34,407
7,35,377
7,36,407
7,37,412
7,38,537
7,39,404
7,40,435
7,41,393
7,42,439
7,43,409
7,44,417
7,45,335
7,46,342
7,47,282
7,48,251
7,49,276
7,50,232
7,51,316
7,52,325
7,53,239
7,54,268
7,55,269
7,56,263
7,57,237
7,58,260
7,59,383
7,60,260
7,61,268
7,62,258
7,63,234
7,64,307
7,65,232
7,66,246
7,67,248
7,68,283
7,69,234
7,70,248
7,71,408
7,72,239
7,73,345
7,74,244
7,75,247
7,76,262
7,77,256
7,78,247
7,79,235
7,80,259
7,81,229
7,82,224
7,83,231
7,84,226
7,85,211
7,86,224
7,87,221
7,88,279
7,89,216
7,90,230
7,91,229
7,92,267
7,93,216
7,94,218
7,95,232
7,96,214
7,97,229
7,98,215
7,99,231
7,100,220
7,101,215
7,102,210
7,103,285
7,104,214
7,105,209
7,106,199
7,107,207
7,108,213
7,109,209
7,110,203
7,111,209
7,112,207
7,113,193
7,114,208
7,115,197
7,116,205
7,117,196
7,118,206
7,119,222
7,120,202
7,121,189
7,122,209
7,123,178
7,124,221
7,125,176
7,126,200
7,127,186
7,128,192
7,129,160
7,130,188
7,131,161
7,132,172
7,133,155
7,134,138
7,135,161
7,136,117
7,137,141
7,138,137
7,139,157
7,140,133
7,141,138
7,142,124
7,143,1524
7,144,422
7,145,160
7,146,125
7,147,143
7,148,210
7,149,145
7,150,141
7,151,144
7,152,140
7,153,145
7,154,133
7,155,185
7,156,147
7,157,185
7,158,161
7,159,164
7,160,197
7,161,180
7,162,150
7,163,154
7,164,149
7,165,155
7,166,156
7,167,158
7,168,151
7,169,162
7,170,173
7,171,185
7,172,157
7,173,168
7,174,186
7,175,159
7,176,155
7,177,173
7,178,191
7,179,1846
7,180,164
7,181,191
7,182,167
7,183,209
7,184,175
7,185,199
7,186,149
7,187,173
7,188,192
7,189,188
7,190,150
7,191,208
7,192,164
7,193,185
7,194,151
7,195,186
7,196,159
7,197,214
7,198,191
7,199,183
7,200,169
7,201,201
7,202,177
7,203,198
7,204,163
7,205,207
7,206,172
7,207,211
7,208,174
7,209,219
7,210,1508
7,211,255
7,212,175
7,213,333
7,214,200
7,215,347
7,216,175
7,217,244
7,218,190
7,219,272
7,220,201
7,221,715
7,222,201
7,223,276
7,224,212
7,225,300
7,226,215
7,227,307
7,228,218
7,229,308
7,230,239
7,231,304
7,232,244
7,233,335
7,234,259
7,235,3462
7,236,278
7,237,362
7,238,354
7,239,383
7,240,326
7,241,393
7,242,360
7,243,421
7,244,365
7,245,620
7,246,454
7,247,459
7,248,411
7,249,496
7,250,432
7,251,503
7,252,467
7,253,510
7,254,538
7,255,498
7,256,418
8,1,281
8,2,324
8,3,300
8,4,325
8,5,301
8,6,325
8,7,328
8,8,558
8,9,320
8,10,361
8,11,318
8,12,348
8,13,382
8,14,361
8,15,338
8,16,364
8,17,346
8,18,354
8,19,317
8,20,351
8,21,310
8,22,364
8,23,2395
8,24,358
8,25,332
8,26,359
8,27,351
8,28,807
8,29,339
8,30,454
8,31,357
8,32,388
8,33,358
8,34,407
8,35,377
8,36,407
8,37,412
8,38,537
8,39,404
8,40,435
8,41,393
8,42,439
8,43,409
8,44,417
8,45,335
8,46,342
8,47,282
8,48,251
8,49,276
8,50,232
8,51,316
8,52,325
8,53,239
8,54,268
8,55,269
8,56,263
8,57,237
8,58,260
8,59,383
8,60,260
8,61,268
8,62,258
8,63,234
8,64,307
8,65,232
8,66,246
8,67,248
8,68,283
8,69,234
8,70,248
8,71,408
8,72,239
8,73,345
8,74,244
8,75,247
8,76,262
8,77,256
8,78,247
8,79,235
8,80,259
8,81,229
8,82,224
8,83,231
8,84,226
8,85,211
8,86,224
8,87,221
8,88,279
8,89,216
8,90,230
8,91,229
8,92,267
8,93,216
8,94,218
8,95,232
8,96,214
8,97,229
8,98,215
8,99,231
8,100,220
8,101,215
8,102,210
8,103,285
8,104,214
8,105,209
8,106,199
8,107,207
8,108,213
8,109,209
8,110,203
8,111,209
8,112,207
8,113,193
8,114,208
8,115,197
8,116,205
8,117,196
8,118,206
8,119,222
8,120,202
8,121,189
8,122,209
8,123,178
8,124,221
8,125,176
8,126,200
8,127,186
8,128,192
8,129,160
8,130,188
8,131,161
8,132,172
8,133,155
8,134,138
8,135,161
8,136,117
8,137,141
8,138,137
8,139,157
8,140,133
8,141,138
8,142,124
8,143,1524
8,144,422
8,145,160
8,146,125
8,147,143
8,148,210
8,149,145
8,150,141
8,151,144
8,152,140
8,153,145
8,154,133
8,155,185
8,156,147
8,157,185
8,158,161
8,159,164
8,160,197
8,161,180
8,162,150
8,163,154
8,164,149
8,165,155
8,166,156
8,167,158
8,168,151
8,169,162
8,170,173
8,171,185
8,172,157
8,173,168
8,174,186
8,175,159
8,176,155
8,177,173
8,178,191
8,179,1846
8,180,164
8,181,191
8,182,167
8,183,209
8,184,175
8,185,199
8,186,149
8,187,173
8,188,192
8,189,188
8,190,150
8,191,208
8,192,164
8,193,185
8,194,151
8,195,186
8,196,159
8,197,214
8,198,191
8,199,183
8,200,169
8,201,201
8,202,177
8,203,198
8,204,163
8,205,207
8,206,172
8,207,211
8,208,174
8,209,219
8,210,1508
8,211,255
8,212,175
8,213,333
8,214,200
8,215,347
8,216,175
8,217,244
8,218,190
8,219,272
8,220,201
8,221,715
8,222,201
8,223,276
8,224,212
8,225,300
8,226,215
8,227,307
8,228,218
8,229,308
8,230,239
8,231,304
8,232,244
8,233,335
8,234,259
8,235,3462
8,236,278
8,237,362
8,238,354
8,239,383
8,240,326
8,241,393
8,242,360
8,243,421
8,244,365
8,245,620
8,246,454
8,247,459
8,248,411
8,249,496
8,250,432
8,251,503
8,252,467
8,253,510
8,254,538
8,255,498
8,256,418
9,1,283
9,2,323
9,3,301
9,4,325
9,5,301
9,6,325
9,7,329
9,8,563
9,9,322
9,10,361
9,11,319
9,12,348
9,13,382
9,14,360
9,15,338
9,16,364
9,17,347
9,18,355
9,19,319
9,20,351
9,21,309
9,22,362
9,23,2401
9,24,359
9,25,332
9,26,358
9,27,353
9,28,809
9,29,340
9,30,449
9,31,358
9,32,387
9,33,360
9,34,408
9,35,377
9,36,406
9,37,411
9,38,535
9,39,405
9,40,435
9,41,397
9,42,439
9,43,410
9,44,419
9,45,335
9,46,343
9,47,283
9,48,251
9,49,269
9,50,233
9,51,313
9,52,330
9,53,240
9,54,268
9,55,272
9,56,264
9,57,238
9,58,260
9,59,386
9,60,258
9,61,270
9,62,258
9,63,234
9,64,308
9,65,233
9,66,246
9,67,249
9,68,279
9,69,236
9,70,249
9,71,411
9,72,239
9,73,343
9,74,244
9,75,250
9,76,260
9,77,257
9,78,248
9,79,237
9,80,260
9,81,230
9,82,223
9,83,233
9,84,226
9,85,212
9,86,225
9,87,223
9,88,280
9,89,218
9,90,231
9,91,230
9,92,270
9,93,217
9,94,219
9,95,231
9,96,213
9,97,231
9,98,215
9,99,233
9,100,220
9,101,216
9,102,210
9,103,278
9,104,214
9,105,211
9,106,201
9,107,210
9,108,214
9,109,210
9,110,201
9,111,209
9,112,206
9,113,195
9,114,208
9,115,273
9,116,234
9,117,208
9,118,207
9,119,222
9,120,202
9,121,192
9,122,206
9,123,180
9,124,219
9,125,177
9,126,199
9,127,189
9,128,193
9,129,162
9,130,189
9,131,162
9,132,170
9,133,156
9,134,137
9,135,161
9,136,116
9,137,142
9,138,136
9,139,158
9,140,134
9,141,139
9,142,124
9,143,1525
9,144,423
9,145,160
9,146,125
9,147,144
9,148,212
9,149,145
9,150,140
9,151,145
9,152,139
9,153,146
9,154,131
9,155,184
9,156,147
9,157,185
9,158,161
9,159,166
9,160,199
9,161,182
9,162,148
9,163,155
9,164,147
9,165,156
9,166,156
9,167,160
9,168,151
9,169,163
9,170,173
9,171,185
9,172,156
9,173,169
9,174,189
9,175,161
9,176,155
9,177,174
9,178,196
9,179,1842
9,180,164
9,181,191
9,182,165
9,183,210
9,184,175
9,185,200
9,186,149
9,187,175
9,188,193
9,189,189
9,190,150
9,191,210
9,192,164
9,193,186
9,194,152
9,195,187
9,196,159
9,197,213
9,198,207
9,199,187
9,200,168
9,201,202
9,202,177
9,203,201
9,204,165
9,205,207
9,206,173
9,207,213
9,208,172
9,209,219
9,210,1508
9,211,256
9,212,174
9,213,336
9,214,200
9,215,340
9,216,175
9,217,244
9,218,190
9,219,275
9,220,201
9,221,723
9,222,202
9,223,278
9,224,212
9,225,300
9,226,215
9,227,306
9,228,218
9,229,309
9,230,241
9,231,304
9,232,245
9,233,335
9,234,259
9,235,3461
9,236,278
9,237,362
9,238,352
9,239,384
9,240,326
9,241,395
9,242,360
9,243,423
9,244,365
9,245,620
9,246,452
9,247,461
9,248,411
9,249,498
9,250,430
9,251,505
9,252,469
9,253,510
9,254,538
9,255,498
9,256,418
10,1,283
10,2,323
10,3,301
10,4,325
10,5,301
10,6,325
10,7,329
10,8,563
10,9,322
10,10,361
10,11,319
10,12,348
10,13,382
10,14,360
10,15,338
10,16,364
10,17,347
10,18,355
10,19,319
10,20,351
10,21,309
10,22,362
10,23,2401
10,24,359
10,25,332
10,26,358
10,27,353
10,28,809
10,29,340
10,30,449
10,31,358
10,32,387
10,33,360
10,34,408
10,35,377
10,36,406
10,37,411
10,38,535
10,39,405
10,40,435
10,41,397
10,42,439
10,43,410
10,44,419
10,45,335
10,46,343
10,47,283
10,48,251
10,49,269
10,50,233
10,51,313
10,52,330
10,53,240
10,54,268
10,55,272
10,56,264
10,57,238
10,58,260
10,59,386
10,60,258
10,61,270
10,62,258
10,63,234
10,64,308
10,65,233
10,66,246
10,67,249
10,68,279
10,69,236
10,70,249
10,71,411
10,72,239
10,73,343
10,74,244
10,75,250
10,76,260
10,77,257
10,78,248
10,79,237
10,80,260
10,81,230
10,82,223
10,83,233
10,84,226
10,85,212
10,86,225
10,87,223
10,88,280
10,89,218
10,90,231
10,91,230
10,92,270
10,93,217
10,94,219
10,95,231
10,96,213
10,97,231
10,98,215
10,99,233
10,100,220
10,101,216
10,102,210
10,103,278
10,104,214
10,105,211
10,106,201
10,107,210
10,108,214
10,109,210
10,110,201
10,111,209
10,112,206
10,113,195
10,114,208
10,115,273
10,116,234
10,117,208
10,118,207
10,119,222
10,120,202
10,121,192
10,122,206
10,123,180
10,124,219
10,125,177
10,126,199
10,127,189
10,128,193
10,129,162
10,130,189
10,131,162
10,132,170
10,133,156
10,134,137
10,135,161
10,136,116
10,137,142
10,138,136
10,139,158
10,140,134
10,141,139
10,142,124
10,143,1525
10,144,423
10,145,160
10,146,125
10,147,144
10,148,212
10,149,145
10,150,140
10,151,145
10,152,139
10,153,146
10,154,131
10,155,184
10,156,147
10,157,185
10,158,161
10,159,166
10,160,199
10,161,182
10,162,148
10,163,155
10,164,147
10,165,156
10,166,156
10,167,160
10,168,151
10,169,163
10,170,173
10,171,185
10,172,156
10,173,169
10,174,189
10,175,161
10,176,155
10,177,174
10,178,196
10,179,1842
10,180,164
10,181,191
10,182,165
10,183,210
10,184,175
10,185,200
10,186,149
10,187,175
10,188,193
10,189,189
10,190,150
10,191,210
10,192,164
10,193,186
10,194,152
10,195,187
10,196,159
10,197,213
10,198,207
10,199,187
10,200,168
10,201,202
10,202,177
10,203,201
10,204,165
10,205,207
10,206,173
10,207,213
10,208,172
10,209,219
10,210,1508
10,211,256
10,212,174
10,213,336
10,214,200
10,215,340
10,216,175
10,217,244
10,218,190
10,219,275
10,220,201
10,221,723
10,222,202
10,223,278
10,224,212
10,225,300
10,226,215
10,227,306
10,228,218
10,229,309
10,230,241
10,231,304
10,232,245
10,233,335
10,234,259
10,235,3461
10,236,278
10,237,362
10,238,352
10,239,384
10,240,326
10,241,395
10,242,360
10,243,423
10,244,365
10,245,620
10,246,452
10,247,461
10,248,411
10,249,498
10,250,430
10,251,505
10,252,469
10,253,510
10,254,538
10,255,498
10,256,418
11,1,281
11,2,321
11,3,299
11,4,326
11,5,299
11,6,325
11,7,329
11,8,553
11,9,321
11,10,362
11,11,319
11,12,347
11,13,381
11,14,359
11,15,338
11,16,365
11,17,345
11,18,353
11,19,318
11,20,351
11,21,309
11,22,363
11,23,2436
11,24,358
11,25,331
11,26,357
11,27,353
11,28,807
11,29,338
11,30,460
11,31,358
11,32,388
11,33,358
11,34,408
11,35,376
11,36,406
11,37,412
11,38,531
11,39,406
11,40,435
11,41,392
11,42,438
11,43,409
11,44,417
11,45,335
11,46,342
11,47,282
11,48,251
11,49,273
11,50,231
11,51,316
11,52,330
11,53,241
11,54,269
11,55,274
11,56,264
11,57,237
11,58,259
11,59,384
11,60,259
11,61,269
11,62,257
11,63,232
11,64,308
11,65,231
11,66,245
11,67,248
11,68,280
11,69,240
11,70,247
11,71,410
11,72,239
11,73,342
11,74,244
11,75,249
11,76,261
11,77,255
11,78,247
11,79,234
11,80,262
11,81,229
11,82,222
11,83,231
11,84,225
11,85,212
11,86,226
11,87,223
11,88,280
11,89,216
11,90,231
11,91,229
11,92,267
11,93,218
11,94,218
11,95,231
11,96,214
11,97,228
11,98,216
11,99,232
11,100,219
11,101,214
11,102,210
11,103,279
11,104,214
11,105,209
11,106,199
11,107,208
11,108,214
11,109,209
11,110,202
11,111,209
11,112,205
11,113,194
11,114,207
11,115,196
11,116,205
11,117,194
11,118,204
11,119,223
11,120,202
11,121,189
11,122,208
11,123,180
11,124,221
11,125,177
11,126,198
11,127,187
11,128,193
11,129,160
11,130,186
11,131,160
11,132,173
11,133,155
11,134,136
11,135,161
11,136,117
11,137,142
11,138,136
11,139,157
11,140,132
11,141,139
11,142,123
11,143,1523
11,144,423
11,145,158
11,146,124
11,147,143
11,148,211
11,149,145
11,150,141
11,151,144
11,152,140
11,153,146
11,154,132
11,155,184
11,156,147
11,157,184
11,158,160
11,159,163
11,160,195
11,161,180
11,162,148
11,163,155
11,164,149
11,165,155
11,166,155
11,167,158
11,168,151
11,169,162
11,170,173
11,171,186
11,172,157
11,173,169
11,174,190
11,175,160
11,176,155
11,177,172
11,178,194
11,179,1843
11,180,165
11,181,195
11,182,166
11,183,210
11,184,175
11,185,199
11,186,147
11,187,172
11,188,191
11,189,188
11,190,149
11,191,210
11,192,164
11,193,186
11,194,150
11,195,184
11,196,159
11,197,212
11,198,192
11,199,183
11,200,169
11,201,202
11,202,177
11,203,199
11,204,164
11,205,206
11,206,172
11,207,212
11,208,173
11,209,218
11,210,1506
11,211,255
11,212,175
11,213,336
11,214,199
11,215,342
11,216,175
11,217,245
11,218,189
11,219,272
11,220,201
11,221,722
11,222,202
11,223,279
11,224,211
11,225,299
11,226,215
11,227,306
11,228,216
11,229,308
11,230,241
11,231,303
11,232,245
11,233,333
11,234,259
11,235,3459
11,236,279
11,237,362
11,238,352
11,239,381
11,240,325
11,241,393
11,242,360
11,243,421
11,244,367
11,245,619
11,246,456
11,247,459
11,248,411
11,249,498
11,250,431
11,251,505
11,252,468
11,253,510
11,254,534
11,255,495
11,256,416
12,1,281
12,2,321
12,3,299
12,4,326
12,5,299
12,6,325
12,7,329
12,8,553
12,9,321
12,10,362
12,11,319
12,12,347
12,13,381
12,14,359
12,15,338
12,16,365
12,17,345
12,18,353
12,19,318
12,20,351
12,21,309
12,22,363
12,23,2436
12,24,358
12,25,331
12,26,357
12,27,353
12,28,807
12,29,338
12,30,460
12,31,358
12,32,388
12,33,358
12,34,408
12,35,376
12,36,406
12,37,412
12,38,531
12,39,406
12,40,435
12,41,392
12,42,438
12,43,409
12,44,417
12,45,335
12,46,342
12,47,282
12,48,251
12,49,273
12,50,231
12,51,316
12,52,330
12,53,241
12,54,269
12,55,274
12,56,264
12,57,237
12,58,259
12,59,384
12,60,259
12,61,269
12,62,257
12,63,232
12,64,308
12,65,231
12,66,245
12,67,248
12,68,280
12,69,240
12,70,247
12,71,410
12,72,239
12,73,342
12,74,244
12,75,249
12,76,261
12,77,255
12,78,247
12,79,234
12,80,262
12,81,229
12,82,222
12,83,231
12,84,225
12,85,212
12,86,226
12,87,223
12,88,280
12,89,216
12,90,231
12,91,229
12,92,267
12,93,218
12,94,218
12,95,231
12,96,214
12,97,228
12,98,216
12,99,232
12,100,219
12,101,214
12,102,210
12,103,279
12,104,214
12,105,209
12,106,199
12,107,208
12,108,214
12,109,209
12,110,202
12,111,209
12,112,205
12,113,194
12,114,207
12,115,196
12,116,205
12,117,194
12,118,204
12,119,223
12,120,202
12,121,189
12,122,208
12,123,180
12,124,221
12,125,177
12,126,198
12,127,187
12,128,193
12,129,160
12,130,186
12,131,160
12,132,173
12,133,155
12,134,136
12,135,161
12,136,117
12,137,142
12,138,136
12,139,157
12,140,132
12,141,139
12,142,123
12,143,1523
12,144,423
12,145,158
12,146,124
12,147,143
12,148,211
12,149,145
12,150,141
12,151,144
12,152,140
12,153,146
12,154,132
12,155,184
12,156,147
12,157,184
12,158,160
12,159,163
12,160,195
12,161,180
12,162,148
12,163,155
12,164,149
12,165,155
12,166,155
12,167,158
12,168,151
12,169,162
12,170,173
12,171,186
12,172,157
12,173,169
12,174,190
12,175,160
12,176,155
12,177,172
12,178,194
12,179,1843
12,180,165
12,181,195
12,182,166
12,183,210
12,184,175
12,185,199
12,186,147
12,187,172
12,188,191
12,189,188
12,190,149
12,191,210
12,192,164
12,193,186
12,194,150
12,195,184
12,196,159
12,197,212
12,198,192
12,199,183
12,200,169
12,201,202
12,202,177
12,203,199
12,204,164
12,205,206
12,206,172
12,207,212
12,208,173
12,209,218
12,210,1506
12,211,255
12,212,175
12,213,336
12,214,199
12,215,342
12,216,175
12,217,245
12,218,189
12,219,272
12,220,201
12,221,722
12,222,202
12,223,279
12,224,211
12,225,299
12,226,215
12,227,306
12,228,216
12,229,308
12,230,241
12,231,303
12,232,245
12,233,333
12,234,259
12,235,3459
12,236,279
12,237,362
12,238,352
12,239,381
12,240,325
12,241,393
12,242,360
12,243,421
12,244,367
12,245,619
12,246,456
12,247,459
12,248,411
12,249,498
12,250,431
12,251,505
12,252,468
12,253,510
12,254,534
12,255,495
12,256,416
13,1,282
13,2,322
13,3,298
13,4,325
13,5,300
13,6,325
13,7,328
13,8,562
13,9,321
13,10,362
13,11,318
13,12,348
13,13,382
13,14,360
13,15,337
13,16,365
13,17,346
13,18,354
13,19,318
13,20,351
13,21,308
13,22,361
13,23,2396
13,24,357
13,25,331
13,26,358
13,27,351
13,28,805
13,29,338
13,30,449
13,31,357
13,32,389
13,33,359
13,34,407
13,35,377
13,36,408
13,37,412
13,38,530
13,39,404
13,40,435
13,41,395
13,42,438
13,43,411
13,44,418
13,45,337
13,46,343
13,47,282
13,48,250
13,49,275
13,50,231
13,51,316
13,52,330
13,53,239
13,54,269
13,55,272
13,56,264
13,57,236
13,58,258
13,59,384
13,60,259
13,61,269
13,62,257
13,63,233
13,64,306
13,65,232
13,66,245
13,67,247
13,68,278
13,69,234
13,70,248
13,71,410
13,72,240
13,73,342
13,74,244
13,75,250
13,76,261
13,77,256
13,78,245
13,79,236
13,80,260
13,81,230
13,82,222
13,83,232
13,84,226
13,85,212
13,86,223
13,87,224
13,88,281
13,89,215
13,90,230
13,91,227
13,92,264
13,93,215
13,94,217
13,95,232
13,96,213
13,97,229
13,98,216
13,99,231
13,100,219
13,101,215
13,102,210
13,103,278
13,104,214
13,105,210
13,106,199
13,107,208
13,108,213
13,109,209
13,110,201
13,111,209
13,112,205
13,113,194
13,114,208
13,115,197
13,116,204
13,117,194
13,118,205
13,119,222
13,120,201
13,121,189
13,122,206
13,123,180
13,124,220
13,125,176
13,126,198
13,127,186
13,128,192
13,129,162
13,130,190
13,131,161
13,132,173
13,133,155
13,134,137
13,135,160
13,136,115
13,137,140
13,138,136
13,139,157
13,140,133
13,141,139
13,142,123
13,143,1523
13,144,422
13,145,158
13,146,124
13,147,143
13,148,212
13,149,145
13,150,141
13,151,144
13,152,139
13,153,145
13,154,132
13,155,183
13,156,147
13,157,184
13,158,159
13,159,164
13,160,195
13,161,182
13,162,148
13,163,154
13,164,148
13,165,155
13,166,154
13,167,159
13,168,151
13,169,161
13,170,173
13,171,185
13,172,156
13,173,168
13,174,187
13,175,158
13,176,154
13,177,173
13,178,193
13,179,1840
13,180,164
13,181,195
13,182,165
13,183,210
13,184,175
13,185,199
13,186,149
13,187,173
13,188,192
13,189,188
13,190,149
13,191,210
13,192,163
13,193,184
13,194,150
13,195,184
13,196,158
13,197,213
13,198,191
13,199,182
13,200,168
13,201,200
13,202,176
13,203,198
13,204,162
13,205,206
13,206,172
13,207,211
13,208,172
13,209,219
13,210,1504
13,211,255
13,212,174
13,213,335
13,214,200
13,215,347
13,216,175
13,217,244
13,218,190
13,219,273
13,220,201
13,221,729
13,222,201
13,223,276
13,224,212
13,225,299
13,226,215
13,227,305
13,228,217
13,229,309
13,230,240
13,231,302
13,232,244
13,233,335
13,234,258
13,235,3456
13,236,278
13,237,362
13,238,354
13,239,382
13,240,325
13,241,395
13,242,359
13,243,421
13,244,366
13,245,621
13,246,451
13,247,459
13,248,411
13,249,498
13,250,432
13,251,504
13,252,466
13,253,509
13,254,537
13,255,499
13,256,417
14,1,282
14,2,322
14,3,298
14,4,325
14,5,300
14,6,325
14,7,328
14,8,562
14,9,321
14,10,362
14,11,318
14,12,348
14,13,382
14,14,360
14,15,337
14,16,365
14,17,346
14,18,354
14,19,318
14,20,351
14,21,308
14,22,361
14,23,2396
14,24,357
14,25,331
14,26,358
14,27,351
14,28,805
14,29,338
14,30,449
14,31,357
14,32,389
14,33,359
14,34,407
14,35,377
14,36,408
14,37,412
14,38,530
14,39,404
14,40,435
14,41,395
14,42,438
14,43,411
14,44,418
14,45,337
14,46,343
14,47,282
14,48,250
14,49,275
14,50,231
14,51,316
14,52,330
14,53,239
14,54,269
14,55,272
14,56,264
14,57,236
14,58,258
14,59,384
14,60,259
14,61,269
14,62,257
14,63,233
14,64,306
14,65,232
14,66,245
14,67,247
14,68,278
14,69,234
14,70,248
14,71,410
14,72,240
14,73,342
14,74,244
14,75,250
14,76,261
14,77,256
14,78,245
14,79,236
14,80,260
14,81,230
14,82,222
14,83,232
14,84,226
14,85,212
14,86,223
14,87,224
14,88,281
14,89,215
14,90,230
14,91,227
14,92,264
14,93,215
14,94,217
14,95,232
14,96,213
14,97,229
14,98,216
14,99,231
14,100,219
14,101,215
14,102,210
14,103,278
14,104,214
14,105,210
14,106,199
14,107,208
14,108,213
14,109,209
14,110,201
14,111,209
14,112,205
14,113,194
14,114,208
14,115,197
14,116,204
14,117,194
14,118,205
14,119,222
14,120,201
14,121,189
14,122,206
14,123,180
14,124,220
14,125,176
14,126,198
14,127,186
14,128,192
14,129,162
14,130,190
14,131,161
14,132,173
14,133,155
14,134,137
14,135,160
14,136,115
14,137,140
14,138,136
14,139,157
14,140,133
14,141,139
14,142,123
14,143,1523
14,144,422
14,145,158
14,146,124
14,147,143
14,148,212
14,149,145
14,150,141
14,151,144
14,152,139
14,153,145
14,154,132
14,155,183
14,156,147
14,157,184
14,158,159
14,159,164
14,160,195
14,161,182
14,162,148
14,163,154
14,164,148
14,165,155
14,166,154
14,167,159
14,168,151
14,169,161
14,170,173
14,171,185
14,172,156
14,173,168
14,174,187
14,175,158
14,176,154
14,177,173
14,178,193
14,179,1840
14,180,164
14,181,195
14,182,165
14,183,210
14,184,175
14,185,199
14,186,149
14,187,173
14,188,192
14,189,188
14,190,149
14,191,210
14,192,163
14,193,184
14,194,150
14,195,184
14,196,158
14,197,213
14,198,191
14,199,182
14,200,168
14,201,200
14,202,176
14,203,198
14,204,162
14,205,206
14,206,172
14,207,211
14,208,172
14,209,219
14,210,1504
14,211,255
14,212,174
14,213,335
14,214,200
14,215,347
14,216,175
14,217,244
14,218,190
14,219,273
14,220,201
14,221,729
14,222,201
14,223,276
14,224,212
14,225,299
14,226,215
14,227,305
14,228,217
14,229,309
14,230,240
14,231,302
14,232,244
14,233,335
14,234,258
14,235,3456
14,236,278
14,237,362
14,238,354
14,239,382
14,240,325
14,241,395
14,242,359
14,243,421
14,244,366
14,245,621
14,246,451
14,247,459
14,248,411
14,249,498
14,250,432
14,251,504
14,252,466
14,253,509
14,254,537
14,255,499
14,256,417
15,1,284
15,2,321
15,3,299
15,4,326
15,5,300
15,6,326
15,7,329
15,8,561
15,9,320
15,10,360
15,11,318
15,12,347
15,13,383
15,14,360
15,15,338
15,16,364
15,17,321
15,18,355
15,19,316
15,20,351
15,21,309
15,22,364
15,23,2408
15,24,359
15,25,333
15,26,359
15,27,357
15,28,808
15,29,339
15,30,449
15,31,358
15,32,388
15,33,359
15,34,409
15,35,376
15,36,408
15,37,413
15,38,531
15,39,405
15,40,435
15,41,395
15,42,439
15,43,412
15,44,420
15,45,335
15,46,344
15,47,283
15,48,251
15,49,270
15,50,231
15,51,318
15,52,326
15,53,240
15,54,270
15,55,272
15,56,264
15,57,238
15,58,261
15,59,386
15,60,260
15,61,269
15,62,257
15,63,233
15,64,308
15,65,233
15,66,246
15,67,249
15,68,277
15,69,235
15,70,249
15,71,411
15,72,239
15,73,342
15,74,244
15,75,248
15,76,262
15,77,256
15,78,246
15,79,236
15,80,261
15,81,230
15,82,223
15,83,231
15,84,226
15,85,212
15,86,223
15,87,223
15,88,281
15,89,217
15,90,232
15,91,230
15,92,264
15,93,217
15,94,218
15,95,232
15,96,214
15,97,230
15,98,216
15,99,232
15,100,221
15,101,215
15,102,212
15,103,281
15,104,215
15,105,210
15,106,200
15,107,209
15,108,213
15,109,210
15,110,203
15,111,209
15,112,207
15,113,195
15,114,208
15,115,198
15,116,206
15,117,195
15,118,205
15,119,222
15,120,202
15,121,189
15,122,207
15,123,180
15,124,221
15,125,176
15,126,199
15,127,187
15,128,192
15,129,161
15,130,189
15,131,160
15,132,169
15,133,155
15,134,138
15,135,161
15,136,116
15,137,142
15,138,137
15,139,158
15,140,133
15,141,139
15,142,124
15,143,1525
15,144,424
15,145,159
15,146,125
15,147,143
15,148,211
15,149,146
15,150,142
15,151,145
15,152,140
15,153,146
15,154,133
15,155,184
15,156,147
15,157,185
15,158,159
15,159,165
15,160,199
15,161,181
15,162,149
15,163,156
15,164,149
15,165,156
15,166,155
15,167,159
15,168,151
15,169,162
15,170,174
15,171,186
15,172,156
15,173,168
15,174,188
15,175,159
15,176,155
15,177,173
15,178,195
15,179,1844
15,180,164
15,181,194
15,182,164
15,183,210
15,184,176
15,185,199
15,186,149
15,187,175
15,188,184
15,189,189
15,190,150
15,191,210
15,192,163
15,193,187
15,194,152
15,195,185
15,196,159
15,197,214
15,198,191
15,199,182
15,200,167
15,201,199
15,202,178
15,203,199
15,204,164
15,205,207
15,206,174
15,207,212
15,208,173
15,209,221
15,210,1501
15,211,256
15,212,174
15,213,334
15,214,202
15,215,344
15,216,175
15,217,245
15,218,189
15,219,272
15,220,202
15,221,721
15,222,201
15,223,277
15,224,213
15,225,299
15,226,216
15,227,306
15,228,220
15,229,308
15,230,240
15,231,303
15,232,245
15,233,335
15,234,259
15,235,3458
15,236,278
15,237,362
15,238,353
15,239,384
15,240,324
15,241,395
15,242,360
15,243,422
15,244,366
15,245,619
15,246,452
15,247,459
15,248,410
15,249,497
15,250,431
15,251,505
15,252,466
15,253,510
15,254,538
15,255,497
15,256,417
16,1,284
16,2,321
16,3,299
16,4,326
16,5,300
16,6,326
16,7,329
16,8,561
16,9,320
16,10,360
16,11,318
16,12,347
16,13,383
16,14,360
16,15,338
16,16,364
16,17,321
16,18,355
16,19,316
16,20,351
16,21,309
16,22,364
16,23,2408
16,24,359
16,25,333
16,26,359
16,27,357
16,28,808
16,29,339
16,30,449
16,31,358
16,32,388
16,33,359
16,34,409
16,35,376
16,36,408
16,37,413
16,38,531
16,39,405
16,40,435
16,41,395
16,42,439
16,43,412
16,44,420
16,45,335
16,46,344
16,47,283
16,48,251
16,49,270
16,50,231
16,51,318
16,52,326
16,53,240
16,54,270
16,55,272
16,56,264
16,57,238
16,58,261
16,59,386
16,60,260
16,61,269
16,62,257
16,63,233
16,64,308
16,65,233
16,66,246
16,67,249
16,68,277
16,69,235
16,70,249
16,71,411
16,72,239
16,73,342
16,74,244
16,75,248
16,76,262
16,77,256
16,78,246
16,79,236
16,80,261
16,81,230
16,82,223
16,83,231
16,84,226
16,85,212
16,86,223
16,87,223
16,88,281
16,89,217
16,90,232
16,91,230
16,92,264
16,93,217
16,94,218
16,95,232
16,96,214
16,97,230
16,98,216
16,99,232
16,100,221
16,101,215
16,102,212
16,103,281
16,104,215
16,105,210
16,106,200
16,107,209
16,108,213
16,109,210
16,110,203
16,111,209
16,112,207
16,113,195
16,114,208
16,115,198
16,116,206
16,117,195
16,118,205
16,119,222
16,120,202
16,121,189
16,122,207
16,123,180
16,124,221
16,125,176
16,126,199
16,127,187
16,128,192
16,129,161
16,130,189
16,131,160
16,132,169
16,133,155
16,134,138
16,135,161
16,136,116
16,137,142
16,138,137
16,139,158
16,140,133
16,141,139
16,142,124
16,143,1525
16,144,424
16,145,159
16,146,125
16,147,143
16,148,211
16,149,146
16,150,142
16,151,145
16,152,140
16,153,146
16,154,133
16,155,184
16,156,147
16,157,185
16,158,159
16,159,165
16,160,199
16,161,181
16,162,149
16,163,156
16,164,149
16,165,156
16,166,155
16,167,159
16,168,151
16,169,162
16,170,174
16,171,186
16,172,156
16,173,168
16,174,188
16,175,159
16,176,155
16,177,173
16,178,195
16,179,1844
16,180,164
16,181,194
16,182,164
16,183,210
16,184,176
16,185,199
16,186,149
16,187,175
16,188,184
16,189,189
16,190,150
16,191,210
16,192,163
16,193,187
16,194,152
16,195,185
16,196,159
16,197,214
16,198,191
16,199,182
16,200,167
16,201,199
16,202,178
16,203,199
16,204,164
16,205,207
16,206,174
16,207,212
16,208,173
16,209,221
16,210,1501
16,211,256
16,212,174
16,213,334
16,214,202
16,215,344
16,216,175
16,217,245
16,218,189
16,219,272
16,220,202
16,221,721
16,222,201
16,223,277
16,224,213
16,225,299
16,226,216
16,227,306
16,228,220
16,229,308
16,230,240
16,231,303
16,232,245
16,233,335
16,234,259
16,235,3458
16,236,278
16,237,362
16,238,353
16,239,384
16,240,324
16,241,395
16,242,360
16,243,422
16,244,366
16,245,619
16,246,452
16,247,459
16,248,410
16,249,497
16,250,431
16,251,505
16,252,466
16,253,510
16,254,538
16,255,497
16,256,417
17,1,281
17,2,321
17,3,299
17,4,326
17,5,299
17,6,325
17,7,329
17,8,559
17,9,321
17,10,362
17,11,319
17,12,349
17,13,381
17,14,359
17,15,337
17,16,364
17,17,322
17,18,355
17,19,318
17,20,350
17,21,308
17,22,362
17,23,2398
17,24,358
17,25,331
17,26,357
17,27,352
17,28,809
17,29,339
17,30,451
17,31,357
17,32,388
17,33,358
17,34,407
17,35,376
17,36,407
17,37,411
17,38,531
17,39,403
17,40,434
17,41,395
17,42,438
17,43,410
17,44,418
17,45,335
17,46,343
17,47,281
17,48,252
17,49,271
17,50,231
17,51,317
17,52,333
17,53,240
17,54,269
17,55,273
17,56,263
17,57,237
17,58,261
17,59,385
17,60,261
17,61,270
17,62,256
17,63,232
17,64,309
17,65,231
17,66,245
17,67,247
17,68,277
17,69,234
17,70,248
17,71,409
17,72,239
17,73,341
17,74,244
17,75,248
17,76,262
17,77,253
17,78,246
17,79,234
17,80,258
17,81,228
17,82,223
17,83,232
17,84,226
17,85,211
17,86,224
17,87,222
17,88,280
17,89,217
17,90,231
17,91,228
17,92,270
17,93,216
17,94,218
17,95,231
17,96,213
17,97,230
17,98,218
17,99,232
17,100,221
17,101,214
17,102,209
17,103,282
17,104,214
17,105,210
17,106,199
17,107,209
17,108,214
17,109,211
17,110,201
17,111,210
17,112,206
17,113,194
17,114,208
17,115,196
17,116,206
17,117,195
17,118,206
17,119,222
17,120,201
17,121,189
17,122,207
17,123,181
17,124,221
17,125,176
17,126,199
17,127,187
17,128,193
17,129,161
17,130,189
17,131,161
17,132,168
17,133,156
17,134,137
17,135,161
17,136,115
17,137,142
17,138,137
17,139,157
17,140,132
17,141,138
17,142,124
17,143,1521
17,144,423
17,145,159
17,146,125
17,147,143
17,148,208
17,149,145
17,150,140
17,151,144
17,152,140
17,153,145
17,154,132
17,155,184
17,156,147
17,157,186
17,158,160
17,159,164
17,160,193
17,161,181
17,162,149
17,163,155
17,164,148
17,165,155
17,166,155
17,167,158
17,168,151
17,169,162
17,170,172
17,171,186
17,172,156
17,173,169
17,174,187
17,175,158
17,176,154
17,177,173
17,178,193
17,179,1841
17,180,165
17,181,190
17,182,166
17,183,209
17,184,177
17,185,200
17,186,149
17,187,173
17,188,184
17,189,187
17,190,149
17,191,210
17,192,163
17,193,185
17,194,151
17,195,185
17,196,158
17,197,214
17,198,190
17,199,183
17,200,169
17,201,199
17,202,177
17,203,199
17,204,163
17,205,206
17,206,172
17,207,212
17,208,172
17,209,219
17,210,1506
17,211,255
17,212,175
17,213,334
17,214,202
17,215,348
17,216,176
17,217,244
17,218,190
17,219,270
17,220,200
17,221,725
17,222,201
17,223,277
17,224,212
17,225,301
17,226,215
17,227,307
17,228,218
17,229,307
17,230,239
17,231,303
17,232,242
17,233,335
17,234,259
17,235,3467
17,236,278
17,237,360
17,238,351
17,239,383
17,240,325
17,241,394
17,242,360
17,243,421
17,244,365
17,245,620
17,246,451
17,247,459
17,248,411
17,249,495
17,250,430
17,251,504
17,252,465
17,253,508
17,254,534
17,255,496
17,256,416
18,1,281
18,2,321
18,3,299
18,4,326
18,5,299
18,6,325
18,7,329
18,8,559
18,9,321
18,10,362
18,11,319
18,12,349
18,13,381
18,14,359
18,15,337
18,16,364
18,17,322
18,18,355
18,19,318
18,20,350
18,21,308
18,22,362
18,23,2398
18,24,358
18,25,331
18,26,357
18,27,352
18,28,809
18,29,339
18,30,451
18,31,357
18,32,388
18,33,358
18,34,407
18,35,376
18,36,407
18,37,411
18,38,531
18,39,403
18,40,434
18,41,395
18,42,438
18,43,410
18,44,418
18,45,335
18,46,343
18,47,281
18,48,252
18,49,271
18,50,231
18,51,317
18,52,333
18,53,240
18,54,269
18,55,273
18,56,263
18,57,237
18,58,261
18,59,385
18,60,261
18,61,270
18,62,256
18,63,232
18,64,309
18,65,231
18,66,245
18,67,247
18,68,277
18,69,234
18,70,248
18,71,409
18,72,239
18,73,341
18,74,244
18,75,248
18,76,262
18,77,253
18,78,246
18,79,234
18,80,258
18,81,228
18,82,223
18,83,232
18,84,226
18,85,211
18,86,224
18,87,222
18,88,280
18,89,217
18,90,231
18,91,228
18,92,270
18,93,216
18,94,218
18,95,231
18,96,213
18,97,230
18,98,218
18,99,232
18,100,221
18,101,214
18,102,209
18,103,282
18,104,214
18,105,210
18,106,199
18,107,209
18,108,214
18,109,211
18,110,201
18,111,210
18,112,206
18,113,194
18,114,208
18,115,196
18,116,206
18,117,195
18,118,206
18,119,222
18,120,201
18,121,189
18,122,207
18,123,181
18,124,221
18,125,176
18,126,199
18,127,187
18,128,193
18,129,161
18,130,189
18,131,161
18,132,168
18,133,156
18,134,137
18,135,161
18,136,115
18,137,142
18,138,137
18,139,157
18,140,132
18,141,138
18,142,124
18,143,1521
18,144,423
18,145,159
18,146,125
18,147,143
18,148,208
18,149,145
18,150,140
18,151,144
18,152,140
18,153,145
18,154,132
18,155,184
18,156,147
18,157,186
18,158,160
18,159,164
18,160,193
18,161,181
18,162,149
18,163,155
18,164,148
18,165,155
18,166,155
18,167,158
18,168,151
18,169,162
18,170,172
18,171,186
18,172,156
18,173,169
18,174,187
18,175,158
18,176,154
18,177,173
18,178,193
18,179,1841
18,180,165
18,181,190
18,182,166
18,183,209
18,184,177
18,185,200
18,186,149
18,187,173
18,188,184
18,189,187
18,190,149
18,191,210
18,192,163
18,193,185
18,194,151
18,195,185
18,196,158
18,197,214
18,198,190
18,199,183
18,200,169
18,201,199
18,202,177
18,203,199
18,204,163
18,205,206
18,206,172
18,207,212
18,208,172
18,209,219
18,210,1506
18,211,255
18,212,175
18,213,334
18,214,202
18,215,348
18,216,176
18,217,244
18,218,190
18,219,270
18,220,200
18,221,725
18,222,201
18,223,277
18,224,212
18,225,301
18,226,215
18,227,307
18,228,218
18,229,307
18,230,239
18,231,303
18,232,242
18,233,335
18,234,259
18,235,3467
18,236,278
18,237,360
18,238,351
18,239,383
18,240,325
18,241,394
18,242,360
18,243,421
18,244,365
18,245,620
18,246,451
18,247,459
18,248,411
18,249,495
18,250,430
18,251,504
18,252,465
18,253,508
18,254,534
18,255,496
18,256,416
19,1,281
19,2,324
19,3,299
19,4,327
19,5,301
19,6,326
19,7,329
19,8,563
19,9,319
19,10,363
19,11,318
19,12,348
19,13,383
19,14,360
19,15,339
19,16,363
19,17,321
19,18,357
19,19,318
19,20,351
19,21,309
19,22,361
19,23,2396
19,24,358
19,25,333
19,26,359
19,27,354
19,28,807
19,29,339
19,30,495
19,31,358
19,32,388
19,33,359
19,34,408
19,35,378
19,36,408
19,37,414
19,38,530
19,39,405
19,40,436
19,41,396
19,42,438
19,43,411
19,44,419
19,45,337
19,46,343
19,47,283
19,48,251
19,49,269
19,50,231
19,51,318
19,52,324
19,53,240
19,54,269
19,55,274
19,56,265
19,57,239
19,58,261
19,59,384
19,60,260
19,61,269
19,62,258
19,63,233
19,64,308
19,65,233
19,66,246
19,67,251
19,68,279
19,69,236
19,70,248
19,71,410
19,72,241
19,73,342
19,74,244
19,75,249
19,76,264
19,77,256
19,78,248
19,79,235
19,80,261
19,81,229
19,82,223
19,83,232
19,84,226
19,85,212
19,86,224
19,87,223
19,88,281
19,89,217
19,90,231
19,91,229
19,92,268
19,93,217
19,94,219
19,95,232
19,96,214
19,97,229
19,98,216
19,99,233
19,100,220
19,101,215
19,102,211
19,103,272
19,104,214
19,105,211
19,106,201
19,107,210
19,108,213
19,109,210
19,110,203
19,111,209
19,112,207
19,113,195
19,114,209
19,115,198
19,116,206
19,117,194
19,118,206
19,119,222
19,120,202
19,121,189
19,122,209
19,123,181
19,124,222
19,125,177
19,126,200
19,127,188
19,128,193
19,129,163
19,130,190
19,131,162
19,132,169
19,133,156
19,134,138
19,135,162
19,136,117
19,137,143
19,138,136
19,139,157
19,140,134
19,141,138
19,142,124
19,143,1524
19,144,423
19,145,159
19,146,125
19,147,144
19,148,210
19,149,146
19,150,141
19,151,145
19,152,140
19,153,146
19,154,134
19,155,184
19,156,147
19,157,186
19,158,162
19,159,166
19,160,200
19,161,180
19,162,150
19,163,155
19,164,147
19,165,156
19,166,156
19,167,159
19,168,151
19,169,163
19,170,173
19,171,186
19,172,156
19,173,170
19,174,191
19,175,161
19,176,157
19,177,173
19,178,192
19,179,1843
19,180,164
19,181,192
19,182,167
19,183,209
19,184,177
19,185,200
19,186,149
19,187,174
19,188,192
19,189,189
19,190,150
19,191,211
19,192,164
19,193,186
19,194,152
19,195,186
19,196,159
19,197,213
19,198,190
19,199,183
19,200,172
19,201,215
19,202,178
19,203,199
19,204,164
19,205,207
19,206,174
19,207,213
19,208,173
19,209,221
19,210,1506
19,211,257
19,212,176
19,213,333
19,214,201
19,215,348
19,216,176
19,217,245
19,218,191
19,219,273
19,220,201
19,221,724
19,222,203
19,223,277
19,224,212
19,225,299
19,226,216
19,227,306
19,228,218
19,229,309
19,230,241
19,231,303
19,232,244
19,233,335
19,234,259
19,235,3460
19,236,278
19,237,360
19,238,352
19,239,383
19,240,326
19,241,394
19,242,361
19,243,422
19,244,368
19,245,619
19,246,452
19,247,460
19,248,412
19,249,495
19,250,433
19,251,504
19,252,466
19,253,510
19,254,534
19,255,498
19,256,418
20,1,281
20,2,324
20,3,299
20,4,327
20,5,301
20,6,326
20,7,329
20,8,563
20,9,319
20,10,363
20,11,318
20,12,348
20,13,383
20,14,360
20,15,339
20,16,363
20,17,321
20,18,357
20,19,318
20,20,351
20,21,309
20,22,361
20,23,2396
20,24,358
20,25,333
20,26,359
20,27,354
20,28,807
20,29,339
20,30,495
20,31,358
20,32,388
20,33,359
20,34,408
20,35,378
20,36,408
20,37,414
20,38,530
20,39,405
20,40,436
20,41,396
20,42,438
20,43,411
20,44,419
20,45,337
20,46,343
20,47,283
20,48,251
20,49,269
20,50,231
20,51,318
20,52,324
20,53,240
20,54,269
20,55,274
20,56,265
20,57,239
20,58,261
20,59,384
20,60,260
20,61,269
20,62,258
20,63,233
20,64,308
20,65,233
20,66,246
20,67,251
20,68,279
20,69,236
20,70,248
20,71,410
20,72,241
20,73,342
20,74,244
20,75,249
20,76,264
20,77,256
20,78,248
20,79,235
20,80,261
20,81,229
20,82,223
20,83,232
20,84,226
20,85,212
20,86,224
20,87,223
20,88,281
20,89,217
20,90,231
20,91,229
20,92,268
20,93,217
20,94,219
20,95,232
20,96,214
20,97,229
20,98,216
20,99,233
20,100,220
20,101,215
20,102,211
20,103,272
20,104,214
20,105,211
20,106,201
20,107,210
20,108,213
20,109,210
20,110,203
20,111,209
20,112,207
20,113,195
20,114,209
20,115,198
20,116,206
20,117,194
20,118,206
20,119,222
20,120,202
20,121,189
20,122,209
20,123,181
20,124,222
20,125,177
20,126,200
20,127,188
20,128,193
20,129,163
20,130,190
20,131,162
20,132,169
20,133,156
20,134,138
20,135,162
20,136,117
20,137,143
20,138,136
20,139,157
20,140,134
20,141,138
20,142,124
20,143,1524
20,144,423
20,145,159
20,146,125
20,147,144
20,148,210
20,149,146
20,150,141
20,151,145
20,152,140
20,153,146
20,154,134
20,155,184
20,156,147
20,157,186
20,158,162
20,159,166
20,160,200
20,161,180
20,162,150
20,163,155
20,164,147
20,165,156
20,166,156
20,167,159
20,168,151
20,169,163
20,170,173
20,171,186
20,172,156
20,173,170
20,174,191
20,175,161
20,176,157
20,177,173
20,178,192
20,179,1843
20,180,164
20,181,192
20,182,167
20,183,209
20,184,177
20,185,200
20,186,149
20,187,174
20,188,192
20,189,189
20,190,150
20,191,211
20,192,164
20,193,186
20,194,152
20,195,186
20,196,159
20,197,213
20,198,190
20,199,183
20,200,172
20,201,215
20,202,178
20,203,199
20,204,164
20,205,207
20,206,174
20,207,213
20,208,173
20,209,221
20,210,1506
20,211,257
20,212,176
20,213,333
20,214,201
20,215,348
20,216,176
20,217,245
20,218,191
20,219,273
20,220,201
20,221,724
20,222,203
20,223,277
20,224,212
20,225,299
20,226,216
20,227,306
20,228,218
20,229,309
20,230,241
20,231,303
20,232,244
20,233,335
20,234,259
20,235,3460
20,236,278
20,237,360
20,238,352
20,239,383
20,240,326
20,241,394
20,242,361
20,243,422
20,244,368
20,245,619
20,246,452
20,247,460
20,248,412
20,249,495
20,250,433
20,251,504
20,252,466
20,253,510
20,254,534
20,255,498
20,256,418
21,1,278
21,2,322
21,3,300
21,4,326
21,5,299
21,6,324
21,7,328
21,8,559
21,9,319
21,10,361
21,11,318
21,12,348
21,13,381
21,14,359
21,15,339
21,16,365
21,17,321
21,18,355
21,19,317
21,20,350
21,21,310
21,22,362
21,23,2400
21,24,357
21,25,331
21,26,358
21,27,350
21,28,806
21,29,338
21,30,473
21,31,356
21,32,389
21,33,358
21,34,408
21,35,377
21,36,407
21,37,413
21,38,533
21,39,404
21,40,434
21,41,396
21,42,440
21,43,411
21,44,418
21,45,337
21,46,343
21,47,282
21,48,250
21,49,270
21,50,231
21,51,317
21,52,325
21,53,239
21,54,268
21,55,272
21,56,263
21,57,236
21,58,260
21,59,384
21,60,259
21,61,269
21,62,259
21,63,233
21,64,307
21,65,232
21,66,246
21,67,247
21,68,279
21,69,235
21,70,247
21,71,410
21,72,239
21,73,340
21,74,244
21,75,247
21,76,262
21,77,255
21,78,245
21,79,233
21,80,261
21,81,228
21,82,224
21,83,231
21,84,226
21,85,212
21,86,224
21,87,222
21,88,280
21,89,217
21,90,231
21,91,228
21,92,265
21,93,215
21,94,218
21,95,231
21,96,214
21,97,230
21,98,216
21,99,232
21,100,219
21,101,215
21,102,210
21,103,277
21,104,214
21,105,210
21,106,200
21,107,209
21,108,213
21,109,210
21,110,202
21,111,209
21,112,205
21,113,195
21,114,209
21,115,196
21,116,206
21,117,194
21,118,205
21,119,222
21,120,202
21,121,189
21,122,208
21,123,180
21,124,220
21,125,176
21,126,198
21,127,187
21,128,193
21,129,164
21,130,189
21,131,162
21,132,170
21,133,155
21,134,137
21,135,161
21,136,117
21,137,142
21,138,138
21,139,158
21,140,133
21,141,138
21,142,124
21,143,1524
21,144,424
21,145,158
21,146,126
21,147,144
21,148,209
21,149,146
21,150,141
21,151,144
21,152,140
21,153,146
21,154,133
21,155,184
21,156,146
21,157,185
21,158,161
21,159,165
21,160,198
21,161,182
21,162,150
21,163,155
21,164,149
21,165,154
21,166,155
21,167,159
21,168,151
21,169,163
21,170,172
21,171,185
21,172,157
21,173,170
21,174,191
21,175,159
21,176,155
21,177,171
21,178,193
21,179,1843
21,180,165
21,181,191
21,182,167
21,183,211
21,184,177
21,185,198
21,186,148
21,187,174
21,188,192
21,189,188
21,190,149
21,191,210
21,192,164
21,193,185
21,194,149
21,195,184
21,196,159
21,197,214
21,198,190
21,199,183
21,200,168
21,201,200
21,202,177
21,203,199
21,204,164
21,205,206
21,206,173
21,207,213
21,208,173
21,209,219
21,210,1503
21,211,255
21,212,175
21,213,336
21,214,201
21,215,346
21,216,175
21,217,245
21,218,191
21,219,272
21,220,202
21,221,724
21,222,201
21,223,277
21,224,212
21,225,299
21,226,217
21,227,307
21,228,218
21,229,308
21,230,240
21,231,303
21,232,245
21,233,334
21,234,259
21,235,3469
21,236,279
21,237,361
21,238,354
21,239,382
21,240,325
21,241,394
21,242,359
21,243,422
21,244,366
21,245,615
21,246,469
21,247,460
21,248,412
21,249,495
21,250,431
21,251,505
21,252,465
21,253,510
21,254,536
21,255,497
21,256,416
22,1,278
22,2,322
22,3,300
22,4,326
22,5,299
22,6,324
22,7,328
22,8,559
22,9,319
22,10,361
22,11,318
22,12,348
22,13,381
22,14,359
22,15,339
22,16,365
22,17,321
22,18,355
22,19,317
22,20,350
22,21,310
22,22,362
22,23,2400
22,24,357
22,25,331
22,26,358
22,27,350
22,28,806
22,29,338
22,30,473
22,31,356
22,32,389
22,33,358
22,34,408
22,35,377
22,36,407
22,37,413
22,38,533
22,39,404
22,40,434
22,41,396
22,42,440
22,43,411
22,44,418
22,45,337
22,46,343
22,47,282
22,48,250
22,49,270
22,50,231
22,51,317
22,52,325
22,53,239
22,54,268
22,55,272
22,56,263
22,57,236
22,58,260
22,59,384
22,60,259
22,61,269
22,62,259
22,63,233
22,64,307
22,65,232
22,66,246
22,67,247
22,68,279
22,69,235
22,70,247
22,71,410
22,72,239
22,73,340
22,74,244
22,75,247
22,76,262
22,77,255
22,78,245
22,79,233
22,80,261
22,81,228
22,82,224
22,83,231
22,84,226
22,85,212
22,86,224
22,87,222
22,88,280
22,89,217
22,90,231
22,91,228
22,92,265
22,93,215
22,94,218
22,95,231
22,96,214
22,97,230
22,98,216
22,99,232
22,100,219
22,101,215
22,102,210
22,103,277
22,104,214
22,105,210
22,106,200
22,107,209
22,108,213
22,109,210
22,110,202
22,111,209
22,112,205
22,113,195
22,114,209
22,115,196
22,116,206
22,117,194
22,118,205
22,119,222
22,120,202
22,121,189
22,122,208
22,123,180
22,124,220
22,125,176
22,126,198
22,127,187
22,128,193
22,129,164
22,130,189
22,131,162
22,132,170
22,133,155
22,134,137
22,135,161
22,136,117
22,137,142
22,138,138
22,139,158
22,140,133
22,141,138
22,142,124
22,143,1524
22,144,424
22,145,158
22,146,126
22,147,144
22,148,209
22,149,146
22,150,141
22,151,144
22,152,140
22,153,146
22,154,133
22,155,184
22,156,146
22,157,185
22,158,161
22,159,165
22,160,198
22,161,182
22,162,150
22,163,155
22,164,149
22,165,154
22,166,155
22,167,159
22,168,151
22,169,163
22,170,172
22,171,185
22,172,157
22,173,170
22,174,191
22,175,159
22,176,155
22,177,171
22,178,193
22,179,1843
22,180,165
22,181,191
22,182,167
22,183,211
22,184,177
22,185,198
22,186,148
22,187,174
22,188,192
22,189,188
22,190,149
22,191,210
22,192,164
22,193,185
22,194,149
22,195,184
22,196,159
22,197,214
22,198,190
22,199,183
22,200,168
22,201,200
22,202,177
22,203,199
22,204,164
22,205,206
22,206,173
22,207,213
22,208,173
22,209,219
22,210,1503
22,211,255
22,212,175
22,213,336
22,214,201
22,215,346
22,216,175
22,217,245
22,218,191
22,219,272
22,220,202
22,221,724
22,222,201
22,223,277
22,224,212
22,225,299
22,226,217
22,227,307
22,228,218
22,229,308
22,230,240
22,231,303
22,232,245
22,233,334
22,234,259
22,235,3469
22,236,279
22,237,361
22,238,354
22,239,382
22,240,325
22,241,394
22,242,359
22,243,422
22,244,366
22,245,615
22,246,469
22,247,460
22,248,412
22,249,495
22,250,431
22,251,505
22,252,465
22,253,510
22,254,536
22,255,497
22,256,416
23,1,279
23,2,321
23,3,298
23,4,326
23,5,299
23,6,326
23,7,328
23,8,564
23,9,320
23,10,362
23,11,318
23,12,348
23,13,382
23,14,359
23,15,338
23,16,364
23,17,320
23,18,356
23,19,317
23,20,350
23,21,308
23,22,365
23,23,2403
23,24,359
23,25,331
23,26,359
23,27,352
23,28,808
23,29,338
23,30,456
23,31,356
23,32,389
23,33,357
23,34,408
23,35,377
23,36,408
23,37,412
23,38,530
23,39,405
23,40,435
23,41,397
23,42,440
23,43,410
23,44,420
23,45,336
23,46,343
23,47,282
23,48,255
23,49,324
23,50,233
23,51,314
23,52,325
23,53,240
23,54,270
23,55,272
23,56,265
23,57,237
23,58,260
23,59,382
23,60,260
23,61,270
23,62,258
23,63,232
23,64,309
23,65,232
23,66,246
23,67,249
23,68,276
23,69,233
23,70,249
23,71,407
23,72,241
23,73,341
23,74,245
23,75,247
23,76,262
23,77,255
23,78,246
23,79,236
23,80,263
23,81,229
23,82,223
23,83,230
23,84,226
23,85,212
23,86,225
23,87,222
23,88,280
23,89,217
23,90,231
23,91,228
23,92,264
23,93,214
23,94,218
23,95,231
23,96,214
23,97,229
23,98,218
23,99,231
23,100,221
23,101,215
23,102,211
23,103,279
23,104,215
23,105,209
23,106,200
23,107,209
23,108,214
23,109,208
23,110,202
23,111,208
23,112,207
23,113,192
23,114,208
23,115,197
23,116,206
23,117,193
23,118,205
23,119,221
23,120,202
23,121,189
23,122,208
23,123,179
23,124,222
23,125,175
23,126,200
23,127,187
23,128,194
23,129,161
23,130,191
23,131,161
23,132,170
23,133,155
23,134,138
23,135,161
23,136,117
23,137,142
23,138,138
23,139,157
23,140,133
23,141,137
23,142,125
23,143,1523
23,144,424
23,145,159
23,146,125
23,147,143
23,148,214
23,149,145
23,150,141
23,151,144
23,152,140
23,153,145
23,154,133
23,155,184
23,156,148
23,157,181
23,158,161
23,159,164
23,160,196
23,161,181
23,162,149
23,163,153
23,164,149
23,165,154
23,166,156
23,167,158
23,168,151
23,169,164
23,170,173
23,171,186
23,172,155
23,173,169
23,174,191
23,175,159
23,176,156
23,177,173
23,178,195
23,179,1840
23,180,166
23,181,190
23,182,166
23,183,207
23,184,177
23,185,199
23,186,149
23,187,174
23,188,192
23,189,187
23,190,150
23,191,208
23,192,165
23,193,186
23,194,151
23,195,185
23,196,159
23,197,211
23,198,192
23,199,181
23,200,168
23,201,201
23,202,178
23,203,198
23,204,163
23,205,207
23,206,173
23,207,212
23,208,173
23,209,218
23,210,1504
23,211,254
23,212,176
23,213,334
23,214,204
23,215,351
23,216,177
23,217,245
23,218,191
23,219,272
23,220,202
23,221,721
23,222,202
23,223,276
23,224,211
23,225,299
23,226,217
23,227,305
23,228,218
23,229,308
23,230,240
23,231,303
23,232,245
23,233,334
23,234,260
23,235,3467
23,236,278
23,237,360
23,238,355
23,239,381
23,240,325
23,241,393
23,242,361
23,243,422
23,244,366
23,245,620
23,246,456
23,247,459
23,248,411
23,249,492
23,250,431
23,251,504
23,252,467
23,253,508
23,254,540
23,255,498
23,256,418
24,1,279
24,2,321
24,3,298
24,4,326
24,5,299
24,6,326
24,7,328
24,8,564
24,9,320
24,10,362
24,11,318
24,12,348
24,13,382
24,14,359
24,15,338
24,16,364
24,17,320
24,18,356
24,19,317
24,20,350
24,21,308
24,22,365
24,23,2403
24,24,359
24,25,331
24,26,359
24,27,352
24,28,808
24,29,338
24,30,456
24,31,356
24,32,389
24,33,357
24,34,408
24,35,377
24,36,408
24,37,412
24,38,530
24,39,405
24,40,435
24,41,397
24,42,440
24,43,410
24,44,420
24,45,336
24,46,343
24,47,282
24,48,255
24,49,324
24,50,233
24,51,314
24,52,325
24,53,240
24,54,270
24,55,272
24,56,265
24,57,237
24,58,260
24,59,382
24,60,260
24,61,270
24,62,258
24,63,232
24,64,309
24,65,232
24,66,246
24,67,249
24,68,276
24,69,233
24,70,249
24,71,407
24,72,241
24,73,341
24,74,245
24,75,247
24,76,262
24,77,255
24,78,246
24,79,236
24,80,263
24,81,229
24,82,223
24,83,230
24,84,226
24,85,212
24,86,225
24,87,222
24,88,280
24,89,217
24,90,231
24,91,228
24,92,264
24,93,214
24,94,218
24,95,231
24,96,214
24,97,229
24,98,218
24,99,231
24,100,221
24,101,215
24,102,211
24,103,279
24,104,215
24,105,209
24,106,200
24,107,209
24,108,214
24,109,208
24,110,202
24,111,208
24,112,207
24,113,192
24,114,208
24,115,197
24,116,206
24,117,193
24,118,205
24,119,221
24,120,202
24,121,189
24,122,208
24,123,179
24,124,222
24,125,175
24,126,200
24,127,187
24,128,194
24,129,161
24,130,191
24,131,161
24,132,170
24,133,155
24,134,138
24,135,161
24,136,117
24,137,142
24,138,138
24,139,157
24,140,133
24,141,137
24,142,125
24,143,1523
24,144,424
24,145,159
24,146,125
24,147,143
24,148,214
24,149,145
24,150,141
24,151,144
24,152,140
24,153,145
24,154,133
24,155,184
24,156,148
24,157,181
24,158,161
24,159,164
24,160,196
24,161,181
24,162,149
24,163,153
24,164,149
24,165,154
24,166,156
24,167,158
24,168,151
24,169,164
24,170,173
24,171,186
24,172,155
24,173,169
24,174,191
24,175,159
24,176,156
24,177,173
24,178,195
24,179,1840
24,180,166
24,181,190
24,182,166
24,183,207
24,184,177
24,185,199
24,186,149
24,187,174
24,188,192
24,189,187
24,190,150
24,191,208
24,192,165
24,193,186
24,194,151
24,195,185
24,196,159
24,197,211
24,198,192
24,199,181
24,200,168
24,201,201
24,202,178
24,203,198
24,204,163
24,205,207
24,206,173
24,207,212
24,208,173
24,209,218
24,210,1504
24,211,254
24,212,176
24,213,334
24,214,204
24,215,351
24,216,177
24,217,245
24,218,191
24,219,272
24,220,202
24,221,721
24,222,202
24,223,276
24,224,211
24,225,299
24,226,217
24,227,305
24,228,218
24,229,308
24,230,240
24,231,303
24,232,245
24,233,334
24,234,260
24,235,3467
24,236,278
24,237,360
24,238,355
24,239,381
24,240,325
24,241,393
24,242,361
24,243,422
24,244,366
24,245,620
24,246,456
24,247,459
24,248,411
24,249,492
24,250,431
24,251,504
24,252,467
24,253,508
24,254,540
24,255,498
24,256,418
25,1,282
25,2,322
25,3,299
25,4,326
25,5,299
25,6,325
25,7,329
25,8,563
25,9,320
25,10,360
25,11,319
25,12,349
25,13,382
25,14,360
25,15,338
25,16,364
25,17,319
25,18,356
25,19,318
25,20,350
25,21,309
25,22,363
25,23,2418
25,24,359
25,25,331
25,26,358
25,27,352
25,28,808
25,29,339
25,30,473
25,31,356
25,32,388
25,33,357
25,34,408
25,35,377
25,36,408
25,37,412
25,38,534
25,39,405
25,40,436
25,41,396
25,42,440
25,43,412
25,44,419
25,45,337
25,46,343
25,47,283
25,48,252
25,49,275
25,50,232
25,51,314
25,52,325
25,53,240
25,54,270
25,55,275
25,56,265
25,57,237
25,58,260
25,59,384
25,60,262
25,61,270
25,62,258
25,63,231
25,64,308
25,65,233
25,66,246
25,67,249
25,68,279
25,69,236
25,70,249
25,71,409
25,72,239
25,73,340
25,74,244
25,75,249
25,76,276
25,77,256
25,78,247
25,79,237
25,80,263
25,81,228
25,82,222
25,83,232
25,84,227
25,85,212
25,86,225
25,87,223
25,88,281
25,89,217
25,90,231
25,91,228
25,92,270
25,93,217
25,94,219
25,95,231
25,96,214
25,97,230
25,98,216
25,99,231
25,100,220
25,101,215
25,102,210
25,103,278
25,104,216
25,105,210
25,106,200
25,107,209
25,108,214
25,109,209
25,110,201
25,111,210
25,112,206
25,113,194
25,114,210
25,115,197
25,116,206
25,117,196
25,118,205
25,119,222
25,120,202
25,121,188
25,122,207
25,123,180
25,124,220
25,125,177
25,126,200
25,127,189
25,128,193
25,129,162
25,130,190
25,131,162
25,132,171
25,133,155
25,134,138
25,135,162
25,136,116
25,137,142
25,138,138
25,139,157
25,140,133
25,141,138
25,142,124
25,143,1522
25,144,422
25,145,159
25,146,126
25,147,144
25,148,212
25,149,145
25,150,141
25,151,144
25,152,140
25,153,146
25,154,134
25,155,185
25,156,147
25,157,184
25,158,160
25,159,166
25,160,200
25,161,181
25,162,149
25,163,155
25,164,149
25,165,155
25,166,155
25,167,158
25,168,151
25,169,163
25,170,174
25,171,185
25,172,157
25,173,170
25,174,190
25,175,159
25,176,154
25,177,172
25,178,194
25,179,1839
25,180,165
25,181,191
25,182,166
25,183,209
25,184,177
25,185,199
25,186,149
25,187,174
25,188,193
25,189,187
25,190,150
25,191,210
25,192,163
25,193,186
25,194,152
25,195,185
25,196,157
25,197,211
25,198,192
25,199,183
25,200,169
25,201,201
25,202,177
25,203,199
25,204,165
25,205,207
25,206,173
25,207,211
25,208,173
25,209,220
25,210,1509
25,211,255
25,212,176
25,213,333
25,214,201
25,215,353
25,216,175
25,217,244
25,218,190
25,219,273
25,220,202
25,221,719
25,222,202
25,223,277
25,224,212
25,225,300
25,226,216
25,227,306
25,228,218
25,229,308
25,230,239
25,231,303
25,232,244
25,233,335
25,234,259
25,235,3442
25,236,280
25,237,361
25,238,356
25,239,382
25,240,326
25,241,395
25,242,361
25,243,420
25,244,366
25,245,616
25,246,451
25,247,460
25,248,411
25,249,494
25,250,430
25,251,503
25,252,466
25,253,509
25,254,532
25,255,497
25,256,416
26,1,282
26,2,322
26,3,299
26,4,326
26,5,299
26,6,325
26,7,329
26,8,563
26,9,320
26,10,360
26,11,319
26,12,349
26,13,382
26,14,360
26,15,338
26,16,364
26,17,319
26,18,356
26,19,318
26,20,350
26,21,309
26,22,363
26,23,2418
26,24,359
26,25,331
26,26,358
26,27,352
26,28,808
26,29,339
26,30,473
26,31,356
26,32,388
26,33,357
26,34,408
26,35,377
26,36,408
26,37,412
26,38,534
26,39,405
26,40,436
26,41,396
26,42,440
26,43,412
26,44,419
26,45,337
26,46,343
26,47,283
26,48,252
26,49,275
26,50,232
26,51,314
26,52,325
26,53,240
26,54,270
26,55,275
26,56,265
26,57,237
26,58,260
26,59,384
26,60,262
26,61,270
26,62,258
26,63,231
26,64,308
26,65,233
26,66,246
26,67,249
26,68,279
26,69,236
26,70,249
26,71,409
26,72,239
26,73,340
26,74,244
26,75,249
26,76,276
26,77,256
26,78,247
26,79,237
26,80,263
26,81,228
26,82,222
26,83,232
26,84,227
26,85,212
26,86,225
26,87,223
26,88,281
26,89,217
26,90,231
26,91,228
26,92,270
26,93,217
26,94,219
26,95,231
26,96,214
26,97,230
26,98,216
26,99,231
26,100,220
26,101,215
26,102,210
26,103,278
26,104,216
26,105,210
26,106,200
26,107,209
26,108,214
26,109,209
26,110,201
26,111,210
26,112,206
26,113,194
26,114,210
26,115,197
26,116,206
26,117,196
26,118,205
26,119,222
26,120,202
26,121,188
26,122,207
26,123,180
26,124,220
26,125,177
26,126,200
26,127,189
26,128,193
26,129,162
26,130,190
26,131,162
26,132,171
26,133,155
26,134,138
26,135,162
26,136,116
26,137,142
26,138,138
26,139,157
26,140,133
26,141,138
26,142,124
26,143,1522
26,144,422
26,145,159
26,146,126
26,147,144
26,148,212
26,149,145
26,150,141
26,151,144
26,152,140
26,153,146
26,154,134
26,155,185
26,156,147
26,157,184
26,158,160
26,159,166
26,160,200
26,161,181
26,162,149
26,163,155
26,164,149
26,165,155
26,166,155
26,167,158
26,168,151
26,169,163
26,170,174
26,171,185
26,172,157
26,173,170
26,174,190
26,175,159
26,176,154
26,177,172
26,178,194
26,179,1839
26,180,165
26,181,191
26,182,166
26,183,209
26,184,177
26,185,199
26,186,149
26,187,174
26,188,193
26,189,187
26,190,150
26,191,210
26,192,163
26,193,186
26,194,152
26,195,185
26,196,157
26,197,211
26,198,192
26,199,183
26,200,169
26,201,201
26,202,177
26,203,199
26,204,165
26,205,207
26,206,173
26,207,211
26,208,173
26,209,220
26,210,1509
26,211,255
26,212,176
26,213,333
26,214,201
26,215,353
26,216,175
26,217,244
26,218,190
26,219,273
26,220,202
26,221,719
26,222,202
26,223,277
26,224,212
26,225,300
26,226,216
26,227,306
26,228,218
26,229,308
26,230,239
26,231,303
26,232,244
26,233,335
26,234,259
26,235,3442
26,236,280
26,237,361
26,238,356
26,239,382
26,240,326
26,241,395
26,242,361
26,243,420
26,244,366
26,245,616
26,246,451
26,247,460
26,248,411
26,249,494
26,250,430
26,251,503
26,252,466
26,253,509
26,254,532
26,255,497
26,256,416
27,1,281
27,2,321
27,3,299
27,4,325
27,5,299
27,6,325
27,7,330
27,8,562
27,9,320
27,10,360
27,11,318
27,12,348
27,13,381
27,14,359
27,15,339
27,16,364
27,17,321
27,18,355
27,19,318
27,20,350
27,21,308
27,22,365
27,23,2400
27,24,358
27,25,332
27,26,358
27,27,354
27,28,807
27,29,339
27,30,463
27,31,355
27,32,389
27,33,358
27,34,407
27,35,376
27,36,409
27,37,414
27,38,531
27,39,405
27,40,434
27,41,397
27,42,439
27,43,410
27,44,418
27,45,337
27,46,343
27,47,282
27,48,252
27,49,274
27,50,231
27,51,318
27,52,331
27,53,241
27,54,269
27,55,273
27,56,265
27,57,237
27,58,260
27,59,384
27,60,262
27,61,269
27,62,257
27,63,231
27,64,307
27,65,232
27,66,246
27,67,248
27,68,278
27,69,234
27,70,248
27,71,412
27,72,239
27,73,344
27,74,244
27,75,249
27,76,275
27,77,256
27,78,246
27,79,234
27,80,261
27,81,228
27,82,222
27,83,232
27,84,226
27,85,213
27,86,223
27,87,223
27,88,279
27,89,217
27,90,230
27,91,228
27,92,272
27,93,215
27,94,218
27,95,231
27,96,213
27,97,229
27,98,216
27,99,231
27,100,220
27,101,215
27,102,209
27,103,277
27,104,213
27,105,210
27,106,200
27,107,208
27,108,213
27,109,208
27,110,201
27,111,208
27,112,206
27,113,195
27,114,209
27,115,198
27,116,205
27,117,196
27,118,205
27,119,221
27,120,201
27,121,188
27,122,207
27,123,179
27,124,222
27,125,175
27,126,198
27,127,187
27,128,192
27,129,161
27,130,189
27,131,163
27,132,171
27,133,156
27,134,138
27,135,161
27,136,117
27,137,142
27,138,137
27,139,158
27,140,132
27,141,138
27,142,124
27,143,1526
27,144,422
27,145,159
27,146,125
27,147,143
27,148,209
27,149,145
27,150,141
27,151,145
27,152,139
27,153,146
27,154,133
27,155,186
27,156,146
27,157,182
27,158,160
27,159,164
27,160,192
27,161,180
27,162,148
27,163,156
27,164,148
27,165,155
27,166,156
27,167,159
27,168,151
27,169,163
27,170,172
27,171,185
27,172,157
27,173,189
27,174,260
27,175,172
27,176,155
27,177,173
27,178,195
27,179,1843
27,180,165
27,181,191
27,182,165
27,183,207
27,184,176
27,185,199
27,186,147
27,187,173
27,188,191
27,189,187
27,190,149
27,191,209
27,192,165
27,193,186
27,194,150
27,195,184
27,196,158
27,197,214
27,198,191
27,199,184
27,200,168
27,201,202
27,202,178
27,203,198
27,204,163
27,205,207
27,206,172
27,207,211
27,208,173
27,209,219
27,210,1505
27,211,255
27,212,176
27,213,337
27,214,201
27,215,366
27,216,176
27,217,244
27,218,190
27,219,274
27,220,201
27,221,714
27,222,200
27,223,278
27,224,210
27,225,301
27,226,215
27,227,306
27,228,217
27,229,309
27,230,241
27,231,302
27,232,243
27,233,334
27,234,260
27,235,3454
27,236,280
27,237,361
27,238,352
27,239,385
27,240,325
27,241,395
27,242,359
27,243,421
27,244,365
27,245,615
27,246,448
27,247,458
27,248,412
27,249,493
27,250,429
27,251,505
27,252,465
27,253,509
27,254,538
27,255,497
27,256,416
28,1,281
28,2,321
28,3,299
28,4,325
28,5,299
28,6,325
28,7,330
28,8,562
28,9,320
28,10,360
28,11,318
28,12,348
28,13,381
28,14,359
28,15,339
28,16,364
28,17,321
28,18,355
28,19,318
28,20,350
28,21,308
28,22,365
28,23,2400
28,24,358
28,25,332
28,26,358
28,27,354
28,28,807
28,29,339
28,30,463
28,31,355
28,32,389
28,33,358
28,34,407
28,35,376
28,36,409
28,37,414
28,38,531
28,39,405
28,40,434
28,41,397
28,42,439
28,43,410
28,44,418
28,45,337
28,46,343
28,47,282
28,48,252
28,49,274
28,50,231
28,51,318
28,52,331
28,53,241
28,54,269
28,55,273
28,56,265
28,57,237
28,58,260
28,59,384
28,60,262
28,61,269
28,62,257
28,63,231
28,64,307
28,65,232
28,66,246
28,67,248
28,68,278
28,69,234
28,70,248
28,71,412
28,72,239
28,73,344
28,74,244
28,75,249
28,76,275
28,77,256
28,78,246
28,79,234
28,80,261
28,81,228
28,82,222
28,83,232
28,84,226
28,85,213
28,86,223
28,87,223
28,88,279
28,89,217
28,90,230
28,91,228
28,92,272
28,93,215
28,94,218
28,95,231
28,96,213
28,97,229
28,98,216
28,99,231
28,100,220
28,101,215
28,102,209
28,103,277
28,104,213
28,105,210
28,106,200
28,107,208
28,108,213
28,109,208
28,110,201
28,111,208
28,112,206
28,113,195
28,114,209
28,115,198
28,116,205
28,117,196
28,118,205
28,119,221
28,120,201
28,121,188
28,122,207
28,123,179
28,124,222
28,125,175
28,126,198
28,127,187
28,128,192
28,129,161
28,130,189
28,131,163
28,132,171
28,133,156
28,134,138
28,135,161
28,136,117
28,137,142
28,138,137
28,139,158
28,140,132
28,141,138
28,142,124
28,143,1526
28,144,422
28,145,159
28,146,125
28,147,143
28,148,209
28,149,145
28,150,141
28,151,145
28,152,139
28,153,146
28,154,133
28,155,186
28,156,146
28,157,182
28,158,160
28,159,164
28,160,192
28,161,180
28,162,148
28,163,156
28,164,148
28,165,155
28,166,156
28,167,159
28,168,151
28,169,163
28,170,172
28,171,185
28,172,157
28,173,189
28,174,260
28,175,172
28,176,155
28,177,173
28,178,195
28,179,1843
28,180,165
28,181,191
28,182,165
28,183,207
28,184,176
28,185,199
28,186,147
28,187,173
28,188,191
28,189,187
28,190,149
28,191,209
28,192,165
28,193,186
28,194,150
28,195,184
28,196,158
28,197,214
28,198,191
28,199,184
28,200,168
28,201,202
28,202,178
28,203,198
28,204,163
28,205,207
28,206,172
28,207,211
28,208,173
28,209,219
28,210,1505
28,211,255
28,212,176
28,213,337
28,214,201
28,215,366
28,216,176
28,217,244
28,218,190
28,219,274
28,220,201
28,221,714
28,222,200
28,223,278
28,224,210
28,225,301
28,226,215
28,227,306
28,228,217
28,229,309
28,230,241
28,231,302
28,232,243
28,233,334
28,234,260
28,235,3454
28,236,280
28,237,361
28,238,352
28,239,385
28,240,325
28,241,395
28,242,359
28,243,421
28,244,365
28,245,615
28,246,448
28,247,458
28,248,412
28,249,493
28,250,429
28,251,505
28,252,465
28,253,509
28,254,538
28,255,497
28,256,416
29,1,282
29,2,322
29,3,300
29,4,326
29,5,299
29,6,325
29,7,328
29,8,566
29,9,320
29,10,362
29,11,318
29,12,348
29,13,381
29,14,359
29,15,337
29,16,365
29,17,321
29,18,356
29,19,317
29,20,351
29,21,309
29,22,365
29,23,2394
29,24,358
29,25,333
29,26,358
29,27,354
29,28,807
29,29,339
29,30,467
29,31,357
29,32,388
29,33,358
29,34,408
29,35,378
29,36,408
29,37,413
29,38,535
29,39,405
29,40,434
29,41,397
29,42,441
29,43,412
29,44,421
29,45,336
29,46,342
29,47,282
29,48,251
29,49,268
29,50,231
29,51,316
29,52,324
29,53,239
29,54,270
29,55,273
29,56,265
29,57,237
29,58,260
29,59,384
29,60,261
29,61,269
29,62,257
29,63,232
29,64,305
29,65,233
29,66,246
29,67,248
29,68,278
29,69,235
29,70,249
29,71,411
29,72,241
29,73,343
29,74,244
29,75,250
29,76,275
29,77,255
29,78,246
29,79,234
29,80,262
29,81,229
29,82,223
29,83,232
29,84,226
29,85,211
29,86,226
29,87,224
29,88,280
29,89,217
29,90,231
29,91,228
29,92,265
29,93,216
29,94,219
29,95,232
29,96,213
29,97,230
29,98,216
29,99,234
29,100,222
29,101,215
29,102,211
29,103,279
29,104,215
29,105,209
29,106,201
29,107,208
29,108,214
29,109,209
29,110,203
29,111,209
29,112,206
29,113,194
29,114,209
29,115,198
29,116,206
29,117,196
29,118,206
29,119,222
29,120,202
29,121,190
29,122,207
29,123,179
29,124,222
29,125,176
29,126,200
29,127,187
29,128,192
29,129,162
29,130,190
29,131,162
29,132,170
29,133,156
29,134,138
29,135,163
29,136,117
29,137,142
29,138,136
29,139,158
29,140,133
29,141,138
29,142,124
29,143,1521
29,144,421
29,145,159
29,146,125
29,147,143
29,148,212
29,149,146
29,150,141
29,151,145
29,152,139
29,153,146
29,154,132
29,155,184
29,156,148
29,157,182
29,158,159
29,159,165
29,160,193
29,161,181
29,162,150
29,163,155
29,164,149
29,165,155
29,166,155
29,167,159
29,168,151
29,169,163
29,170,174
29,171,185
29,172,157
29,173,168
29,174,190
29,175,160
29,176,155
29,177,175
29,178,195
29,179,1844
29,180,165
29,181,191
29,182,166
29,183,210
29,184,177
29,185,198
29,186,147
29,187,173
29,188,192
29,189,188
29,190,150
29,191,208
29,192,164
29,193,186
29,194,150
29,195,186
29,196,160
29,197,212
29,198,191
29,199,184
29,200,168
29,201,202
29,202,177
29,203,198
29,204,163
29,205,206
29,206,172
29,207,211
29,208,173
29,209,220
29,210,1504
29,211,256
29,212,176
29,213,335
29,214,201
29,215,347
29,216,175
29,217,244
29,218,190
29,219,272
29,220,201
29,221,721
29,222,201
29,223,277
29,224,212
29,225,301
29,226,215
29,227,305
29,228,219
29,229,308
29,230,240
29,231,303
29,232,244
29,233,334
29,234,259
29,235,3453
29,236,279
29,237,361
29,238,353
29,239,381
29,240,325
29,241,396
29,242,361
29,243,421
29,244,366
29,245,621
29,246,449
29,247,459
29,248,411
29,249,494
29,250,432
29,251,504
29,252,466
29,253,509
29,254,530
29,255,497
29,256,418
30,1,282
30,2,322
30,3,300
30,4,326
30,5,299
30,6,325
30,7,328
30,8,566
30,9,320
30,10,362
30,11,318
30,12,348
30,13,381
30,14,359
30,15,337
30,16,365
30,17,321
30,18,356
30,19,317
30,20,351
30,21,309
30,22,365
30,23,2394
30,24,358
30,25,333
30,26,358
30,27,354
30,28,807
30,29,339
30,30,467
30,31,357
30,32,388
30,33,358
30,34,408
30,35,378
30,36,408
30,37,413
30,38,535
30,39,405
30,40,434
30,41,397
30,42,441
30,43,412
30,44,421
30,45,336
30,46,342
30,47,282
30,48,251
30,49,268
30,50,231
30,51,316
30,52,324
30,53,239
30,54,270
30,55,273
30,56,265
30,57,237
30,58,260
30,59,384
30,60,261
30,61,269
30,62,257
30,63,232
30,64,305
30,65,233
30,66,246
30,67,248
30,68,278
30,69,235
30,70,249
30,71,411
30,72,241
30,73,343
30,74,244
30,75,250
30,76,275
30,77,255
30,78,246
30,79,234
30,80,262
30,81,229
30,82,223
30,83,232
30,84,226
30,85,211
30,86,226
30,87,224
30,88,280
30,89,217
30,90,231
30,91,228
30,92,265
30,93,216
30,94,219
30,95,232
30,96,213
30,97,230
30,98,216
30,99,234
30,100,222
30,101,215
30,102,211
30,103,279
30,104,215
30,105,209
30,106,201
30,107,208
30,108,214
30,109,209
30,110,203
30,111,209
30,112,206
30,113,194
30,114,209
30,115,198
30,116,206
30,117,196
30,118,206
30,119,222
30,120,202
30,121,190
30,122,207
30,123,179
30,124,222
30,125,176
30,126,200
30,127,187
30,128,192
30,129,162
30,130,190
30,131,162
30,132,170
30,133,156
30,134,138
30,135,163
30,136,117
30,137,142
30,138,136
30,139,158
30,140,133
30,141,138
30,142,124
30,143,1521
30,144,421
30,145,159
30,146,125
30,147,143
30,148,212
30,149,146
30,150,141
30,151,145
30,152,139
30,153,146
30,154,132
30,155,184
30,156,148
30,157,182
30,158,159
30,159,165
30,160,193
30,161,181
30,162,150
30,163,155
30,164,149
30,165,155
30,166,155
30,167,159
30,168,151
30,169,163
30,170,174
30,171,185
30,172,157
30,173,168
30,174,190
30,175,160
30,176,155
30,177,175
30,178,195
30,179,1844
30,180,165
30,181,191
30,182,166
30,183,210
30,184,177
30,185,198
30,186,147
30,187,173
30,188,192
30,189,188
30,190,150
30,191,208
30,192,164
30,193,186
30,194,150
30,195,186
30,196,160
30,197,212
30,198,191
30,199,184
30,200,168
30,201,202
30,202,177
30,203,198
30,204,163
30,205,206
30,206,172
30,207,211
30,208,173
30,209,220
30,210,1504
30,211,256
30,212,176
30,213,335
30,214,201
30,215,347
30,216,175
30,217,244
30,218,190
30,219,272
30,220,201
30,221,721
30,222,201
30,223,277
30,224,212
30,225,301
30,226,215
30,227,305
30,228,219
30,229,308
30,230,240
30,231,303
30,232,244
30,233,334
30,234,259
30,235,3453
30,236,279
30,237,361
30,238,353
30,239,381
30,240,325
30,241,396
30,242,361
30,243,421
30,244,366
30,245,621
30,246,449
30,247,459
30,248,411
30,249,494
30,250,432
30,251,504
30,252,466
30,253,509
30,254,530
30,255,497
30,256,418
31,1,280
31,2,320
31,3,300
31,4,326
31,5,300
31,6,326
31,7,329
31,8,561
31,9,321
31,10,362
31,11,317
31,12,349
31,13,382
31,14,360
31,15,338
31,16,364
31,17,322
31,18,355
31,19,319
31,20,351
31,21,309
31,22,366
31,23,2398
31,24,359
31,25,332
31,26,358
31,27,351
31,28,807
31,29,339
31,30,448
31,31,357
31,32,389
31,33,358
31,34,408
31,35,377
31,36,409
31,37,415
31,38,531
31,39,405
31,40,434
31,41,397
31,42,439
31,43,411
31,44,420
31,45,337
31,46,343
31,47,283
31,48,251
31,49,272
31,50,232
31,51,315
31,52,325
31,53,240
31,54,270
31,55,274
31,56,265
31,57,237
31,58,259
31,59,384
31,60,261
31,61,271
31,62,257
31,63,233
31,64,308
31,65,232
31,66,244
31,67,246
31,68,278
31,69,237
31,70,247
31,71,411
31,72,239
31,73,344
31,74,244
31,75,248
31,76,276
31,77,255
31,78,247
31,79,235
31,80,263
31,81,229
31,82,223
31,83,232
31,84,226
31,85,213
31,86,226
31,87,224
31,88,280
31,89,218
31,90,230
31,91,228
31,92,264
31,93,216
31,94,219
31,95,232
31,96,214
31,97,231
31,98,215
31,99,231
31,100,220
31,101,216
31,102,211
31,103,279
31,104,215
31,105,210
31,106,199
31,107,209
31,108,213
31,109,210
31,110,202
31,111,210
31,112,206
31,113,194
31,114,208
31,115,198
31,116,204
31,117,196
31,118,206
31,119,222
31,120,203
31,121,190
31,122,208
31,123,181
31,124,221
31,125,177
31,126,199
31,127,188
31,128,193
31,129,163
31,130,191
31,131,162
31,132,170
31,133,157
31,134,138
31,135,161
31,136,117
31,137,142
31,138,137
31,139,158
31,140,134
31,141,138
31,142,124
31,143,1528
31,144,423
31,145,160
31,146,126
31,147,144
31,148,213
31,149,146
31,150,141
31,151,144
31,152,139
31,153,146
31,154,132
31,155,186
31,156,146
31,157,182
31,158,161
31,159,166
31,160,202
31,161,181
31,162,149
31,163,154
31,164,149
31,165,155
31,166,156
31,167,158
31,168,152
31,169,163
31,170,173
31,171,184
31,172,156
31,173,169
31,174,190
31,175,159
31,176,155
31,177,174
31,178,195
31,179,1844
31,180,165
31,181,191
31,182,166
31,183,209
31,184,177
31,185,199
31,186,149
31,187,174
31,188,191
31,189,188
31,190,150
31,191,209
31,192,165
31,193,187
31,194,151
31,195,186
31,196,159
31,197,212
31,198,191
31,199,184
31,200,169
31,201,200
31,202,177
31,203,199
31,204,163
31,205,207
31,206,172
31,207,212
31,208,173
31,209,220
31,210,1502
31,211,255
31,212,175
31,213,335
31,214,201
31,215,346
31,216,176
31,217,245
31,218,190
31,219,272
31,220,201
31,221,718
31,222,202
31,223,309
31,224,215
31,225,301
31,226,215
31,227,306
31,228,218
31,229,308
31,230,239
31,231,304
31,232,244
31,233,336
31,234,258
31,235,3461
31,236,278
31,237,361
31,238,349
31,239,385
31,240,325
31,241,393
31,242,360
31,243,420
31,244,364
31,245,618
31,246,451
31,247,460
31,248,410
31,249,496
31,250,430
31,251,506
31,252,467
31,253,510
31,254,533
31,255,498
31,256,417
32,1,280
32,2,320
32,3,300
32,4,326
32,5,300
32,6,326
32,7,329
32,8,561
32,9,321
32,10,362
32,11,317
32,12,349
32,13,382
32,14,360
32,15,338
32,16,364
32,17,322
32,18,355
32,19,319
32,20,351
32,21,309
32,22,366
32,23,2398
32,24,359
32,25,332
32,26,358
32,27,351
32,28,807
32,29,339
32,30,448
32,31,357
32,32,389
32,33,358
32,34,408
32,35,377
32,36,409
32,37,415
32,38,531
32,39,405
32,40,434
32,41,397
32,42,439
32,43,411
32,44,420
32,45,337
32,46,343
32,47,283
32,48,251
32,49,272
32,50,232
32,51,315
32,52,325
32,53,240
32,54,270
32,55,274
32,56,265
32,57,237
32,58,259
32,59,384
32,60,261
32,61,271
32,62,257
32,63,233
32,64,308
32,65,232
32,66,244
32,67,246
32,68,278
32,69,237
32,70,247
32,71,411
32,72,239
32,73,344
32,74,244
32,75,248
32,76,276
32,77,255
32,78,247
32,79,235
32,80,263
32,81,229
32,82,223
32,83,232
32,84,226
32,85,213
32,86,226
32,87,224
32,88,280
32,89,218
32,90,230
32,91,228
32,92,264
32,93,216
32,94,219
32,95,232
32,96,214
32,97,231
32,98,215
32,99,231
32,100,220
32,101,216
32,102,211
32,103,279
32,104,215
32,105,210
32,106,199
32,107,209
32,108,213
32,109,210
32,110,202
32,111,210
32,112,206
32,113,194
32,114,208
32,115,198
32,116,204
32,117,196
32,118,206
32,119,222
32,120,203
32,121,190
32,122,208
32,123,181
32,124,221
32,125,177
32,126,199
32,127,188
32,128,193
32,129,163
32,130,191
32,131,162
32,132,170
32,133,157
32,134,138
32,135,161
32,136,117
32,137,142
32,138,137
32,139,158
32,140,134
32,141,138
32,142,124
32,143,1528
32,144,423
32,145,160
32,146,126
32,147,144
32,148,213
32,149,146
32,150,141
32,151,144
32,152,139
32,153,146
32,154,132
32,155,186
32,156,146
32,157,182
32,158,161
32,159,166
32,160,202
32,161,181
32,162,149
32,163,154
32,164,149
32,165,155
32,166,156
32,167,158
32,168,152
32,169,163
32,170,173
32,171,184
32,172,156
32,173,169
32,174,190
32,175,159
32,176,155
32,177,174
32,178,195
32,179,1844
32,180,165
32,181,191
32,182,166
32,183,209
32,184,177
32,185,199
32,186,149
32,187,174
32,188,191
32,189,188
32,190,150
32,191,209
32,192,165
32,193,187
32,194,151
32,195,186
32,196,159
32,197,212
32,198,191
32,199,184
32,200,169
32,201,200
32,202,177
32,203,199
32,204,163
32,205,207
32,206,172
32,207,212
32,208,173
32,209,220
32,210,1502
32,211,255
32,212,175
32,213,335
32,214,201
32,215,346
32,216,176
32,217,245
32,218,190
32,219,272
32,220,201
32,221,718
32,222,202
32,223,309
32,224,215
32,225,301
32,226,215
32,227,306
32,228,218
32,229,308
32,230,239
32,231,304
32,232,244
32,233,336
32,234,258
32,235,3461
32,236,278
32,237,361
32,238,349
32,239,385
32,240,325
32,241,393
32,242,360
32,243,420
32,244,364
32,245,618
32,246,451
32,247,460
32,248,410
32,249,496
32,250,430
32,251,506
32,252,467
32,253,510
32,254,533
32,255,498
32,256,417
