Line,Band,Value
1,1,286
1,2,326
1,3,300
1,4,329
1,5,303
1,6,330
1,7,333
1,8,565
1,9,324
1,10,366
1,11,323
1,12,352
1,13,388
1,14,365
1,15,344
1,16,367
1,17,326
1,18,360
1,19,321
1,20,355
1,21,312
1,22,366
1,23,2410
1,24,363
1,25,334
1,26,362
1,27,356
1,28,813
1,29,343
1,30,474
1,31,363
1,32,393
1,33,371
1,34,412
1,35,380
1,36,412
1,37,416
1,38,538
1,39,410
1,40,438
1,41,399
1,42,444
1,43,414
1,44,422
1,45,340
1,46,343
1,47,283
1,48,253
1,49,267
1,50,233
1,51,317
1,52,328
1,53,240
1,54,270
1,55,273
1,56,264
1,57,238
1,58,261
1,59,386
1,60,260
1,61,270
1,62,259
1,63,233
1,64,306
1,65,231
1,66,246
1,67,248
1,68,279
1,69,236
1,70,249
1,71,410
1,72,240
1,73,353
1,74,244
1,75,248
1,76,276
1,77,256
1,78,248
1,79,237
1,80,260
1,81,231
1,82,225
1,83,232
1,84,227
1,85,213
1,86,227
1,87,223
1,88,280
1,89,216
1,90,232
1,91,229
1,92,271
1,93,216
1,94,219
1,95,230
1,96,214
1,97,229
1,98,217
1,99,232
1,100,220
1,101,215
1,102,211
1,103,278
1,104,215
1,105,210
1,106,200
1,107,209
1,108,213
1,109,209
1,110,203
1,111,208
1,112,206
1,113,194
1,114,209
1,115,197
1,116,205
1,117,195
1,118,206
1,119,223
1,120,202
1,121,189
1,122,207
1,123,181
1,124,223
1,125,177
1,126,199
1,127,187
1,128,193
1,129,162
1,130,188
1,131,161
1,132,171
1,133,155
1,134,137
1,135,165
1,136,117
1,137,141
1,138,137
1,139,158
1,140,133
1,141,138
1,142,124
1,143,1522
1,144,425
1,145,161
1,146,133
1,147,143
1,148,211
1,149,146
1,150,139
1,151,145
1,152,140
1,153,146
1,154,131
1,155,185
1,156,147
1,157,186
1,158,162
1,159,165
1,160,198
1,161,181
1,162,150
1,163,154
1,164,149
1,165,155
1,166,156
1,167,159
1,168,153
1,169,163
1,170,172
1,171,184
1,172,155
1,173,170
1,174,187
1,175,159
1,176,155
1,177,174
1,178,195
1,179,1848
1,180,164
1,181,190
1,182,167
1,183,213
1,184,175
1,185,201
1,186,149
1,187,174
1,188,193
1,189,188
1,190,149
1,191,209
1,192,164
1,193,186
1,194,152
1,195,186
1,196,160
1,197,214
1,198,191
1,199,183
1,200,168
1,201,201
1,202,177
1,203,198
1,204,164
1,205,207
1,206,174
1,207,213
1,208,174
1,209,221
1,210,1512
1,211,256
1,212,177
1,213,325
1,214,201
1,215,352
1,216,176
1,217,246
1,218,191
1,219,274
1,220,204
1,221,721
1,222,201
1,223,279
1,224,215
1,225,299
1,226,221
1,227,314
1,228,220
1,229,309
1,230,243
1,231,307
1,232,249
1,233,340
1,234,262
1,235,3487
1,236,284
1,237,364
1,238,358
1,239,384
1,240,330
1,241,399
1,242,367
1,243,428
1,244,373
1,245,629
1,246,460
1,247,468
1,248,419
1,249,502
1,250,438
1,251,512
1,252,475
1,253,518
1,254,540
1,255,506
1,256,426
2,1,286
2,2,326
2,3,300
2,4,329
2,5,303
2,6,330
2,7,333
2,8,565
2,9,324
2,10,366
2,11,323
2,12,352
2,13,388
2,14,365
2,15,344
2,16,367
2,17,326
2,18,360
2,19,321
2,20,355
2,21,312
2,22,366
2,23,2410
2,24,363
2,25,334
2,26,362
2,27,356
2,28,813
2,29,343
2,30,474
2,31,363
2,32,393
2,33,371
2,34,412
2,35,380
2,36,412
2,37,416
2,38,538
2,39,410
2,40,438
2,41,399
2,42,444
2,43,414
2,44,422
2,45,340
2,46,343
2,47,283
2,48,253
2,49,267
2,50,233
2,51,317
2,52,328
2,53,240
2,54,270
2,55,273
2,56,264
2,57,238
2,58,261
2,59,386
2,60,260
2,61,270
2,62,259
2,63,233
2,64,306
2,65,231
2,66,246
2,67,248
2,68,279
2,69,236
2,70,249
2,71,410
2,72,240
2,73,353
2,74,244
2,75,248
2,76,276
2,77,256
2,78,248
2,79,237
2,80,260
2,81,231
2,82,225
2,83,232
2,84,227
2,85,213
2,86,227
2,87,223
2,88,280
2,89,216
2,90,232
2,91,229
2,92,271
2,93,216
2,94,219
2,95,230
2,96,214
2,97,229
2,98,217
2,99,232
2,100,220
2,101,215
2,102,211
2,103,278
2,104,215
2,105,210
2,106,200
2,107,209
2,108,213
2,109,209
2,110,203
2,111,208
2,112,206
2,113,194
2,114,209
2,115,197
2,116,205
2,117,195
2,118,206
2,119,223
2,120,202
2,121,189
2,122,207
2,123,181
2,124,223
2,125,177
2,126,199
2,127,187
2,128,193
2,129,162
2,130,188
2,131,161
2,132,171
2,133,155
2,134,137
2,135,165
2,136,117
2,137,141
2,138,137
2,139,158
2,140,133
2,141,138
2,142,124
2,143,1522
2,144,425
2,145,161
2,146,133
2,147,143
2,148,211
2,149,146
2,150,139
2,151,145
2,152,140
2,153,146
2,154,131
2,155,185
2,156,147
2,157,186
2,158,162
2,159,165
2,160,198
2,161,181
2,162,150
2,163,154
2,164,149
2,165,155
2,166,156
2,167,159
2,168,153
2,169,163
2,170,172
2,171,184
2,172,155
2,173,170
2,174,187
2,175,159
2,176,155
2,177,174
2,178,195
2,179,1848
2,180,164
2,181,190
2,182,167
2,183,213
2,184,175
2,185,201
2,186,149
2,187,174
2,188,193
2,189,188
2,190,149
2,191,209
2,192,164
2,193,186
2,194,152
2,195,186
2,196,160
2,197,214
2,198,191
2,199,183
2,200,168
2,201,201
2,202,177
2,203,198
2,204,164
2,205,207
2,206,174
2,207,213
2,208,174
2,209,221
2,210,1512
2,211,256
2,212,177
2,213,325
2,214,201
2,215,352
2,216,176
2,217,246
2,218,191
2,219,274
2,220,204
2,221,721
2,222,201
2,223,279
2,224,215
2,225,299
2,226,221
2,227,314
2,228,220
2,229,309
2,230,243
2,231,307
2,232,249
2,233,340
2,234,262
2,235,3487
2,236,284
2,237,364
2,238,358
2,239,384
2,240,330
2,241,399
2,242,367
2,243,428
2,244,373
2,245,629
2,246,460
2,247,468
2,248,419
2,249,502
2,250,438
2,251,512
2,252,475
2,253,518
2,254,540
2,255,506
2,256,426
3,1,285
3,2,325
3,3,301
3,4,329
3,5,305
3,6,329
3,7,334
3,8,570
3,9,325
3,10,367
3,11,322
3,12,351
3,13,388
3,14,364
3,15,342
3,16,368
3,17,325
3,18,359
3,19,322
3,20,354
3,21,314
3,22,367
3,23,2410
3,24,362
3,25,335
3,26,363
3,27,356
3,28,811
3,29,343
3,30,450
3,31,362
3,32,392
3,33,362
3,34,411
3,35,381
3,36,412
3,37,417
3,38,537
3,39,409
3,40,439
3,41,397
3,42,444
3,43,415
3,44,421
3,45,337
3,46,343
3,47,284
3,48,253
3,49,267
3,50,231
3,51,315
3,52,327
3,53,241
3,54,270
3,55,271
3,56,265
3,57,238
3,58,260
3,59,386
3,60,260
3,61,269
3,62,258
3,63,232
3,64,306
3,65,233
3,66,247
3,67,251
3,68,280
3,69,238
3,70,248
3,71,411
3,72,241
3,73,354
3,74,243
3,75,248
3,76,275
3,77,257
3,78,249
3,79,237
3,80,260
3,81,229
3,82,223
3,83,231
3,84,225
3,85,213
3,86,226
3,87,223
3,88,280
3,89,217
3,90,231
3,91,230
3,92,268
3,93,217
3,94,219
3,95,232
3,96,214
3,97,230
3,98,218
3,99,232
3,100,220
3,101,215
3,102,211
3,103,287
3,104,215
3,105,211
3,106,200
3,107,210
3,108,214
3,109,211
3,110,203
3,111,210
3,112,207
3,113,194
3,114,209
3,115,197
3,116,205
3,117,196
3,118,205
3,119,223
3,120,202
3,121,190
3,122,208
3,123,181
3,124,223
3,125,176
3,126,200
3,127,188
3,128,192
3,129,162
3,130,190
3,131,161
3,132,173
3,133,155
3,134,138
3,135,166
3,136,117
3,137,142
3,138,137
3,139,158
3,140,133
3,141,139
3,142,123
3,143,1519
3,144,431
3,145,161
3,146,125
3,147,143
3,148,211
3,149,147
3,150,141
3,151,145
3,152,140
3,153,146
3,154,133
3,155,184
3,156,147
3,157,186
3,158,160
3,159,166
3,160,198
3,161,181
3,162,149
3,163,155
3,164,150
3,165,155
3,166,156
3,167,161
3,168,169
3,169,162
3,170,171
3,171,186
3,172,156
3,173,169
3,174,189
3,175,159
3,176,154
3,177,173
3,178,195
3,179,1850
3,180,165
3,181,192
3,182,164
3,183,213
3,184,175
3,185,200
3,186,154
3,187,173
3,188,195
3,189,188
3,190,150
3,191,209
3,192,165
3,193,187
3,194,152
3,195,186
3,196,160
3,197,213
3,198,192
3,199,184
3,200,170
3,201,201
3,202,180
3,203,199
3,204,166
3,205,209
3,206,174
3,207,212
3,208,174
3,209,221
3,210,1511
3,211,256
3,212,176
3,213,330
3,214,206
3,215,351
3,216,176
3,217,247
3,218,192
3,219,274
3,220,202
3,221,729
3,222,203
3,223,278
3,224,215
3,225,297
3,226,218
3,227,307
3,228,221
3,229,311
3,230,242
3,231,307
3,232,248
3,233,339
3,234,263
3,235,3482
3,236,282
3,237,365
3,238,360
3,239,385
3,240,332
3,241,399
3,242,367
3,243,427
3,244,372
3,245,631
3,246,461
3,247,466
3,248,419
3,249,506
3,250,438
3,251,512
3,252,474
3,253,520
3,254,547
3,255,506
3,256,424
4,1,285
4,2,325
4,3,301
4,4,329
4,5,305
4,6,329
4,7,334
4,8,570
4,9,325
4,10,367
4,11,322
4,12,351
4,13,388
4,14,364
4,15,342
4,16,368
4,17,325
4,18,359
4,19,322
4,20,354
4,21,314
4,22,367
4,23,2410
4,24,362
4,25,335
4,26,363
4,27,356
4,28,811
4,29,343
4,30,450
4,31,362
4,32,392
4,33,362
4,34,411
4,35,381
4,36,412
4,37,417
4,38,537
4,39,409
4,40,439
4,41,397
4,42,444
4,43,415
4,44,421
4,45,337
4,46,343
4,47,284
4,48,253
4,49,267
4,50,231
4,51,315
4,52,327
4,53,241
4,54,270
4,55,271
4,56,265
4,57,238
4,58,260
4,59,386
4,60,260
4,61,269
4,62,258
4,63,232
4,64,306
4,65,233
4,66,247
4,67,251
4,68,280
4,69,238
4,70,248
4,71,411
4,72,241
4,73,354
4,74,243
4,75,248
4,76,275
4,77,257
4,78,249
4,79,237
4,80,260
4,81,229
4,82,223
4,83,231
4,84,225
4,85,213
4,86,226
4,87,223
4,88,280
4,89,217
4,90,231
4,91,230
4,92,268
4,93,217
4,94,219
4,95,232
4,96,214
4,97,230
4,98,218
4,99,232
4,100,220
4,101,215
4,102,211
4,103,287
4,104,215
4,105,211
4,106,200
4,107,210
4,108,214
4,109,211
4,110,203
4,111,210
4,112,207
4,113,194
4,114,209
4,115,197
4,116,205
4,117,196
4,118,205
4,119,223
4,120,202
4,121,190
4,122,208
4,123,181
4,124,223
4,125,176
4,126,200
4,127,188
4,128,192
4,129,162
4,130,190
4,131,161
4,132,173
4,133,155
4,134,138
4,135,166
4,136,117
4,137,142
4,138,137
4,139,158
4,140,133
4,141,139
4,142,123
4,143,1519
4,144,431
4,145,161
4,146,125
4,147,143
4,148,211
4,149,147
4,150,141
4,151,145
4,152,140
4,153,146
4,154,133
4,155,184
4,156,147
4,157,186
4,158,160
4,159,166
4,160,198
4,161,181
4,162,149
4,163,155
4,164,150
4,165,155
4,166,156
4,167,161
4,168,169
4,169,162
4,170,171
4,171,186
4,172,156
4,173,169
4,174,189
4,175,159
4,176,154
4,177,173
4,178,195
4,179,1850
4,180,165
4,181,192
4,182,164
4,183,213
4,184,175
4,185,200
4,186,154
4,187,173
4,188,195
4,189,188
4,190,150
4,191,209
4,192,165
4,193,187
4,194,152
4,195,186
4,196,160
4,197,213
4,198,192
4,199,184
4,200,170
4,201,201
4,202,180
4,203,199
4,204,166
4,205,209
4,206,174
4,207,212
4,208,174
4,209,221
4,210,1511
4,211,256
4,212,176
4,213,330
4,214,206
4,215,351
4,216,176
4,217,247
4,218,192
4,219,274
4,220,202
4,221,729
4,222,203
4,223,278
4,224,215
4,225,297
4,226,218
4,227,307
4,228,221
4,229,311
4,230,242
4,231,307
4,232,248
4,233,339
4,234,263
4,235,3482
4,236,282
4,237,365
4,238,360
4,239,385
4,240,332
4,241,399
4,242,367
4,243,427
4,244,372
4,245,631
4,246,461
4,247,466
4,248,419
4,249,506
4,250,438
4,251,512
4,252,474
4,253,520
4,254,547
4,255,506
4,256,424
5,1,285
5,2,325
5,3,299
5,4,329
5,5,304
5,6,329
5,7,333
5,8,572
5,9,324
5,10,365
5,11,323
5,12,351
5,13,388
5,14,363
5,15,341
5,16,367
5,17,326
5,18,358
5,19,321
5,20,355
5,21,313
5,22,365
5,23,2423
5,24,361
5,25,335
5,26,362
5,27,361
5,28,812
5,29,343
5,30,458
5,31,360
5,32,391
5,33,361
5,34,410
5,35,382
5,36,410
5,37,416
5,38,538
5,39,409
5,40,437
5,41,398
5,42,442
5,43,413
5,44,421
5,45,340
5,46,343
5,47,284
5,48,251
5,49,267
5,50,230
5,51,317
5,52,329
5,53,240
5,54,270
5,55,271
5,56,264
5,57,238
5,58,260
5,59,384
5,60,260
5,61,269
5,62,257
5,63,233
5,64,307
5,65,233
5,66,246
5,67,250
5,68,279
5,69,237
5,70,247
5,71,410
5,72,238
5,73,355
5,74,243
5,75,250
5,76,274
5,77,255
5,78,247
5,79,237
5,80,260
5,81,229
5,82,222
5,83,231
5,84,226
5,85,213
5,86,223
5,87,223
5,88,280
5,89,217
5,90,230
5,91,229
5,92,268
5,93,217
5,94,219
5,95,232
5,96,214
5,97,229
5,98,215
5,99,231
5,100,219
5,101,214
5,102,211
5,103,281
5,104,214
5,105,210
5,106,199
5,107,209
5,108,213
5,109,211
5,110,202
5,111,210
5,112,206
5,113,194
5,114,208
5,115,197
5,116,205
5,117,196
5,118,205
5,119,222
5,120,202
5,121,189
5,122,205
5,123,181
5,124,219
5,125,176
5,126,198
5,127,187
5,128,192
5,129,161
5,130,189
5,131,160
5,132,174
5,133,155
5,134,137
5,135,165
5,136,116
5,137,142
5,138,136
5,139,157
5,140,132
5,141,138
5,142,124
5,143,1520
5,144,422
5,145,159
5,146,125
5,147,143
5,148,214
5,149,146
5,150,139
5,151,145
5,152,139
5,153,145
5,154,133
5,155,184
5,156,146
5,157,185
5,158,159
5,159,164
5,160,196
5,161,182
5,162,149
5,163,156
5,164,151
5,165,155
5,166,154
5,167,158
5,168,150
5,169,162
5,170,172
5,171,186
5,172,156
5,173,171
5,174,189
5,175,159
5,176,154
5,177,172
5,178,193
5,179,1846
5,180,165
5,181,191
5,182,165
5,183,214
5,184,174
5,185,199
5,186,148
5,187,173
5,188,191
5,189,187
5,190,150
5,191,210
5,192,164
5,193,186
5,194,150
5,195,185
5,196,159
5,197,213
5,198,191
5,199,183
5,200,168
5,201,201
5,202,177
5,203,198
5,204,163
5,205,207
5,206,174
5,207,213
5,208,173
5,209,219
5,210,1505
5,211,255
5,212,175
5,213,335
5,214,203
5,215,350
5,216,176
5,217,247
5,218,191
5,219,275
5,220,202
5,221,734
5,222,203
5,223,279
5,224,213
5,225,297
5,226,216
5,227,309
5,228,220
5,229,311
5,230,244
5,231,307
5,232,247
5,233,336
5,234,263
5,235,3481
5,236,281
5,237,365
5,238,355
5,239,386
5,240,330
5,241,400
5,242,365
5,243,427
5,244,371
5,245,627
5,246,459
5,247,468
5,248,418
5,249,507
5,250,440
5,251,513
5,252,475
5,253,519
5,254,539
5,255,506
5,256,425
6,1,285
6,2,325
6,3,299
6,4,329
6,5,304
6,6,329
6,7,333
6,8,572
6,9,324
6,10,365
6,11,323
6,12,351
6,13,388
6,14,363
6,15,341
6,16,367
6,17,326
6,18,358
6,19,321
6,20,355
6,21,313
6,22,365
6,23,2423
6,24,361
6,25,335
6,26,362
6,27,361
6,28,812
6,29,343
6,30,458
6,31,360
6,32,391
6,33,361
6,34,410
6,35,382
6,36,410
6,37,416
6,38,538
6,39,409
6,40,437
6,41,398
6,42,442
6,43,413
6,44,421
6,45,340
6,46,343
6,47,284
6,48,251
6,49,267
6,50,230
6,51,317
6,52,329
6,53,240
6,54,270
6,55,271
6,56,264
6,57,238
6,58,260
6,59,384
6,60,260
6,61,269
6,62,257
6,63,233
6,64,307
6,65,233
6,66,246
6,67,250
6,68,279
6,69,237
6,70,247
6,71,410
6,72,238
6,73,355
6,74,243
6,75,250
6,76,274
6,77,255
6,78,247
6,79,237
6,80,260
6,81,229
6,82,222
6,83,231
6,84,226
6,85,213
6,86,223
6,87,223
6,88,280
6,89,217
6,90,230
6,91,229
6,92,268
6,93,217
6,94,219
6,95,232
6,96,214
6,97,229
6,98,215
6,99,231
6,100,219
6,101,214
6,102,211
6,103,281
6,104,214
6,105,210
6,106,199
6,107,209
6,108,213
6,109,211
6,110,202
6,111,210
6,112,206
6,113,194
6,114,208
6,115,197
6,116,205
6,117,196
6,118,205
6,119,222
6,120,202
6,121,189
6,122,205
6,123,181
6,124,219
6,125,176
6,126,198
6,127,187
6,128,192
6,129,161
6,130,189
6,131,160
6,132,174
6,133,155
6,134,137
6,135,165
6,136,116
6,137,142
6,138,136
6,139,157
6,140,132
6,141,138
6,142,124
6,143,1520
6,144,422
6,145,159
6,146,125
6,147,143
6,148,214
6,149,146
6,150,139
6,151,145
6,152,139
6,153,145
6,154,133
6,155,184
6,156,146
6,157,185
6,158,159
6,159,164
6,160,196
6,161,182
6,162,149
6,163,156
6,164,151
6,165,155
6,166,154
6,167,158
6,168,150
6,169,162
6,170,172
6,171,186
6,172,156
6,173,171
6,174,189
6,175,159
6,176,154
6,177,172
6,178,193
6,179,1846
6,180,165
6,181,191
6,182,165
6,183,214
6,184,174
6,185,199
6,186,148
6,187,173
6,188,191
6,189,187
6,190,150
6,191,210
6,192,164
6,193,186
6,194,150
6,195,185
6,196,159
6,197,213
6,198,191
6,199,183
6,200,168
6,201,201
6,202,177
6,203,198
6,204,163
6,205,207
6,206,174
6,207,213
6,208,173
6,209,219
6,210,1505
6,211,255
6,212,175
6,213,335
6,214,203
6,215,350
6,216,176
6,217,247
6,218,191
6,219,275
6,220,202
6,221,734
6,222,203
6,223,279
6,224,213
6,225,297
6,226,216
6,227,309
6,228,220
6,229,311
6,230,244
6,231,307
6,232,247
6,233,336
6,234,263
6,235,3481
6,236,281
6,237,365
6,238,355
6,239,386
6,240,330
6,241,400
6,242,365
6,243,427
6,244,371
6,245,627
6,246,459
6,247,468
6,248,418
6,249,507
6,250,440
6,251,513
6,252,475
6,253,519
6,254,539
6,255,506
6,256,425
7,1,286
7,2,326
7,3,303
7,4,330
7,5,305
7,6,329
7,7,334
7,8,568
7,9,324
7,10,366
7,11,322
7,12,350
7,13,388
7,14,363
7,15,344
7,16,367
7,17,326
7,18,359
7,19,321
7,20,353
7,21,315
7,22,365
7,23,2409
7,24,361
7,25,338
7,26,363
7,27,357
7,28,813
7,29,343
7,30,447
7,31,363
7,32,393
7,33,363
7,34,412
7,35,380
7,36,411
7,37,417
7,38,536
7,39,407
7,40,438
7,41,398
7,42,440
7,43,414
7,44,422
7,45,339
7,46,343
7,47,284
7,48,252
7,49,270
7,50,232
7,51,315
7,52,330
7,53,241
7,54,271
7,55,273
7,56,264
7,57,238
7,58,262
7,59,386
7,60,260
7,61,269
7,62,257
7,63,234
7,64,310
7,65,233
7,66,246
7,67,250
7,68,278
7,69,237
7,70,248
7,71,412
7,72,241
7,73,363
7,74,244
7,75,249
7,76,277
7,77,257
7,78,248
7,79,236
7,80,260
7,81,230
7,82,223
7,83,232
7,84,227
7,85,212
7,86,223
7,87,224
7,88,279
7,89,217
7,90,231
7,91,229
7,92,269
7,93,217
7,94,218
7,95,233
7,96,215
7,97,230
7,98,215
7,99,233
7,100,220
7,101,214
7,102,212
7,103,283
7,104,216
7,105,237
7,106,201
7,107,209
7,108,213
7,109,211
7,110,203
7,111,210
7,112,206
7,113,194
7,114,208
7,115,199
7,116,207
7,117,194
7,118,206
7,119,223
7,120,202
7,121,190
7,122,206
7,123,181
7,124,221
7,125,176
7,126,199
7,127,187
7,128,193
7,129,163
7,130,189
7,131,161
7,132,174
7,133,156
7,134,136
7,135,166
7,136,118
7,137,142
7,138,137
7,139,157
7,140,133
7,141,139
7,142,124
7,143,1519
7,144,423
7,145,159
7,146,125
7,147,143
7,148,215
7,149,146
7,150,141
7,151,145
7,152,140
7,153,145
7,154,133
7,155,185
7,156,147
7,157,187
7,158,160
7,159,166
7,160,197
7,161,181
7,162,148
7,163,155
7,164,149
7,165,155
7,166,155
7,167,159
7,168,151
7,169,163
7,170,173
7,171,187
7,172,156
7,173,170
7,174,187
7,175,160
7,176,154
7,177,173
7,178,191
7,179,1860
7,180,163
7,181,193
7,182,168
7,183,215
7,184,176
7,185,199
7,186,149
7,187,174
7,188,192
7,189,189
7,190,150
7,191,209
7,192,164
7,193,186
7,194,151
7,195,186
7,196,159
7,197,215
7,198,190
7,199,184
7,200,168
7,201,201
7,202,177
7,203,199
7,204,165
7,205,208
7,206,173
7,207,213
7,208,173
7,209,220
7,210,1511
7,211,254
7,212,176
7,213,339
7,214,207
7,215,355
7,216,176
7,217,247
7,218,191
7,219,273
7,220,204
7,221,732
7,222,204
7,223,279
7,224,215
7,225,297
7,226,219
7,227,309
7,228,221
7,229,312
7,230,242
7,231,307
7,232,248
7,233,339
7,234,263
7,235,3480
7,236,282
7,237,365
7,238,357
7,239,383
7,240,331
7,241,401
7,242,375
7,243,431
7,244,372
7,245,626
7,246,459
7,247,468
7,248,419
7,249,500
7,250,438
7,251,511
7,252,474
7,253,518
7,254,541
7,255,507
7,256,425
8,1,286
8,2,326
8,3,303
8,4,330
8,5,305
8,6,329
8,7,334
8,8,568
8,9,324
8,10,366
8,11,322
8,12,350
8,13,388
8,14,363
8,15,344
8,16,367
8,17,326
8,18,359
8,19,321
8,20,353
8,21,315
8,22,365
8,23,2409
8,24,361
8,25,338
8,26,363
8,27,357
8,28,813
8,29,343
8,30,447
8,31,363
8,32,393
8,33,363
8,34,412
8,35,380
8,36,411
8,37,417
8,38,536
8,39,407
8,40,438
8,41,398
8,42,440
8,43,414
8,44,422
8,45,339
8,46,343
8,47,284
8,48,252
8,49,270
8,50,232
8,51,315
8,52,330
8,53,241
8,54,271
8,55,273
8,56,264
8,57,238
8,58,262
8,59,386
8,60,260
8,61,269
8,62,257
8,63,234
8,64,310
8,65,233
8,66,246
8,67,250
8,68,278
8,69,237
8,70,248
8,71,412
8,72,241
8,73,363
8,74,244
8,75,249
8,76,277
8,77,257
8,78,248
8,79,236
8,80,260
8,81,230
8,82,223
8,83,232
8,84,227
8,85,212
8,86,223
8,87,224
8,88,279
8,89,217
8,90,231
8,91,229
8,92,269
8,93,217
8,94,218
8,95,233
8,96,215
8,97,230
8,98,215
8,99,233
8,100,220
8,101,214
8,102,212
8,103,283
8,104,216
8,105,237
8,106,201
8,107,209
8,108,213
8,109,211
8,110,203
8,111,210
8,112,206
8,113,194
8,114,208
8,115,199
8,116,207
8,117,194
8,118,206
8,119,223
8,120,202
8,121,190
8,122,206
8,123,181
8,124,221
8,125,176
8,126,199
8,127,187
8,128,193
8,129,163
8,130,189
8,131,161
8,132,174
8,133,156
8,134,136
8,135,166
8,136,118
8,137,142
8,138,137
8,139,157
8,140,133
8,141,139
8,142,124
8,143,1519
8,144,423
8,145,159
8,146,125
8,147,143
8,148,215
8,149,146
8,150,141
8,151,145
8,152,140
8,153,145
8,154,133
8,155,185
8,156,147
8,157,187
8,158,160
8,159,166
8,160,197
8,161,181
8,162,148
8,163,155
8,164,149
8,165,155
8,166,155
8,167,159
8,168,151
8,169,163
8,170,173
8,171,187
8,172,156
8,173,170
8,174,187
8,175,160
8,176,154
8,177,173
8,178,191
8,179,1860
8,180,163
8,181,193
8,182,168
8,183,215
8,184,176
8,185,199
8,186,149
8,187,174
8,188,192
8,189,189
8,190,150
8,191,209
8,192,164
8,193,186
8,194,151
8,195,186
8,196,159
8,197,215
8,198,190
8,199,184
8,200,168
8,201,201
8,202,177
8,203,199
8,204,165
8,205,208
8,206,173
8,207,213
8,208,173
8,209,220
8,210,1511
8,211,254
8,212,176
8,213,339
8,214,207
8,215,355
8,216,176
8,217,247
8,218,191
8,219,273
8,220,204
8,221,732
8,222,204
8,223,279
8,224,215
8,225,297
8,226,219
8,227,309
8,228,221
8,229,312
8,230,242
8,231,307
8,232,248
8,233,339
8,234,263
8,235,3480
8,236,282
8,237,365
8,238,357
8,239,383
8,240,331
8,241,401
8,242,375
8,243,431
8,244,372
8,245,626
8,246,459
8,247,468
8,248,419
8,249,500
8,250,438
8,251,511
8,252,474
8,253,518
8,254,541
8,255,507
8,256,425
9,1,286
9,2,326
9,3,303
9,4,330
9,5,304
9,6,329
9,7,332
9,8,571
9,9,323
9,10,367
9,11,322
9,12,353
9,13,386
9,14,364
9,15,342
9,16,368
9,17,326
9,18,360
9,19,321
9,20,355
9,21,313
9,22,366
9,23,2415
9,24,363
9,25,336
9,26,362
9,27,356
9,28,815
9,29,343
9,30,448
9,31,362
9,32,391
9,33,364
9,34,414
9,35,380
9,36,412
9,37,417
9,38,538
9,39,411
9,40,439
9,41,399
9,42,444
9,43,413
9,44,421
9,45,338
9,46,344
9,47,285
9,48,253
9,49,270
9,50,232
9,51,319
9,52,334
9,53,242
9,54,269
9,55,273
9,56,265
9,57,239
9,58,261
9,59,386
9,60,260
9,61,271
9,62,259
9,63,234
9,64,308
9,65,232
9,66,244
9,67,251
9,68,280
9,69,239
9,70,250
9,71,410
9,72,240
9,73,354
9,74,246
9,75,248
9,76,277
9,77,256
9,78,248
9,79,236
9,80,260
9,81,231
9,82,224
9,83,233
9,84,227
9,85,212
9,86,227
9,87,224
9,88,282
9,89,218
9,90,232
9,91,228
9,92,268
9,93,216
9,94,218
9,95,233
9,96,214
9,97,229
9,98,217
9,99,232
9,100,222
9,101,215
9,102,212
9,103,278
9,104,215
9,105,210
9,106,200
9,107,210
9,108,215
9,109,210
9,110,203
9,111,207
9,112,207
9,113,195
9,114,210
9,115,197
9,116,205
9,117,195
9,118,206
9,119,223
9,120,204
9,121,190
9,122,208
9,123,180
9,124,225
9,125,177
9,126,199
9,127,187
9,128,192
9,129,162
9,130,189
9,131,160
9,132,174
9,133,156
9,134,138
9,135,165
9,136,117
9,137,142
9,138,137
9,139,158
9,140,134
9,141,139
9,142,125
9,143,1517
9,144,425
9,145,160
9,146,126
9,147,143
9,148,212
9,149,147
9,150,141
9,151,145
9,152,139
9,153,145
9,154,133
9,155,183
9,156,147
9,157,187
9,158,161
9,159,165
9,160,199
9,161,181
9,162,149
9,163,155
9,164,150
9,165,154
9,166,155
9,167,159
9,168,152
9,169,162
9,170,173
9,171,184
9,172,157
9,173,169
9,174,188
9,175,159
9,176,155
9,177,174
9,178,194
9,179,1847
9,180,165
9,181,193
9,182,167
9,183,214
9,184,175
9,185,200
9,186,149
9,187,174
9,188,192
9,189,189
9,190,150
9,191,209
9,192,165
9,193,186
9,194,153
9,195,186
9,196,161
9,197,217
9,198,193
9,199,185
9,200,169
9,201,201
9,202,178
9,203,199
9,204,165
9,205,207
9,206,173
9,207,212
9,208,174
9,209,221
9,210,1513
9,211,255
9,212,176
9,213,335
9,214,207
9,215,350
9,216,176
9,217,247
9,218,192
9,219,275
9,220,204
9,221,717
9,222,204
9,223,279
9,224,216
9,225,298
9,226,219
9,227,308
9,228,221
9,229,312
9,230,245
9,231,306
9,232,248
9,233,340
9,234,264
9,235,3481
9,236,281
9,237,365
9,238,358
9,239,384
9,240,331
9,241,399
9,242,365
9,243,429
9,244,372
9,245,630
9,246,453
9,247,468
9,248,419
9,249,508
9,250,440
9,251,514
9,252,475
9,253,519
9,254,548
9,255,506
9,256,425
10,1,286
10,2,326
10,3,303
10,4,330
10,5,304
10,6,329
10,7,332
10,8,571
10,9,323
10,10,367
10,11,322
10,12,353
10,13,386
10,14,364
10,15,342
10,16,368
10,17,326
10,18,360
10,19,321
10,20,355
10,21,313
10,22,366
10,23,2415
10,24,363
10,25,336
10,26,362
10,27,356
10,28,815
10,29,343
10,30,448
10,31,362
10,32,391
10,33,364
10,34,414
10,35,380
10,36,412
10,37,417
10,38,538
10,39,411
10,40,439
10,41,399
10,42,444
10,43,413
10,44,421
10,45,338
10,46,344
10,47,285
10,48,253
10,49,270
10,50,232
10,51,319
10,52,334
10,53,242
10,54,269
10,55,273
10,56,265
10,57,239
10,58,261
10,59,386
10,60,260
10,61,271
10,62,259
10,63,234
10,64,308
10,65,232
10,66,244
10,67,251
10,68,280
10,69,239
10,70,250
10,71,410
10,72,240
10,73,354
10,74,246
10,75,248
10,76,277
10,77,256
10,78,248
10,79,236
10,80,260
10,81,231
10,82,224
10,83,233
10,84,227
10,85,212
10,86,227
10,87,224
10,88,282
10,89,218
10,90,232
10,91,228
10,92,268
10,93,216
10,94,218
10,95,233
10,96,214
10,97,229
10,98,217
10,99,232
10,100,222
10,101,215
10,102,212
10,103,278
10,104,215
10,105,210
10,106,200
10,107,210
10,108,215
10,109,210
10,110,203
10,111,207
10,112,207
10,113,195
10,114,210
10,115,197
10,116,205
10,117,195
10,118,206
10,119,223
10,120,204
10,121,190
10,122,208
10,123,180
10,124,225
10,125,177
10,126,199
10,127,187
10,128,192
10,129,162
10,130,189
10,131,160
10,132,174
10,133,156
10,134,138
10,135,165
10,136,117
10,137,142
10,138,137
10,139,158
10,140,134
10,141,139
10,142,125
10,143,1517
10,144,425
10,145,160
10,146,126
10,147,143
10,148,212
10,149,147
10,150,141
10,151,145
10,152,139
10,153,145
10,154,133
10,155,183
10,156,147
10,157,187
10,158,161
10,159,165
10,160,199
10,161,181
10,162,149
10,163,155
10,164,150
10,165,154
10,166,155
10,167,159
10,168,152
10,169,162
10,170,173
10,171,184
10,172,157
10,173,169
10,174,188
10,175,159
10,176,155
10,177,174
10,178,194
10,179,1847
10,180,165
10,181,193
10,182,167
10,183,214
10,184,175
10,185,200
10,186,149
10,187,174
10,188,192
10,189,189
10,190,150
10,191,209
10,192,165
10,193,186
10,194,153
10,195,186
10,196,161
10,197,217
10,198,193
10,199,185
10,200,169
10,201,201
10,202,178
10,203,199
10,204,165
10,205,207
10,206,173
10,207,212
10,208,174
10,209,221
10,210,1513
10,211,255
10,212,176
10,213,335
10,214,207
10,215,350
10,216,176
10,217,247
10,218,192
10,219,275
10,220,204
10,221,717
10,222,204
10,223,279
10,224,216
10,225,298
10,226,219
10,227,308
10,228,221
10,229,312
10,230,245
10,231,306
10,232,248
10,233,340
10,234,264
10,235,3481
10,236,281
10,237,365
10,238,358
10,239,384
10,240,331
10,241,399
10,242,365
10,243,429
10,244,372
10,245,630
10,246,453
10,247,468
10,248,419
10,249,508
10,250,440
10,251,514
10,252,475
10,253,519
10,254,548
10,255,506
10,256,425
11,1,285
11,2,325
11,3,303
11,4,330
11,5,303
11,6,330
11,7,333
11,8,576
11,9,324
11,10,366
11,11,325
11,12,351
11,13,386
11,14,363
11,15,343
11,16,367
11,17,328
11,18,360
11,19,322
11,20,355
11,21,314
11,22,364
11,23,2411
11,24,361
11,25,337
11,26,363
11,27,356
11,28,812
11,29,344
11,30,450
11,31,364
11,32,393
11,33,362
11,34,410
11,35,380
11,36,412
11,37,415
11,38,537
11,39,409
11,40,438
11,41,399
11,42,441
11,43,414
11,44,422
11,45,339
11,46,342
11,47,284
11,48,252
11,49,268
11,50,231
11,51,315
11,52,331
11,53,241
11,54,271
11,55,271
11,56,264
11,57,239
11,58,261
11,59,386
11,60,258
11,61,269
11,62,258
11,63,234
11,64,308
11,65,232
11,66,246
11,67,250
11,68,278
11,69,239
11,70,247
11,71,409
11,72,241
11,73,351
11,74,245
11,75,250
11,76,275
11,77,258
11,78,247
11,79,236
11,80,260
11,81,229
11,82,224
11,83,232
11,84,226
11,85,214
11,86,225
11,87,223
11,88,280
11,89,217
11,90,230
11,91,228
11,92,270
11,93,215
11,94,218
11,95,234
11,96,214
11,97,229
11,98,218
11,99,233
11,100,221
11,101,215
11,102,211
11,103,279
11,104,214
11,105,211
11,106,200
11,107,210
11,108,214
11,109,211
11,110,203
11,111,209
11,112,208
11,113,195
11,114,209
11,115,198
11,116,206
11,117,196
11,118,206
11,119,224
11,120,202
11,121,190
11,122,207
11,123,181
11,124,224
11,125,177
11,126,199
11,127,188
11,128,192
11,129,162
11,130,189
11,131,161
11,132,174
11,133,157
11,134,137
11,135,163
11,136,115
11,137,141
11,138,136
11,139,157
11,140,133
11,141,139
11,142,123
11,143,1519
11,144,424
11,145,159
11,146,125
11,147,144
11,148,211
11,149,146
11,150,142
11,151,145
11,152,140
11,153,146
11,154,133
11,155,184
11,156,147
11,157,187
11,158,161
11,159,166
11,160,198
11,161,181
11,162,148
11,163,155
11,164,148
11,165,155
11,166,155
11,167,159
11,168,151
11,169,162
11,170,172
11,171,187
11,172,156
11,173,170
11,174,189
11,175,160
11,176,154
11,177,173
11,178,191
11,179,1850
11,180,168
11,181,192
11,182,166
11,183,215
11,184,176
11,185,200
11,186,148
11,187,173
11,188,193
11,189,189
11,190,150
11,191,210
11,192,164
11,193,187
11,194,151
11,195,186
11,196,160
11,197,214
11,198,191
11,199,184
11,200,169
11,201,202
11,202,177
11,203,200
11,204,164
11,205,207
11,206,173
11,207,213
11,208,174
11,209,220
11,210,1512
11,211,254
11,212,177
11,213,335
11,214,206
11,215,355
11,216,176
11,217,246
11,218,192
11,219,274
11,220,203
11,221,715
11,222,203
11,223,279
11,224,213
11,225,297
11,226,219
11,227,308
11,228,221
11,229,312
11,230,242
11,231,308
11,232,246
11,233,338
11,234,262
11,235,3489
11,236,282
11,237,367
11,238,357
11,239,384
11,240,330
11,241,400
11,242,365
11,243,428
11,244,372
11,245,628
11,246,461
11,247,467
11,248,419
11,249,509
11,250,441
11,251,514
11,252,474
11,253,519
11,254,547
11,255,507
11,256,425
12,1,285
12,2,325
12,3,303
12,4,330
12,5,303
12,6,330
12,7,333
12,8,576
12,9,324
12,10,366
12,11,325
12,12,351
12,13,386
12,14,363
12,15,343
12,16,367
12,17,328
12,18,360
12,19,322
12,20,355
12,21,314
12,22,364
12,23,2411
12,24,361
12,25,337
12,26,363
12,27,356
12,28,812
12,29,344
12,30,450
12,31,364
12,32,393
12,33,362
12,34,410
12,35,380
12,36,412
12,37,415
12,38,537
12,39,409
12,40,438
12,41,399
12,42,441
12,43,414
12,44,422
12,45,339
12,46,342
12,47,284
12,48,252
12,49,268
12,50,231
12,51,315
12,52,331
12,53,241
12,54,271
12,55,271
12,56,264
12,57,239
12,58,261
12,59,386
12,60,258
12,61,269
12,62,258
12,63,234
12,64,308
12,65,232
12,66,246
12,67,250
12,68,278
12,69,239
12,70,247
12,71,409
12,72,241
12,73,351
12,74,245
12,75,250
12,76,275
12,77,258
12,78,247
12,79,236
12,80,260
12,81,229
12,82,224
12,83,232
12,84,226
12,85,214
12,86,225
12,87,223
12,88,280
12,89,217
12,90,230
12,91,228
12,92,270
12,93,215
12,94,218
12,95,234
12,96,214
12,97,229
12,98,218
12,99,233
12,100,221
12,101,215
12,102,211
12,103,279
12,104,214
12,105,211
12,106,200
12,107,210
12,108,214
12,109,211
12,110,203
12,111,209
12,112,208
12,113,195
12,114,209
12,115,198
12,116,206
12,117,196
12,118,206
12,119,224
12,120,202
12,121,190
12,122,207
12,123,181
12,124,224
12,125,177
12,126,199
12,127,188
12,128,192
12,129,162
12,130,189
12,131,161
12,132,174
12,133,157
12,134,137
12,135,163
12,136,115
12,137,141
12,138,136
12,139,157
12,140,133
12,141,139
12,142,123
12,143,1519
12,144,424
12,145,159
12,146,125
12,147,144
12,148,211
12,149,146
12,150,142
12,151,145
12,152,140
12,153,146
12,154,133
12,155,184
12,156,147
12,157,187
12,158,161
12,159,166
12,160,198
12,161,181
12,162,148
12,163,155
12,164,148
12,165,155
12,166,155
12,167,159
12,168,151
12,169,162
12,170,172
12,171,187
12,172,156
12,173,170
12,174,189
12,175,160
12,176,154
12,177,173
12,178,191
12,179,1850
12,180,168
12,181,192
12,182,166
12,183,215
12,184,176
12,185,200
12,186,148
12,187,173
12,188,193
12,189,189
12,190,150
12,191,210
12,192,164
12,193,187
12,194,151
12,195,186
12,196,160
12,197,214
12,198,191
12,199,184
12,200,169
12,201,202
12,202,177
12,203,200
12,204,164
12,205,207
12,206,173
12,207,213
12,208,174
12,209,220
12,210,1512
12,211,254
12,212,177
12,213,335
12,214,206
12,215,355
12,216,176
12,217,246
12,218,192
12,219,274
12,220,203
12,221,715
12,222,203
12,223,279
12,224,213
12,225,297
12,226,219
12,227,308
12,228,221
12,229,312
12,230,242
12,231,308
12,232,246
12,233,338
12,234,262
12,235,3489
12,236,282
12,237,367
12,238,357
12,239,384
12,240,330
12,241,400
12,242,365
12,243,428
12,244,372
12,245,628
12,246,461
12,247,467
12,248,419
12,249,509
12,250,441
12,251,514
12,252,474
12,253,519
12,254,547
12,255,507
12,256,425
13,1,284
13,2,325
13,3,303
13,4,329
13,5,304
13,6,330
13,7,356
13,8,567
13,9,326
13,10,364
13,11,324
13,12,351
13,13,387
13,14,363
13,15,344
13,16,368
13,17,327
13,18,359
13,19,323
13,20,353
13,21,314
13,22,365
13,23,2441
13,24,362
13,25,335
13,26,362
13,27,357
13,28,813
13,29,343
13,30,456
13,31,361
13,32,389
13,33,362
13,34,412
13,35,382
13,36,411
13,37,415
13,38,537
13,39,408
13,40,438
13,41,396
13,42,442
13,43,416
13,44,421
13,45,339
13,46,344
13,47,284
13,48,252
13,49,270
13,50,232
13,51,317
13,52,331
13,53,241
13,54,270
13,55,271
13,56,265
13,57,238
13,58,260
13,59,385
13,60,261
13,61,269
13,62,259
13,63,232
13,64,311
13,65,233
13,66,245
13,67,248
13,68,276
13,69,237
13,70,248
13,71,411
13,72,241
13,73,356
13,74,244
13,75,250
13,76,276
13,77,256
13,78,246
13,79,238
13,80,260
13,81,230
13,82,223
13,83,233
13,84,227
13,85,212
13,86,223
13,87,224
13,88,280
13,89,217
13,90,231
13,91,229
13,92,269
13,93,218
13,94,218
13,95,232
13,96,214
13,97,230
13,98,216
13,99,232
13,100,221
13,101,216
13,102,211
13,103,278
13,104,214
13,105,210
13,106,199
13,107,210
13,108,213
13,109,211
13,110,202
13,111,209
13,112,206
13,113,195
13,114,209
13,115,197
13,116,205
13,117,197
13,118,206
13,119,223
13,120,203
13,121,191
13,122,207
13,123,181
13,124,225
13,125,177
13,126,199
13,127,187
13,128,193
13,129,163
13,130,190
13,131,161
13,132,174
13,133,156
13,134,138
13,135,167
13,136,116
13,137,141
13,138,137
13,139,159
13,140,133
13,141,139
13,142,123
13,143,1520
13,144,424
13,145,158
13,146,124
13,147,143
13,148,203
13,149,146
13,150,141
13,151,144
13,152,140
13,153,146
13,154,133
13,155,184
13,156,146
13,157,186
13,158,160
13,159,165
13,160,198
13,161,182
13,162,150
13,163,155
13,164,149
13,165,155
13,166,155
13,167,159
13,168,151
13,169,163
13,170,172
13,171,186
13,172,157
13,173,171
13,174,187
13,175,159
13,176,155
13,177,173
13,178,193
13,179,1849
13,180,165
13,181,197
13,182,166
13,183,212
13,184,176
13,185,201
13,186,148
13,187,174
13,188,192
13,189,188
13,190,150
13,191,210
13,192,164
13,193,186
13,194,152
13,195,187
13,196,159
13,197,214
13,198,191
13,199,185
13,200,169
13,201,203
13,202,177
13,203,199
13,204,163
13,205,208
13,206,173
13,207,214
13,208,173
13,209,221
13,210,1511
13,211,255
13,212,175
13,213,338
13,214,204
13,215,353
13,216,176
13,217,246
13,218,192
13,219,274
13,220,202
13,221,714
13,222,203
13,223,278
13,224,213
13,225,298
13,226,218
13,227,307
13,228,220
13,229,311
13,230,244
13,231,307
13,232,248
13,233,338
13,234,263
13,235,3478
13,236,282
13,237,367
13,238,358
13,239,387
13,240,331
13,241,399
13,242,366
13,243,427
13,244,370
13,245,628
13,246,459
13,247,468
13,248,418
13,249,505
13,250,438
13,251,514
13,252,476
13,253,519
13,254,544
13,255,506
13,256,425
14,1,284
14,2,325
14,3,303
14,4,329
14,5,304
14,6,330
14,7,356
14,8,567
14,9,326
14,10,364
14,11,324
14,12,351
14,13,387
14,14,363
14,15,344
14,16,368
14,17,327
14,18,359
14,19,323
14,20,353
14,21,314
14,22,365
14,23,2441
14,24,362
14,25,335
14,26,362
14,27,357
14,28,813
14,29,343
14,30,456
14,31,361
14,32,389
14,33,362
14,34,412
14,35,382
14,36,411
14,37,415
14,38,537
14,39,408
14,40,438
14,41,396
14,42,442
14,43,416
14,44,421
14,45,339
14,46,344
14,47,284
14,48,252
14,49,270
14,50,232
14,51,317
14,52,331
14,53,241
14,54,270
14,55,271
14,56,265
14,57,238
14,58,260
14,59,385
14,60,261
14,61,269
14,62,259
14,63,232
14,64,311
14,65,233
14,66,245
14,67,248
14,68,276
14,69,237
14,70,248
14,71,411
14,72,241
14,73,356
14,74,244
14,75,250
14,76,276
14,77,256
14,78,246
14,79,238
14,80,260
14,81,230
14,82,223
14,83,233
14,84,227
14,85,212
14,86,223
14,87,224
14,88,280
14,89,217
14,90,231
14,91,229
14,92,269
14,93,218
14,94,218
14,95,232
14,96,214
14,97,230
14,98,216
14,99,232
14,100,221
14,101,216
14,102,211
14,103,278
14,104,214
14,105,210
14,106,199
14,107,210
14,108,213
14,109,211
14,110,202
14,111,209
14,112,206
14,113,195
14,114,209
14,115,197
14,116,205
14,117,197
14,118,206
14,119,223
14,120,203
14,121,191
14,122,207
14,123,181
14,124,225
14,125,177
14,126,199
14,127,187
14,128,193
14,129,163
14,130,190
14,131,161
14,132,174
14,133,156
14,134,138
14,135,167
14,136,116
14,137,141
14,138,137
14,139,159
14,140,133
14,141,139
14,142,123
14,143,1520
14,144,424
14,145,158
14,146,124
14,147,143
14,148,203
14,149,146
14,150,141
14,151,144
14,152,140
14,153,146
14,154,133
14,155,184
14,156,146
14,157,186
14,158,160
14,159,165
14,160,198
14,161,182
14,162,150
14,163,155
14,164,149
14,165,155
14,166,155
14,167,159
14,168,151
14,169,163
14,170,172
14,171,186
14,172,157
14,173,171
14,174,187
14,175,159
14,176,155
14,177,173
14,178,193
14,179,1849
14,180,165
14,181,197
14,182,166
14,183,212
14,184,176
14,185,201
14,186,148
14,187,174
14,188,192
14,189,188
14,190,150
14,191,210
14,192,164
14,193,186
14,194,152
14,195,187
14,196,159
14,197,214
14,198,191
14,199,185
14,200,169
14,201,203
14,202,177
14,203,199
14,204,163
14,205,208
14,206,173
14,207,214
14,208,173
14,209,221
14,210,1511
14,211,255
14,212,175
14,213,338
14,214,204
14,215,353
14,216,176
14,217,246
14,218,192
14,219,274
14,220,202
14,221,714
14,222,203
14,223,278
14,224,213
14,225,298
14,226,218
14,227,307
14,228,220
14,229,311
14,230,244
14,231,307
14,232,248
14,233,338
14,234,263
14,235,3478
14,236,282
14,237,367
14,238,358
14,239,387
14,240,331
14,241,399
14,242,366
14,243,427
14,244,370
14,245,628
14,246,459
14,247,468
14,248,418
14,249,505
14,250,438
14,251,514
14,252,476
14,253,519
14,254,544
14,255,506
14,256,425
15,1,285
15,2,325
15,3,304
15,4,330
15,5,306
15,6,329
15,7,333
15,8,565
15,9,324
15,10,364
15,11,322
15,12,351
15,13,387
15,14,363
15,15,344
15,16,368
15,17,327
15,18,361
15,19,321
15,20,354
15,21,315
15,22,367
15,23,2455
15,24,362
15,25,337
15,26,363
15,27,355
15,28,813
15,29,343
15,30,459
15,31,363
15,32,392
15,33,363
15,34,413
15,35,381
15,36,411
15,37,416
15,38,536
15,39,407
15,40,437
15,41,399
15,42,442
15,43,414
15,44,421
15,45,339
15,46,344
15,47,285
15,48,251
15,49,266
15,50,232
15,51,320
15,52,333
15,53,241
15,54,269
15,55,269
15,56,264
15,57,240
15,58,261
15,59,387
15,60,259
15,61,270
15,62,258
15,63,234
15,64,308
15,65,232
15,66,245
15,67,249
15,68,277
15,69,239
15,70,250
15,71,411
15,72,241
15,73,349
15,74,245
15,75,248
15,76,276
15,77,256
15,78,248
15,79,236
15,80,261
15,81,231
15,82,223
15,83,232
15,84,227
15,85,214
15,86,227
15,87,223
15,88,281
15,89,217
15,90,233
15,91,229
15,92,269
15,93,218
15,94,218
15,95,231
15,96,214
15,97,230
15,98,218
15,99,232
15,100,221
15,101,216
15,102,211
15,103,280
15,104,215
15,105,211
15,106,200
15,107,210
15,108,214
15,109,211
15,110,202
15,111,210
15,112,208
15,113,194
15,114,210
15,115,198
15,116,205
15,117,196
15,118,206
15,119,225
15,120,203
15,121,190
15,122,206
15,123,180
15,124,222
15,125,177
15,126,199
15,127,189
15,128,193
15,129,163
15,130,189
15,131,162
15,132,174
15,133,156
15,134,138
15,135,166
15,136,117
15,137,143
15,138,137
15,139,158
15,140,133
15,141,139
15,142,123
15,143,1522
15,144,422
15,145,158
15,146,125
15,147,145
15,148,211
15,149,148
15,150,141
15,151,144
15,152,140
15,153,147
15,154,133
15,155,185
15,156,147
15,157,187
15,158,160
15,159,166
15,160,198
15,161,181
15,162,149
15,163,155
15,164,149
15,165,155
15,166,155
15,167,159
15,168,151
15,169,163
15,170,172
15,171,186
15,172,156
15,173,170
15,174,190
15,175,159
15,176,155
15,177,173
15,178,195
15,179,1850
15,180,164
15,181,189
15,182,165
15,183,213
15,184,175
15,185,201
15,186,148
15,187,174
15,188,192
15,189,188
15,190,149
15,191,210
15,192,163
15,193,187
15,194,151
15,195,187
15,196,159
15,197,214
15,198,192
15,199,185
15,200,170
15,201,202
15,202,178
15,203,201
15,204,165
15,205,208
15,206,174
15,207,213
15,208,173
15,209,221
15,210,1511
15,211,256
15,212,176
15,213,338
15,214,204
15,215,351
15,216,177
15,217,247
15,218,191
15,219,275
15,220,204
15,221,715
15,222,203
15,223,279
15,224,214
15,225,297
15,226,217
15,227,308
15,228,220
15,229,312
15,230,242
15,231,309
15,232,247
15,233,338
15,234,264
15,235,3498
15,236,282
15,237,366
15,238,359
15,239,388
15,240,332
15,241,401
15,242,365
15,243,428
15,244,372
15,245,627
15,246,460
15,247,471
15,248,419
15,249,506
15,250,439
15,251,514
15,252,475
15,253,521
15,254,539
15,255,507
15,256,426
16,1,285
16,2,325
16,3,304
16,4,330
16,5,306
16,6,329
16,7,333
16,8,565
16,9,324
16,10,364
16,11,322
16,12,351
16,13,387
16,14,363
16,15,344
16,16,368
16,17,327
16,18,361
16,19,321
16,20,354
16,21,315
16,22,367
16,23,2455
16,24,362
16,25,337
16,26,363
16,27,355
16,28,813
16,29,343
16,30,459
16,31,363
16,32,392
16,33,363
16,34,413
16,35,381
16,36,411
16,37,416
16,38,536
16,39,407
16,40,437
16,41,399
16,42,442
16,43,414
16,44,421
16,45,339
16,46,344
16,47,285
16,48,251
16,49,266
16,50,232
16,51,320
16,52,333
16,53,241
16,54,269
16,55,269
16,56,264
16,57,240
16,58,261
16,59,387
16,60,259
16,61,270
16,62,258
16,63,234
16,64,308
16,65,232
16,66,245
16,67,249
16,68,277
16,69,239
16,70,250
16,71,411
16,72,241
16,73,349
16,74,245
16,75,248
16,76,276
16,77,256
16,78,248
16,79,236
16,80,261
16,81,231
16,82,223
16,83,232
16,84,227
16,85,214
16,86,227
16,87,223
16,88,281
16,89,217
16,90,233
16,91,229
16,92,269
16,93,218
16,94,218
16,95,231
16,96,214
16,97,230
16,98,218
16,99,232
16,100,221
16,101,216
16,102,211
16,103,280
16,104,215
16,105,211
16,106,200
16,107,210
16,108,214
16,109,211
16,110,202
16,111,210
16,112,208
16,113,194
16,114,210
16,115,198
16,116,205
16,117,196
16,118,206
16,119,225
16,120,203
16,121,190
16,122,206
16,123,180
16,124,222
16,125,177
16,126,199
16,127,189
16,128,193
16,129,163
16,130,189
16,131,162
16,132,174
16,133,156
16,134,138
16,135,166
16,136,117
16,137,143
16,138,137
16,139,158
16,140,133
16,141,139
16,142,123
16,143,1522
16,144,422
16,145,158
16,146,125
16,147,145
16,148,211
16,149,148
16,150,141
16,151,144
16,152,140
16,153,147
16,154,133
16,155,185
16,156,147
16,157,187
16,158,160
16,159,166
16,160,198
16,161,181
16,162,149
16,163,155
16,164,149
16,165,155
16,166,155
16,167,159
16,168,151
16,169,163
16,170,172
16,171,186
16,172,156
16,173,170
16,174,190
16,175,159
16,176,155
16,177,173
16,178,195
16,179,1850
16,180,164
16,181,189
16,182,165
16,183,213
16,184,175
16,185,201
16,186,148
16,187,174
16,188,192
16,189,188
16,190,149
16,191,210
16,192,163
16,193,187
16,194,151
16,195,187
16,196,159
16,197,214
16,198,192
16,199,185
16,200,170
16,201,202
16,202,178
16,203,201
16,204,165
16,205,208
16,206,174
16,207,213
16,208,173
16,209,221
16,210,1511
16,211,256
16,212,176
16,213,338
16,214,204
16,215,351
16,216,177
16,217,247
16,218,191
16,219,275
16,220,204
16,221,715
16,222,203
16,223,279
16,224,214
16,225,297
16,226,217
16,227,308
16,228,220
16,229,312
16,230,242
16,231,309
16,232,247
16,233,338
16,234,264
16,235,3498
16,236,282
16,237,366
16,238,359
16,239,388
16,240,332
16,241,401
16,242,365
16,243,428
16,244,372
16,245,627
16,246,460
16,247,471
16,248,419
16,249,506
16,250,439
16,251,514
16,252,475
16,253,521
16,254,539
16,255,507
16,256,426
17,1,288
17,2,326
17,3,303
17,4,329
17,5,306
17,6,330
17,7,334
17,8,568
17,9,323
17,10,366
17,11,323
17,12,352
17,13,387
17,14,363
17,15,343
17,16,370
17,17,326
17,18,360
17,19,323
17,20,355
17,21,314
17,22,365
17,23,2465
17,24,363
17,25,335
17,26,363
17,27,362
17,28,812
17,29,346
17,30,460
17,31,363
17,32,393
17,33,361
17,34,413
17,35,380
17,36,412
17,37,415
17,38,538
17,39,410
17,40,438
17,41,398
17,42,443
17,43,414
17,44,422
17,45,339
17,46,345
17,47,284
17,48,253
17,49,266
17,50,232
17,51,321
17,52,332
17,53,241
17,54,269
17,55,272
17,56,264
17,57,238
17,58,263
17,59,385
17,60,260
17,61,268
17,62,259
17,63,232
17,64,312
17,65,233
17,66,247
17,67,247
17,68,277
17,69,237
17,70,248
17,71,412
17,72,241
17,73,350
17,74,244
17,75,249
17,76,275
17,77,257
17,78,249
17,79,236
17,80,260
17,81,230
17,82,224
17,83,232
17,84,226
17,85,213
17,86,226
17,87,223
17,88,282
17,89,216
17,90,232
17,91,228
17,92,273
17,93,216
17,94,219
17,95,232
17,96,214
17,97,229
17,98,218
17,99,232
17,100,222
17,101,215
17,102,211
17,103,279
17,104,215
17,105,210
17,106,200
17,107,210
17,108,215
17,109,213
17,110,204
17,111,210
17,112,208
17,113,194
17,114,210
17,115,198
17,116,207
17,117,197
17,118,206
17,119,224
17,120,202
17,121,189
17,122,207
17,123,181
17,124,221
17,125,177
17,126,200
17,127,188
17,128,194
17,129,162
17,130,190
17,131,161
17,132,175
17,133,156
17,134,138
17,135,165
17,136,117
17,137,141
17,138,137
17,139,157
17,140,132
17,141,138
17,142,124
17,143,1520
17,144,423
17,145,159
17,146,126
17,147,143
17,148,212
17,149,146
17,150,141
17,151,144
17,152,140
17,153,145
17,154,133
17,155,185
17,156,148
17,157,188
17,158,161
17,159,165
17,160,191
17,161,180
17,162,149
17,163,155
17,164,150
17,165,155
17,166,156
17,167,158
17,168,151
17,169,163
17,170,172
17,171,186
17,172,157
17,173,170
17,174,194
17,175,160
17,176,155
17,177,173
17,178,196
17,179,1846
17,180,164
17,181,195
17,182,169
17,183,211
17,184,178
17,185,200
17,186,149
17,187,173
17,188,193
17,189,188
17,190,150
17,191,210
17,192,163
17,193,186
17,194,151
17,195,186
17,196,160
17,197,215
17,198,191
17,199,183
17,200,169
17,201,203
17,202,177
17,203,200
17,204,165
17,205,208
17,206,174
17,207,211
17,208,174
17,209,220
17,210,1512
17,211,256
17,212,177
17,213,331
17,214,206
17,215,354
17,216,176
17,217,246
17,218,192
17,219,274
17,220,203
17,221,714
17,222,204
17,223,279
17,224,214
17,225,298
17,226,218
17,227,307
17,228,221
17,229,311
17,230,244
17,231,308
17,232,247
17,233,339
17,234,263
17,235,3492
17,236,282
17,237,366
17,238,360
17,239,386
17,240,331
17,241,400
17,242,365
17,243,428
17,244,373
17,245,631
17,246,470
17,247,468
17,248,419
17,249,504
17,250,439
17,251,514
17,252,475
17,253,517
17,254,539
17,255,506
17,256,426
18,1,288
18,2,326
18,3,303
18,4,329
18,5,306
18,6,330
18,7,334
18,8,568
18,9,323
18,10,366
18,11,323
18,12,352
18,13,387
18,14,363
18,15,343
18,16,370
18,17,326
18,18,360
18,19,323
18,20,355
18,21,314
18,22,365
18,23,2465
18,24,363
18,25,335
18,26,363
18,27,362
18,28,812
18,29,346
18,30,460
18,31,363
18,32,393
18,33,361
18,34,413
18,35,380
18,36,412
18,37,415
18,38,538
18,39,410
18,40,438
18,41,398
18,42,443
18,43,414
18,44,422
18,45,339
18,46,345
18,47,284
18,48,253
18,49,266
18,50,232
18,51,321
18,52,332
18,53,241
18,54,269
18,55,272
18,56,264
18,57,238
18,58,263
18,59,385
18,60,260
18,61,268
18,62,259
18,63,232
18,64,312
18,65,233
18,66,247
18,67,247
18,68,277
18,69,237
18,70,248
18,71,412
18,72,241
18,73,350
18,74,244
18,75,249
18,76,275
18,77,257
18,78,249
18,79,236
18,80,260
18,81,230
18,82,224
18,83,232
18,84,226
18,85,213
18,86,226
18,87,223
18,88,282
18,89,216
18,90,232
18,91,228
18,92,273
18,93,216
18,94,219
18,95,232
18,96,214
18,97,229
18,98,218
18,99,232
18,100,222
18,101,215
18,102,211
18,103,279
18,104,215
18,105,210
18,106,200
18,107,210
18,108,215
18,109,213
18,110,204
18,111,210
18,112,208
18,113,194
18,114,210
18,115,198
18,116,207
18,117,197
18,118,206
18,119,224
18,120,202
18,121,189
18,122,207
18,123,181
18,124,221
18,125,177
18,126,200
18,127,188
18,128,194
18,129,162
18,130,190
18,131,161
18,132,175
18,133,156
18,134,138
18,135,165
18,136,117
18,137,141
18,138,137
18,139,157
18,140,132
18,141,138
18,142,124
18,143,1520
18,144,423
18,145,159
18,146,126
18,147,143
18,148,212
18,149,146
18,150,141
18,151,144
18,152,140
18,153,145
18,154,133
18,155,185
18,156,148
18,157,188
18,158,161
18,159,165
18,160,191
18,161,180
18,162,149
18,163,155
18,164,150
18,165,155
18,166,156
18,167,158
18,168,151
18,169,163
18,170,172
18,171,186
18,172,157
18,173,170
18,174,194
18,175,160
18,176,155
18,177,173
18,178,196
18,179,1846
18,180,164
18,181,195
18,182,169
18,183,211
18,184,178
18,185,200
18,186,149
18,187,173
18,188,193
18,189,188
18,190,150
18,191,210
18,192,163
18,193,186
18,194,151
18,195,186
18,196,160
18,197,215
18,198,191
18,199,183
18,200,169
18,201,203
18,202,177
18,203,200
18,204,165
18,205,208
18,206,174
18,207,211
18,208,174
18,209,220
18,210,1512
18,211,256
18,212,177
18,213,331
18,214,206
18,215,354
18,216,176
18,217,246
18,218,192
18,219,274
18,220,203
18,221,714
18,222,204
18,223,279
18,224,214
18,225,298
18,226,218
18,227,307
18,228,221
18,229,311
18,230,244
18,231,308
18,232,247
18,233,339
18,234,263
18,235,3492
18,236,282
18,237,366
18,238,360
18,239,386
18,240,331
18,241,400
18,242,365
18,243,428
18,244,373
18,245,631
18,246,470
18,247,468
18,248,419
18,249,504
18,250,439
18,251,514
18,252,475
18,253,517
18,254,539
18,255,506
18,256,426
19,1,284
19,2,324
19,3,304
19,4,330
19,5,305
19,6,329
19,7,334
19,8,574
19,9,325
19,10,367
19,11,324
19,12,352
19,13,386
19,14,363
19,15,344
19,16,368
19,17,327
19,18,359
19,19,322
19,20,354
19,21,313
19,22,365
19,23,2409
19,24,361
19,25,336
19,26,362
19,27,361
19,28,812
19,29,345
19,30,455
19,31,362
19,32,392
19,33,362
19,34,412
19,35,380
19,36,411
19,37,417
19,38,535
19,39,411
19,40,437
19,41,400
19,42,443
19,43,415
19,44,421
19,45,339
19,46,343
19,47,286
19,48,251
19,49,270
19,50,232
19,51,320
19,52,327
19,53,239
19,54,270
19,55,271
19,56,265
19,57,239
19,58,260
19,59,385
19,60,260
19,61,270
19,62,258
19,63,233
19,64,311
19,65,231
19,66,246
19,67,250
19,68,282
19,69,237
19,70,249
19,71,410
19,72,240
19,73,351
19,74,245
19,75,250
19,76,275
19,77,256
19,78,248
19,79,237
19,80,263
19,81,231
19,82,223
19,83,232
19,84,225
19,85,214
19,86,227
19,87,225
19,88,280
19,89,217
19,90,232
19,91,228
19,92,266
19,93,217
19,94,219
19,95,232
19,96,214
19,97,229
19,98,217
19,99,232
19,100,221
19,101,215
19,102,211
19,103,279
19,104,215
19,105,211
19,106,199
19,107,210
19,108,214
19,109,212
19,110,202
19,111,208
19,112,206
19,113,195
19,114,209
19,115,197
19,116,205
19,117,196
19,118,205
19,119,224
19,120,202
19,121,189
19,122,207
19,123,182
19,124,220
19,125,178
19,126,198
19,127,187
19,128,192
19,129,163
19,130,189
19,131,160
19,132,173
19,133,156
19,134,137
19,135,165
19,136,116
19,137,142
19,138,137
19,139,157
19,140,132
19,141,139
19,142,123
19,143,1519
19,144,424
19,145,159
19,146,125
19,147,143
19,148,210
19,149,146
19,150,141
19,151,145
19,152,139
19,153,146
19,154,132
19,155,183
19,156,147
19,157,185
19,158,161
19,159,165
19,160,197
19,161,182
19,162,148
19,163,156
19,164,149
19,165,155
19,166,155
19,167,158
19,168,150
19,169,163
19,170,173
19,171,187
19,172,156
19,173,170
19,174,190
19,175,160
19,176,154
19,177,173
19,178,195
19,179,1844
19,180,164
19,181,191
19,182,167
19,183,213
19,184,176
19,185,200
19,186,147
19,187,175
19,188,192
19,189,189
19,190,150
19,191,210
19,192,163
19,193,185
19,194,151
19,195,186
19,196,159
19,197,213
19,198,191
19,199,183
19,200,169
19,201,202
19,202,176
19,203,200
19,204,163
19,205,207
19,206,174
19,207,212
19,208,173
19,209,221
19,210,1509
19,211,255
19,212,176
19,213,334
19,214,203
19,215,354
19,216,177
19,217,246
19,218,193
19,219,274
19,220,202
19,221,712
19,222,203
19,223,278
19,224,213
19,225,297
19,226,218
19,227,308
19,228,220
19,229,311
19,230,243
19,231,307
19,232,247
19,233,337
19,234,263
19,235,3494
19,236,282
19,237,367
19,238,358
19,239,386
19,240,331
19,241,400
19,242,366
19,243,428
19,244,372
19,245,631
19,246,458
19,247,468
19,248,419
19,249,507
19,250,439
19,251,514
19,252,474
19,253,520
19,254,542
19,255,505
19,256,425
20,1,284
20,2,324
20,3,304
20,4,330
20,5,305
20,6,329
20,7,334
20,8,574
20,9,325
20,10,367
20,11,324
20,12,352
20,13,386
20,14,363
20,15,344
20,16,368
20,17,327
20,18,359
20,19,322
20,20,354
20,21,313
20,22,365
20,23,2409
20,24,361
20,25,336
20,26,362
20,27,361
20,28,812
20,29,345
20,30,455
20,31,362
20,32,392
20,33,362
20,34,412
20,35,380
20,36,411
20,37,417
20,38,535
20,39,411
20,40,437
20,41,400
20,42,443
20,43,415
20,44,421
20,45,339
20,46,343
20,47,286
20,48,251
20,49,270
20,50,232
20,51,320
20,52,327
20,53,239
20,54,270
20,55,271
20,56,265
20,57,239
20,58,260
20,59,385
20,60,260
20,61,270
20,62,258
20,63,233
20,64,311
20,65,231
20,66,246
20,67,250
20,68,282
20,69,237
20,70,249
20,71,410
20,72,240
20,73,351
20,74,245
20,75,250
20,76,275
20,77,256
20,78,248
20,79,237
20,80,263
20,81,231
20,82,223
20,83,232
20,84,225
20,85,214
20,86,227
20,87,225
20,88,280
20,89,217
20,90,232
20,91,228
20,92,266
20,93,217
20,94,219
20,95,232
20,96,214
20,97,229
20,98,217
20,99,232
20,100,221
20,101,215
20,102,211
20,103,279
20,104,215
20,105,211
20,106,199
20,107,210
20,108,214
20,109,212
20,110,202
20,111,208
20,112,206
20,113,195
20,114,209
20,115,197
20,116,205
20,117,196
20,118,205
20,119,224
20,120,202
20,121,189
20,122,207
20,123,182
20,124,220
20,125,178
20,126,198
20,127,187
20,128,192
20,129,163
20,130,189
20,131,160
20,132,173
20,133,156
20,134,137
20,135,165
20,136,116
20,137,142
20,138,137
20,139,157
20,140,132
20,141,139
20,142,123
20,143,1519
20,144,424
20,145,159
20,146,125
20,147,143
20,148,210
20,149,146
20,150,141
20,151,145
20,152,139
20,153,146
20,154,132
20,155,183
20,156,147
20,157,185
20,158,161
20,159,165
20,160,197
20,161,182
20,162,148
20,163,156
20,164,149
20,165,155
20,166,155
20,167,158
20,168,150
20,169,163
20,170,173
20,171,187
20,172,156
20,173,170
20,174,190
20,175,160
20,176,154
20,177,173
20,178,195
20,179,1844
20,180,164
20,181,191
20,182,167
20,183,213
20,184,176
20,185,200
20,186,147
20,187,175
20,188,192
20,189,189
20,190,150
20,191,210
20,192,163
20,193,185
20,194,151
20,195,186
20,196,159
20,197,213
20,198,191
20,199,183
20,200,169
20,201,202
20,202,176
20,203,200
20,204,163
20,205,207
20,206,174
20,207,212
20,208,173
20,209,221
20,210,1509
20,211,255
20,212,176
20,213,334
20,214,203
20,215,354
20,216,177
20,217,246
20,218,193
20,219,274
20,220,202
20,221,712
20,222,203
20,223,278
20,224,213
20,225,297
20,226,218
20,227,308
20,228,220
20,229,311
20,230,243
20,231,307
20,232,247
20,233,337
20,234,263
20,235,3494
20,236,282
20,237,367
20,238,358
20,239,386
20,240,331
20,241,400
20,242,366
20,243,428
20,244,372
20,245,631
20,246,458
20,247,468
20,248,419
20,249,507
20,250,439
20,251,514
20,252,474
20,253,520
20,254,542
20,255,505
20,256,425
21,1,283
21,2,323
21,3,304
21,4,330
21,5,306
21,6,328
21,7,335
21,8,557
21,9,325
21,10,365
21,11,323
21,12,352
21,13,387
21,14,363
21,15,345
21,16,367
21,17,327
21,18,360
21,19,321
21,20,353
21,21,314
21,22,366
21,23,2413
21,24,360
21,25,337
21,26,364
21,27,356
21,28,812
21,29,343
21,30,459
21,31,363
21,32,393
21,33,363
21,34,411
21,35,380
21,36,411
21,37,415
21,38,536
21,39,410
21,40,439
21,41,400
21,42,444
21,43,414
21,44,421
21,45,342
21,46,344
21,47,285
21,48,252
21,49,276
21,50,232
21,51,328
21,52,331
21,53,241
21,54,271
21,55,274
21,56,265
21,57,238
21,58,261
21,59,386
21,60,261
21,61,270
21,62,258
21,63,233
21,64,313
21,65,233
21,66,246
21,67,248
21,68,279
21,69,238
21,70,249
21,71,409
21,72,240
21,73,353
21,74,245
21,75,248
21,76,275
21,77,256
21,78,249
21,79,237
21,80,260
21,81,229
21,82,223
21,83,231
21,84,226
21,85,214
21,86,226
21,87,225
21,88,281
21,89,218
21,90,232
21,91,229
21,92,272
21,93,217
21,94,218
21,95,232
21,96,213
21,97,230
21,98,217
21,99,231
21,100,221
21,101,217
21,102,211
21,103,280
21,104,215
21,105,210
21,106,200
21,107,210
21,108,214
21,109,210
21,110,202
21,111,210
21,112,207
21,113,195
21,114,210
21,115,198
21,116,207
21,117,196
21,118,206
21,119,222
21,120,203
21,121,192
21,122,209
21,123,182
21,124,221
21,125,177
21,126,200
21,127,188
21,128,193
21,129,163
21,130,190
21,131,161
21,132,176
21,133,156
21,134,138
21,135,166
21,136,116
21,137,142
21,138,137
21,139,158
21,140,133
21,141,140
21,142,124
21,143,1521
21,144,424
21,145,159
21,146,125
21,147,145
21,148,214
21,149,146
21,150,141
21,151,145
21,152,139
21,153,147
21,154,133
21,155,185
21,156,146
21,157,185
21,158,161
21,159,165
21,160,197
21,161,181
21,162,148
21,163,155
21,164,149
21,165,156
21,166,156
21,167,158
21,168,152
21,169,163
21,170,172
21,171,186
21,172,156
21,173,169
21,174,190
21,175,161
21,176,155
21,177,173
21,178,195
21,179,1850
21,180,165
21,181,191
21,182,165
21,183,213
21,184,175
21,185,200
21,186,150
21,187,174
21,188,191
21,189,188
21,190,151
21,191,210
21,192,163
21,193,187
21,194,151
21,195,186
21,196,159
21,197,215
21,198,193
21,199,185
21,200,169
21,201,202
21,202,178
21,203,200
21,204,164
21,205,208
21,206,174
21,207,214
21,208,174
21,209,222
21,210,1510
21,211,255
21,212,176
21,213,330
21,214,204
21,215,354
21,216,177
21,217,246
21,218,190
21,219,275
21,220,203
21,221,713
21,222,204
21,223,279
21,224,213
21,225,299
21,226,217
21,227,308
21,228,220
21,229,312
21,230,244
21,231,308
21,232,247
21,233,338
21,234,263
21,235,3494
21,236,282
21,237,367
21,238,359
21,239,387
21,240,330
21,241,399
21,242,366
21,243,427
21,244,372
21,245,627
21,246,456
21,247,468
21,248,419
21,249,506
21,250,440
21,251,512
21,252,474
21,253,518
21,254,542
21,255,506
21,256,426
22,1,283
22,2,323
22,3,304
22,4,330
22,5,306
22,6,328
22,7,335
22,8,557
22,9,325
22,10,365
22,11,323
22,12,352
22,13,387
22,14,363
22,15,345
22,16,367
22,17,327
22,18,360
22,19,321
22,20,353
22,21,314
22,22,366
22,23,2413
22,24,360
22,25,337
22,26,364
22,27,356
22,28,812
22,29,343
22,30,459
22,31,363
22,32,393
22,33,363
22,34,411
22,35,380
22,36,411
22,37,415
22,38,536
22,39,410
22,40,439
22,41,400
22,42,444
22,43,414
22,44,421
22,45,342
22,46,344
22,47,285
22,48,252
22,49,276
22,50,232
22,51,328
22,52,331
22,53,241
22,54,271
22,55,274
22,56,265
22,57,238
22,58,261
22,59,386
22,60,261
22,61,270
22,62,258
22,63,233
22,64,313
22,65,233
22,66,246
22,67,248
22,68,279
22,69,238
22,70,249
22,71,409
22,72,240
22,73,353
22,74,245
22,75,248
22,76,275
22,77,256
22,78,249
22,79,237
22,80,260
22,81,229
22,82,223
22,83,231
22,84,226
22,85,214
22,86,226
22,87,225
22,88,281
22,89,218
22,90,232
22,91,229
22,92,272
22,93,217
22,94,218
22,95,232
22,96,213
22,97,230
22,98,217
22,99,231
22,100,221
22,101,217
22,102,211
22,103,280
22,104,215
22,105,210
22,106,200
22,107,210
22,108,214
22,109,210
22,110,202
22,111,210
22,112,207
22,113,195
22,114,210
22,115,198
22,116,207
22,117,196
22,118,206
22,119,222
22,120,203
22,121,192
22,122,209
22,123,182
22,124,221
22,125,177
22,126,200
22,127,188
22,128,193
22,129,163
22,130,190
22,131,161
22,132,176
22,133,156
22,134,138
22,135,166
22,136,116
22,137,142
22,138,137
22,139,158
22,140,133
22,141,140
22,142,124
22,143,1521
22,144,424
22,145,159
22,146,125
22,147,145
22,148,214
22,149,146
22,150,141
22,151,145
22,152,139
22,153,147
22,154,133
22,155,185
22,156,146
22,157,185
22,158,161
22,159,165
22,160,197
22,161,181
22,162,148
22,163,155
22,164,149
22,165,156
22,166,156
22,167,158
22,168,152
22,169,163
22,170,172
22,171,186
22,172,156
22,173,169
22,174,190
22,175,161
22,176,155
22,177,173
22,178,195
22,179,1850
22,180,165
22,181,191
22,182,165
22,183,213
22,184,175
22,185,200
22,186,150
22,187,174
22,188,191
22,189,188
22,190,151
22,191,210
22,192,163
22,193,187
22,194,151
22,195,186
22,196,159
22,197,215
22,198,193
22,199,185
22,200,169
22,201,202
22,202,178
22,203,200
22,204,164
22,205,208
22,206,174
22,207,214
22,208,174
22,209,222
22,210,1510
22,211,255
22,212,176
22,213,330
22,214,204
22,215,354
22,216,177
22,217,246
22,218,190
22,219,275
22,220,203
22,221,713
22,222,204
22,223,279
22,224,213
22,225,299
22,226,217
22,227,308
22,228,220
22,229,312
22,230,244
22,231,308
22,232,247
22,233,338
22,234,263
22,235,3494
22,236,282
22,237,367
22,238,359
22,239,387
22,240,330
22,241,399
22,242,366
22,243,427
22,244,372
22,245,627
22,246,456
22,247,468
22,248,419
22,249,506
22,250,440
22,251,512
22,252,474
22,253,518
22,254,542
22,255,506
22,256,426
23,1,286
23,2,325
23,3,305
23,4,331
23,5,305
23,6,329
23,7,334
23,8,564
23,9,326
23,10,366
23,11,324
23,12,352
23,13,390
23,14,363
23,15,344
23,16,371
23,17,328
23,18,360
23,19,323
23,20,355
23,21,314
23,22,366
23,23,2414
23,24,362
23,25,336
23,26,362
23,27,354
23,28,812
23,29,344
23,30,450
23,31,363
23,32,394
23,33,363
23,34,412
23,35,381
23,36,412
23,37,419
23,38,537
23,39,410
23,40,437
23,41,400
23,42,444
23,43,415
23,44,421
23,45,339
23,46,345
23,47,284
23,48,253
23,49,273
23,50,233
23,51,317
23,52,327
23,53,241
23,54,270
23,55,274
23,56,265
23,57,238
23,58,261
23,59,387
23,60,261
23,61,270
23,62,259
23,63,234
23,64,313
23,65,234
23,66,246
23,67,250
23,68,280
23,69,241
23,70,249
23,71,411
23,72,240
23,73,351
23,74,244
23,75,250
23,76,276
23,77,257
23,78,249
23,79,236
23,80,259
23,81,231
23,82,223
23,83,232
23,84,226
23,85,213
23,86,227
23,87,225
23,88,311
23,89,323
23,90,232
23,91,229
23,92,275
23,93,216
23,94,219
23,95,232
23,96,214
23,97,230
23,98,220
23,99,232
23,100,221
23,101,215
23,102,212
23,103,281
23,104,215
23,105,211
23,106,201
23,107,211
23,108,213
23,109,212
23,110,203
23,111,209
23,112,208
23,113,194
23,114,210
23,115,199
23,116,206
23,117,196
23,118,206
23,119,223
23,120,203
23,121,190
23,122,207
23,123,181
23,124,221
23,125,177
23,126,199
23,127,188
23,128,194
23,129,163
23,130,190
23,131,161
23,132,175
23,133,156
23,134,138
23,135,166
23,136,116
23,137,142
23,138,137
23,139,158
23,140,133
23,141,140
23,142,123
23,143,1524
23,144,424
23,145,161
23,146,126
23,147,144
23,148,213
23,149,146
23,150,140
23,151,146
23,152,139
23,153,145
23,154,134
23,155,185
23,156,148
23,157,186
23,158,160
23,159,165
23,160,197
23,161,181
23,162,149
23,163,155
23,164,149
23,165,155
23,166,155
23,167,159
23,168,152
23,169,162
23,170,172
23,171,188
23,172,157
23,173,169
23,174,189
23,175,160
23,176,155
23,177,173
23,178,192
23,179,1856
23,180,165
23,181,196
23,182,166
23,183,215
23,184,176
23,185,200
23,186,149
23,187,174
23,188,192
23,189,188
23,190,150
23,191,210
23,192,164
23,193,186
23,194,152
23,195,188
23,196,160
23,197,215
23,198,193
23,199,183
23,200,169
23,201,203
23,202,179
23,203,199
23,204,165
23,205,209
23,206,174
23,207,214
23,208,174
23,209,221
23,210,1512
23,211,256
23,212,176
23,213,333
23,214,204
23,215,354
23,216,176
23,217,247
23,218,193
23,219,274
23,220,203
23,221,715
23,222,204
23,223,279
23,224,214
23,225,299
23,226,219
23,227,306
23,228,220
23,229,312
23,230,242
23,231,307
23,232,248
23,233,340
23,234,263
23,235,3477
23,236,281
23,237,365
23,238,357
23,239,388
23,240,331
23,241,401
23,242,367
23,243,429
23,244,373
23,245,630
23,246,464
23,247,467
23,248,419
23,249,508
23,250,441
23,251,513
23,252,476
23,253,519
23,254,548
23,255,505
23,256,425
24,1,286
24,2,325
24,3,305
24,4,331
24,5,305
24,6,329
24,7,334
24,8,564
24,9,326
24,10,366
24,11,324
24,12,352
24,13,390
24,14,363
24,15,344
24,16,371
24,17,328
24,18,360
24,19,323
24,20,355
24,21,314
24,22,366
24,23,2414
24,24,362
24,25,336
24,26,362
24,27,354
24,28,812
24,29,344
24,30,450
24,31,363
24,32,394
24,33,363
24,34,412
24,35,381
24,36,412
24,37,419
24,38,537
24,39,410
24,40,437
24,41,400
24,42,444
24,43,415
24,44,421
24,45,339
24,46,345
24,47,284
24,48,253
24,49,273
24,50,233
24,51,317
24,52,327
24,53,241
24,54,270
24,55,274
24,56,265
24,57,238
24,58,261
24,59,387
24,60,261
24,61,270
24,62,259
24,63,234
24,64,313
24,65,234
24,66,246
24,67,250
24,68,280
24,69,241
24,70,249
24,71,411
24,72,240
24,73,351
24,74,244
24,75,250
24,76,276
24,77,257
24,78,249
24,79,236
24,80,259
24,81,231
24,82,223
24,83,232
24,84,226
24,85,213
24,86,227
24,87,225
24,88,311
24,89,323
24,90,232
24,91,229
24,92,275
24,93,216
24,94,219
24,95,232
24,96,214
24,97,230
24,98,220
24,99,232
24,100,221
24,101,215
24,102,212
24,103,281
24,104,215
24,105,211
24,106,201
24,107,211
24,108,213
24,109,212
24,110,203
24,111,209
24,112,208
24,113,194
24,114,210
24,115,199
24,116,206
24,117,196
24,118,206
24,119,223
24,120,203
24,121,190
24,122,207
24,123,181
24,124,221
24,125,177
24,126,199
24,127,188
24,128,194
24,129,163
24,130,190
24,131,161
24,132,175
24,133,156
24,134,138
24,135,166
24,136,116
24,137,142
24,138,137
24,139,158
24,140,133
24,141,140
24,142,123
24,143,1524
24,144,424
24,145,161
24,146,126
24,147,144
24,148,213
24,149,146
24,150,140
24,151,146
24,152,139
24,153,145
24,154,134
24,155,185
24,156,148
24,157,186
24,158,160
24,159,165
24,160,197
24,161,181
24,162,149
24,163,155
24,164,149
24,165,155
24,166,155
24,167,159
24,168,152
24,169,162
24,170,172
24,171,188
24,172,157
24,173,169
24,174,189
24,175,160
24,176,155
24,177,173
24,178,192
24,179,1856
24,180,165
24,181,196
24,182,166
24,183,215
24,184,176
24,185,200
24,186,149
24,187,174
24,188,192
24,189,188
24,190,150
24,191,210
24,192,164
24,193,186
24,194,152
24,195,188
24,196,160
24,197,215
24,198,193
24,199,183
24,200,169
24,201,203
24,202,179
24,203,199
24,204,165
24,205,209
24,206,174
24,207,214
24,208,174
24,209,221
24,210,1512
24,211,256
24,212,176
24,213,333
24,214,204
24,215,354
24,216,176
24,217,247
24,218,193
24,219,274
24,220,203
24,221,715
24,222,204
24,223,279
24,224,214
24,225,299
24,226,219
24,227,306
24,228,220
24,229,312
24,230,242
24,231,307
24,232,248
24,233,340
24,234,263
24,235,3477
24,236,281
24,237,365
24,238,357
24,239,388
24,240,331
24,241,401
24,242,367
24,243,429
24,244,373
24,245,630
24,246,464
24,247,467
24,248,419
24,249,508
24,250,441
24,251,513
24,252,476
24,253,519
24,254,548
24,255,505
24,256,425
25,1,286
25,2,326
25,3,304
25,4,329
25,5,304
25,6,330
25,7,333
25,8,554
25,9,325
25,10,367
25,11,323
25,12,352
25,13,388
25,14,364
25,15,341
25,16,369
25,17,326
25,18,360
25,19,322
25,20,354
25,21,313
25,22,365
25,23,2412
25,24,362
25,25,336
25,26,362
25,27,358
25,28,814
25,29,344
25,30,447
25,31,363
25,32,394
25,33,362
25,34,413
25,35,381
25,36,413
25,37,417
25,38,535
25,39,412
25,40,439
25,41,402
25,42,444
25,43,413
25,44,421
25,45,339
25,46,345
25,47,285
25,48,251
25,49,269
25,50,232
25,51,318
25,52,326
25,53,241
25,54,269
25,55,272
25,56,266
25,57,237
25,58,261
25,59,386
25,60,261
25,61,270
25,62,258
25,63,232
25,64,311
25,65,233
25,66,246
25,67,250
25,68,279
25,69,235
25,70,248
25,71,412
25,72,241
25,73,351
25,74,243
25,75,250
25,76,277
25,77,257
25,78,249
25,79,235
25,80,259
25,81,229
25,82,224
25,83,232
25,84,224
25,85,213
25,86,225
25,87,223
25,88,281
25,89,217
25,90,231
25,91,227
25,92,266
25,93,217
25,94,219
25,95,234
25,96,214
25,97,230
25,98,217
25,99,231
25,100,220
25,101,215
25,102,210
25,103,282
25,104,215
25,105,211
25,106,201
25,107,210
25,108,214
25,109,211
25,110,203
25,111,209
25,112,207
25,113,195
25,114,210
25,115,197
25,116,207
25,117,196
25,118,206
25,119,223
25,120,203
25,121,190
25,122,207
25,123,181
25,124,224
25,125,177
25,126,199
25,127,188
25,128,192
25,129,162
25,130,190
25,131,160
25,132,174
25,133,157
25,134,138
25,135,166
25,136,116
25,137,141
25,138,137
25,139,158
25,140,133
25,141,138
25,142,124
25,143,1522
25,144,423
25,145,161
25,146,125
25,147,144
25,148,212
25,149,145
25,150,141
25,151,145
25,152,141
25,153,146
25,154,133
25,155,186
25,156,146
25,157,187
25,158,161
25,159,165
25,160,199
25,161,181
25,162,149
25,163,155
25,164,149
25,165,155
25,166,155
25,167,157
25,168,149
25,169,163
25,170,173
25,171,187
25,172,156
25,173,170
25,174,186
25,175,159
25,176,155
25,177,172
25,178,192
25,179,1846
25,180,164
25,181,195
25,182,165
25,183,213
25,184,175
25,185,200
25,186,148
25,187,174
25,188,191
25,189,189
25,190,150
25,191,211
25,192,165
25,193,185
25,194,152
25,195,186
25,196,158
25,197,214
25,198,192
25,199,183
25,200,169
25,201,202
25,202,176
25,203,201
25,204,165
25,205,208
25,206,173
25,207,212
25,208,174
25,209,222
25,210,1510
25,211,255
25,212,177
25,213,330
25,214,204
25,215,352
25,216,176
25,217,247
25,218,191
25,219,274
25,220,202
25,221,711
25,222,204
25,223,279
25,224,214
25,225,297
25,226,218
25,227,309
25,228,221
25,229,311
25,230,243
25,231,307
25,232,248
25,233,339
25,234,264
25,235,3478
25,236,284
25,237,365
25,238,361
25,239,391
25,240,329
25,241,400
25,242,367
25,243,428
25,244,373
25,245,627
25,246,457
25,247,466
25,248,420
25,249,503
25,250,440
25,251,514
25,252,475
25,253,518
25,254,550
25,255,506
25,256,426
26,1,286
26,2,326
26,3,304
26,4,329
26,5,304
26,6,330
26,7,333
26,8,554
26,9,325
26,10,367
26,11,323
26,12,352
26,13,388
26,14,364
26,15,341
26,16,369
26,17,326
26,18,360
26,19,322
26,20,354
26,21,313
26,22,365
26,23,2412
26,24,362
26,25,336
26,26,362
26,27,358
26,28,814
26,29,344
26,30,447
26,31,363
26,32,394
26,33,362
26,34,413
26,35,381
26,36,413
26,37,417
26,38,535
26,39,412
26,40,439
26,41,402
26,42,444
26,43,413
26,44,421
26,45,339
26,46,345
26,47,285
26,48,251
26,49,269
26,50,232
26,51,318
26,52,326
26,53,241
26,54,269
26,55,272
26,56,266
26,57,237
26,58,261
26,59,386
26,60,261
26,61,270
26,62,258
26,63,232
26,64,311
26,65,233
26,66,246
26,67,250
26,68,279
26,69,235
26,70,248
26,71,412
26,72,241
26,73,351
26,74,243
26,75,250
26,76,277
26,77,257
26,78,249
26,79,235
26,80,259
26,81,229
26,82,224
26,83,232
26,84,224
26,85,213
26,86,225
26,87,223
26,88,281
26,89,217
26,90,231
26,91,227
26,92,266
26,93,217
26,94,219
26,95,234
26,96,214
26,97,230
26,98,217
26,99,231
26,100,220
26,101,215
26,102,210
26,103,282
26,104,215
26,105,211
26,106,201
26,107,210
26,108,214
26,109,211
26,110,203
26,111,209
26,112,207
26,113,195
26,114,210
26,115,197
26,116,207
26,117,196
26,118,206
26,119,223
26,120,203
26,121,190
26,122,207
26,123,181
26,124,224
26,125,177
26,126,199
26,127,188
26,128,192
26,129,162
26,130,190
26,131,160
26,132,174
26,133,157
26,134,138
26,135,166
26,136,116
26,137,141
26,138,137
26,139,158
26,140,133
26,141,138
26,142,124
26,143,1522
26,144,423
26,145,161
26,146,125
26,147,144
26,148,212
26,149,145
26,150,141
26,151,145
26,152,141
26,153,146
26,154,133
26,155,186
26,156,146
26,157,187
26,158,161
26,159,165
26,160,199
26,161,181
26,162,149
26,163,155
26,164,149
26,165,155
26,166,155
26,167,157
26,168,149
26,169,163
26,170,173
26,171,187
26,172,156
26,173,170
26,174,186
26,175,159
26,176,155
26,177,172
26,178,192
26,179,1846
26,180,164
26,181,195
26,182,165
26,183,213
26,184,175
26,185,200
26,186,148
26,187,174
26,188,191
26,189,189
26,190,150
26,191,211
26,192,165
26,193,185
26,194,152
26,195,186
26,196,158
26,197,214
26,198,192
26,199,183
26,200,169
26,201,202
26,202,176
26,203,201
26,204,165
26,205,208
26,206,173
26,207,212
26,208,174
26,209,222
26,210,1510
26,211,255
26,212,177
26,213,330
26,214,204
26,215,352
26,216,176
26,217,247
26,218,191
26,219,274
26,220,202
26,221,711
26,222,204
26,223,279
26,224,214
26,225,297
26,226,218
26,227,309
26,228,221
26,229,311
26,230,243
26,231,307
26,232,248
26,233,339
26,234,264
26,235,3478
26,236,284
26,237,365
26,238,361
26,239,391
26,240,329
26,241,400
26,242,367
26,243,428
26,244,373
26,245,627
26,246,457
26,247,466
26,248,420
26,249,503
26,250,440
26,251,514
26,252,475
26,253,518
26,254,550
26,255,506
26,256,426
27,1,286
27,2,326
27,3,303
27,4,330
27,5,304
27,6,329
27,7,335
27,8,570
27,9,325
27,10,366
27,11,322
27,12,352
27,13,389
27,14,364
27,15,342
27,16,368
27,17,327
27,18,358
27,19,321
27,20,356
27,21,312
27,22,366
27,23,2517
27,24,362
27,25,338
27,26,363
27,27,357
27,28,811
27,29,344
27,30,459
27,31,361
27,32,394
27,33,362
27,34,412
27,35,382
27,36,411
27,37,419
27,38,537
27,39,410
27,40,438
27,41,398
27,42,444
27,43,413
27,44,422
27,45,340
27,46,343
27,47,284
27,48,252
27,49,270
27,50,232
27,51,318
27,52,329
27,53,241
27,54,271
27,55,275
27,56,265
27,57,238
27,58,261
27,59,386
27,60,260
27,61,270
27,62,259
27,63,232
27,64,305
27,65,234
27,66,245
27,67,250
27,68,278
27,69,235
27,70,247
27,71,411
27,72,240
27,73,349
27,74,245
27,75,250
27,76,276
27,77,256
27,78,248
27,79,235
27,80,259
27,81,230
27,82,224
27,83,231
27,84,227
27,85,213
27,86,226
27,87,223
27,88,281
27,89,218
27,90,231
27,91,229
27,92,271
27,93,218
27,94,218
27,95,233
27,96,213
27,97,229
27,98,217
27,99,232
27,100,220
27,101,215
27,102,211
27,103,278
27,104,214
27,105,211
27,106,200
27,107,209
27,108,213
27,109,210
27,110,202
27,111,209
27,112,207
27,113,194
27,114,210
27,115,198
27,116,205
27,117,195
27,118,207
27,119,222
27,120,202
27,121,190
27,122,208
27,123,181
27,124,223
27,125,177
27,126,199
27,127,188
27,128,191
27,129,163
27,130,190
27,131,161
27,132,175
27,133,156
27,134,137
27,135,166
27,136,117
27,137,142
27,138,136
27,139,158
27,140,134
27,141,139
27,142,124
27,143,1526
27,144,424
27,145,159
27,146,125
27,147,144
27,148,213
27,149,146
27,150,140
27,151,145
27,152,139
27,153,146
27,154,132
27,155,186
27,156,146
27,157,186
27,158,161
27,159,165
27,160,195
27,161,182
27,162,147
27,163,156
27,164,149
27,165,155
27,166,156
27,167,159
27,168,151
27,169,162
27,170,173
27,171,187
27,172,156
27,173,169
27,174,190
27,175,160
27,176,154
27,177,173
27,178,192
27,179,1849
27,180,165
27,181,195
27,182,165
27,183,211
27,184,176
27,185,199
27,186,147
27,187,173
27,188,192
27,189,188
27,190,150
27,191,210
27,192,164
27,193,186
27,194,152
27,195,186
27,196,158
27,197,215
27,198,191
27,199,183
27,200,169
27,201,203
27,202,177
27,203,200
27,204,165
27,205,207
27,206,173
27,207,213
27,208,173
27,209,221
27,210,1510
27,211,255
27,212,175
27,213,333
27,214,203
27,215,352
27,216,176
27,217,246
27,218,192
27,219,275
27,220,203
27,221,714
27,222,203
27,223,278
27,224,214
27,225,297
27,226,218
27,227,307
27,228,222
27,229,312
27,230,243
27,231,307
27,232,247
27,233,338
27,234,262
27,235,3484
27,236,282
27,237,367
27,238,361
27,239,386
27,240,330
27,241,400
27,242,365
27,243,428
27,244,371
27,245,629
27,246,465
27,247,467
27,248,419
27,249,505
27,250,441
27,251,512
27,252,477
27,253,519
27,254,537
27,255,506
27,256,424
28,1,286
28,2,326
28,3,303
28,4,330
28,5,304
28,6,329
28,7,335
28,8,570
28,9,325
28,10,366
28,11,322
28,12,352
28,13,389
28,14,364
28,15,342
28,16,368
28,17,327
28,18,358
28,19,321
28,20,356
28,21,312
28,22,366
28,23,2517
28,24,362
28,25,338
28,26,363
28,27,357
28,28,811
28,29,344
28,30,459
28,31,361
28,32,394
28,33,362
28,34,412
28,35,382
28,36,411
28,37,419
28,38,537
28,39,410
28,40,438
28,41,398
28,42,444
28,43,413
28,44,422
28,45,340
28,46,343
28,47,284
28,48,252
28,49,270
28,50,232
28,51,318
28,52,329
28,53,241
28,54,271
28,55,275
28,56,265
28,57,238
28,58,261
28,59,386
28,60,260
28,61,270
28,62,259
28,63,232
28,64,305
28,65,234
28,66,245
28,67,250
28,68,278
28,69,235
28,70,247
28,71,411
28,72,240
28,73,349
28,74,245
28,75,250
28,76,276
28,77,256
28,78,248
28,79,235
28,80,259
28,81,230
28,82,224
28,83,231
28,84,227
28,85,213
28,86,226
28,87,223
28,88,281
28,89,218
28,90,231
28,91,229
28,92,271
28,93,218
28,94,218
28,95,233
28,96,213
28,97,229
28,98,217
28,99,232
28,100,220
28,101,215
28,102,211
28,103,278
28,104,214
28,105,211
28,106,200
28,107,209
28,108,213
28,109,210
28,110,202
28,111,209
28,112,207
28,113,194
28,114,210
28,115,198
28,116,205
28,117,195
28,118,207
28,119,222
28,120,202
28,121,190
28,122,208
28,123,181
28,124,223
28,125,177
28,126,199
28,127,188
28,128,191
28,129,163
28,130,190
28,131,161
28,132,175
28,133,156
28,134,137
28,135,166
28,136,117
28,137,142
28,138,136
28,139,158
28,140,134
28,141,139
28,142,124
28,143,1526
28,144,424
28,145,159
28,146,125
28,147,144
28,148,213
28,149,146
28,150,140
28,151,145
28,152,139
28,153,146
28,154,132
28,155,186
28,156,146
28,157,186
28,158,161
28,159,165
28,160,195
28,161,182
28,162,147
28,163,156
28,164,149
28,165,155
28,166,156
28,167,159
28,168,151
28,169,162
28,170,173
28,171,187
28,172,156
28,173,169
28,174,190
28,175,160
28,176,154
28,177,173
28,178,192
28,179,1849
28,180,165
28,181,195
28,182,165
28,183,211
28,184,176
28,185,199
28,186,147
28,187,173
28,188,192
28,189,188
28,190,150
28,191,210
28,192,164
28,193,186
28,194,152
28,195,186
28,196,158
28,197,215
28,198,191
28,199,183
28,200,169
28,201,203
28,202,177
28,203,200
28,204,165
28,205,207
28,206,173
28,207,213
28,208,173
28,209,221
28,210,1510
28,211,255
28,212,175
28,213,333
28,214,203
28,215,352
28,216,176
28,217,246
28,218,192
28,219,275
28,220,203
28,221,714
28,222,203
28,223,278
28,224,214
28,225,297
28,226,218
28,227,307
28,228,222
28,229,312
28,230,243
28,231,307
28,232,247
28,233,338
28,234,262
28,235,3484
28,236,282
28,237,367
28,238,361
28,239,386
28,240,330
28,241,400
28,242,365
28,243,428
28,244,371
28,245,629
28,246,465
28,247,467
28,248,419
28,249,505
28,250,441
28,251,512
28,252,477
28,253,519
28,254,537
28,255,506
28,256,424
29,1,286
29,2,323
29,3,303
29,4,330
29,5,303
29,6,330
29,7,334
29,8,557
29,9,326
29,10,365
29,11,323
29,12,352
29,13,388
29,14,363
29,15,344
29,16,368
29,17,327
29,18,359
29,19,323
29,20,355
29,21,314
29,22,366
29,23,2411
29,24,361
29,25,338
29,26,362
29,27,357
29,28,813
29,29,345
29,30,449
29,31,362
29,32,393
29,33,362
29,34,414
29,35,383
29,36,411
29,37,414
29,38,535
29,39,411
29,40,439
29,41,403
29,42,444
29,43,416
29,44,421
29,45,341
29,46,344
29,47,284
29,48,252
29,49,271
29,50,232
29,51,320
29,52,326
29,53,242
29,54,270
29,55,271
29,56,264
29,57,237
29,58,261
29,59,387
29,60,261
29,61,270
29,62,258
29,63,233
29,64,308
29,65,234
29,66,246
29,67,250
29,68,278
29,69,240
29,70,248
29,71,411
29,72,239
29,73,352
29,74,245
29,75,251
29,76,276
29,77,257
29,78,245
29,79,237
29,80,260
29,81,231
29,82,223
29,83,232
29,84,226
29,85,214
29,86,226
29,87,223
29,88,281
29,89,219
29,90,230
29,91,230
29,92,267
29,93,218
29,94,218
29,95,233
29,96,213
29,97,230
29,98,215
29,99,233
29,100,221
29,101,216
29,102,212
29,103,286
29,104,216
29,105,211
29,106,199
29,107,210
29,108,213
29,109,211
29,110,203
29,111,210
29,112,207
29,113,195
29,114,210
29,115,198
29,116,206
29,117,197
29,118,206
29,119,226
29,120,203
29,121,191
29,122,207
29,123,181
29,124,223
29,125,179
29,126,201
29,127,190
29,128,191
29,129,163
29,130,189
29,131,163
29,132,175
29,133,158
29,134,137
29,135,167
29,136,115
29,137,142
29,138,136
29,139,159
29,140,132
29,141,139
29,142,123
29,143,1524
29,144,423
29,145,161
29,146,125
29,147,145
29,148,210
29,149,146
29,150,139
29,151,146
29,152,139
29,153,147
29,154,131
29,155,185
29,156,146
29,157,187
29,158,161
29,159,166
29,160,196
29,161,181
29,162,148
29,163,155
29,164,149
29,165,156
29,166,154
29,167,159
29,168,151
29,169,163
29,170,172
29,171,187
29,172,155
29,173,170
29,174,187
29,175,160
29,176,155
29,177,174
29,178,195
29,179,1848
29,180,164
29,181,195
29,182,163
29,183,211
29,184,176
29,185,199
29,186,149
29,187,175
29,188,192
29,189,189
29,190,149
29,191,209
29,192,165
29,193,187
29,194,151
29,195,187
29,196,159
29,197,214
29,198,191
29,199,184
29,200,168
29,201,203
29,202,177
29,203,199
29,204,164
29,205,209
29,206,173
29,207,214
29,208,174
29,209,221
29,210,1509
29,211,256
29,212,176
29,213,334
29,214,202
29,215,358
29,216,175
29,217,247
29,218,191
29,219,274
29,220,202
29,221,715
29,222,202
29,223,280
29,224,213
29,225,298
29,226,217
29,227,309
29,228,220
29,229,312
29,230,242
29,231,307
29,232,248
29,233,339
29,234,263
29,235,3479
29,236,281
29,237,367
29,238,359
29,239,387
29,240,331
29,241,401
29,242,365
29,243,428
29,244,372
29,245,629
29,246,463
29,247,468
29,248,420
29,249,507
29,250,439
29,251,512
29,252,474
29,253,519
29,254,547
29,255,507
29,256,424
30,1,286
30,2,323
30,3,303
30,4,330
30,5,303
30,6,330
30,7,334
30,8,557
30,9,326
30,10,365
30,11,323
30,12,352
30,13,388
30,14,363
30,15,344
30,16,368
30,17,327
30,18,359
30,19,323
30,20,355
30,21,314
30,22,366
30,23,2411
30,24,361
30,25,338
30,26,362
30,27,357
30,28,813
30,29,345
30,30,449
30,31,362
30,32,393
30,33,362
30,34,414
30,35,383
30,36,411
30,37,414
30,38,535
30,39,411
30,40,439
30,41,403
30,42,444
30,43,416
30,44,421
30,45,341
30,46,344
30,47,284
30,48,252
30,49,271
30,50,232
30,51,320
30,52,326
30,53,242
30,54,270
30,55,271
30,56,264
30,57,237
30,58,261
30,59,387
30,60,261
30,61,270
30,62,258
30,63,233
30,64,308
30,65,234
30,66,246
30,67,250
30,68,278
30,69,240
30,70,248
30,71,411
30,72,239
30,73,352
30,74,245
30,75,251
30,76,276
30,77,257
30,78,245
30,79,237
30,80,260
30,81,231
30,82,223
30,83,232
30,84,226
30,85,214
30,86,226
30,87,223
30,88,281
30,89,219
30,90,230
30,91,230
30,92,267
30,93,218
30,94,218
30,95,233
30,96,213
30,97,230
30,98,215
30,99,233
30,100,221
30,101,216
30,102,212
30,103,286
30,104,216
30,105,211
30,106,199
30,107,210
30,108,213
30,109,211
30,110,203
30,111,210
30,112,207
30,113,195
30,114,210
30,115,198
30,116,206
30,117,197
30,118,206
30,119,226
30,120,203
30,121,191
30,122,207
30,123,181
30,124,223
30,125,179
30,126,201
30,127,190
30,128,191
30,129,163
30,130,189
30,131,163
30,132,175
30,133,158
30,134,137
30,135,167
30,136,115
30,137,142
30,138,136
30,139,159
30,140,132
30,141,139
30,142,123
30,143,1524
30,144,423
30,145,161
30,146,125
30,147,145
30,148,210
30,149,146
30,150,139
30,151,146
30,152,139
30,153,147
30,154,131
30,155,185
30,156,146
30,157,187
30,158,161
30,159,166
30,160,196
30,161,181
30,162,148
30,163,155
30,164,149
30,165,156
30,166,154
30,167,159
30,168,151
30,169,163
30,170,172
30,171,187
30,172,155
30,173,170
30,174,187
30,175,160
30,176,155
30,177,174
30,178,195
30,179,1848
30,180,164
30,181,195
30,182,163
30,183,211
30,184,176
30,185,199
30,186,149
30,187,175
30,188,192
30,189,189
30,190,149
30,191,209
30,192,165
30,193,187
30,194,151
30,195,187
30,196,159
30,197,214
30,198,191
30,199,184
30,200,168
30,201,203
30,202,177
30,203,199
30,204,164
30,205,209
30,206,173
30,207,214
30,208,174
30,209,221
30,210,1509
30,211,256
30,212,176
30,213,334
30,214,202
30,215,358
30,216,175
30,217,247
30,218,191
30,219,274
30,220,202
30,221,715
30,222,202
30,223,280
30,224,213
30,225,298
30,226,217
30,227,309
30,228,220
30,229,312
30,230,242
30,231,307
30,232,248
30,233,339
30,234,263
30,235,3479
30,236,281
30,237,367
30,238,359
30,239,387
30,240,331
30,241,401
30,242,365
30,243,428
30,244,372
30,245,629
30,246,463
30,247,468
30,248,420
30,249,507
30,250,439
30,251,512
30,252,474
30,253,519
30,254,547
30,255,507
30,256,424
31,1,285
31,2,325
31,3,303
31,4,330
31,5,304
31,6,330
31,7,333
31,8,565
31,9,325
31,10,366
31,11,323
31,12,351
31,13,388
31,14,364
31,15,342
31,16,369
31,17,327
31,18,359
31,19,323
31,20,356
31,21,314
31,22,367
31,23,2432
31,24,361
31,25,336
31,26,362
31,27,357
31,28,811
31,29,343
31,30,458
31,31,361
31,32,393
31,33,363
31,34,411
31,35,382
31,36,411
31,37,417
31,38,536
31,39,411
31,40,438
31,41,401
31,42,444
31,43,414
31,44,422
31,45,341
31,46,345
31,47,286
31,48,253
31,49,270
31,50,233
31,51,320
31,52,332
31,53,241
31,54,270
31,55,273
31,56,265
31,57,238
31,58,262
31,59,386
31,60,260
31,61,270
31,62,259
31,63,233
31,64,309
31,65,232
31,66,246
31,67,249
31,68,277
31,69,236
31,70,249
31,71,411
31,72,239
31,73,344
31,74,244
31,75,249
31,76,277
31,77,256
31,78,247
31,79,237
31,80,260
31,81,230
31,82,224
31,83,232
31,84,227
31,85,214
31,86,225
31,87,224
31,88,282
31,89,218
31,90,232
31,91,229
31,92,269
31,93,218
31,94,218
31,95,233
31,96,214
31,97,230
31,98,217
31,99,232
31,100,221
31,101,215
31,102,211
31,103,278
31,104,215
31,105,211
31,106,200
31,107,211
31,108,213
31,109,212
31,110,204
31,111,209
31,112,208
31,113,195
31,114,209
31,115,198
31,116,205
31,117,197
31,118,206
31,119,223
31,120,203
31,121,191
31,122,208
31,123,180
31,124,225
31,125,178
31,126,200
31,127,188
31,128,192
31,129,162
31,130,189
31,131,161
31,132,174
31,133,156
31,134,138
31,135,166
31,136,117
31,137,141
31,138,137
31,139,157
31,140,134
31,141,140
31,142,123
31,143,1521
31,144,423
31,145,160
31,146,124
31,147,144
31,148,213
31,149,145
31,150,141
31,151,145
31,152,140
31,153,146
31,154,132
31,155,184
31,156,147
31,157,186
31,158,160
31,159,166
31,160,193
31,161,182
31,162,149
31,163,155
31,164,149
31,165,155
31,166,155
31,167,159
31,168,151
31,169,163
31,170,173
31,171,185
31,172,156
31,173,170
31,174,188
31,175,160
31,176,154
31,177,173
31,178,191
31,179,1848
31,180,165
31,181,195
31,182,165
31,183,214
31,184,175
31,185,199
31,186,148
31,187,173
31,188,193
31,189,188
31,190,149
31,191,209
31,192,163
31,193,187
31,194,153
31,195,186
31,196,159
31,197,214
31,198,192
31,199,184
31,200,169
31,201,202
31,202,177
31,203,200
31,204,164
31,205,208
31,206,174
31,207,213
31,208,174
31,209,221
31,210,1509
31,211,255
31,212,175
31,213,335
31,214,203
31,215,349
31,216,177
31,217,246
31,218,190
31,219,274
31,220,203
31,221,715
31,222,204
31,223,280
31,224,214
31,225,298
31,226,217
31,227,308
31,228,221
31,229,311
31,230,242
31,231,308
31,232,249
31,233,339
31,234,263
31,235,3496
31,236,282
31,237,366
31,238,359
31,239,389
31,240,330
31,241,402
31,242,366
31,243,428
31,244,372
31,245,628
31,246,459
31,247,468
31,248,419
31,249,503
31,250,439
31,251,514
31,252,474
31,253,518
31,254,542
31,255,508
31,256,427
32,1,285
32,2,325
32,3,303
32,4,330
32,5,304
32,6,330
32,7,333
32,8,565
32,9,325
32,10,366
32,11,323
32,12,351
32,13,388
32,14,364
32,15,342
32,16,369
32,17,327
32,18,359
32,19,323
32,20,356
32,21,314
32,22,367
32,23,2432
32,24,361
32,25,336
32,26,362
32,27,357
32,28,811
32,29,343
32,30,458
32,31,361
32,32,393
32,33,363
32,34,411
32,35,382
32,36,411
32,37,417
32,38,536
32,39,411
32,40,438
32,41,401
32,42,444
32,43,414
32,44,422
32,45,341
32,46,345
32,47,286
32,48,253
32,49,270
32,50,233
32,51,320
32,52,332
32,53,241
32,54,270
32,55,273
32,56,265
32,57,238
32,58,262
32,59,386
32,60,260
32,61,270
32,62,259
32,63,233
32,64,309
32,65,232
32,66,246
32,67,249
32,68,277
32,69,236
32,70,249
32,71,411
32,72,239
32,73,344
32,74,244
32,75,249
32,76,277
32,77,256
32,78,247
32,79,237
32,80,260
32,81,230
32,82,224
32,83,232
32,84,227
32,85,214
32,86,225
32,87,224
32,88,282
32,89,218
32,90,232
32,91,229
32,92,269
32,93,218
32,94,218
32,95,233
32,96,214
32,97,230
32,98,217
32,99,232
32,100,221
32,101,215
32,102,211
32,103,278
32,104,215
32,105,211
32,106,200
32,107,211
32,108,213
32,109,212
32,110,204
32,111,209
32,112,208
32,113,195
32,114,209
32,115,198
32,116,205
32,117,197
32,118,206
32,119,223
32,120,203
32,121,191
32,122,208
32,123,180
32,124,225
32,125,178
32,126,200
32,127,188
32,128,192
32,129,162
32,130,189
32,131,161
32,132,174
32,133,156
32,134,138
32,135,166
32,136,117
32,137,141
32,138,137
32,139,157
32,140,134
32,141,140
32,142,123
32,143,1521
32,144,423
32,145,160
32,146,124
32,147,144
32,148,213
32,149,145
32,150,141
32,151,145
32,152,140
32,153,146
32,154,132
32,155,184
32,156,147
32,157,186
32,158,160
32,159,166
32,160,193
32,161,182
32,162,149
32,163,155
32,164,149
32,165,155
32,166,155
32,167,159
32,168,151
32,169,163
32,170,173
32,171,185
32,172,156
32,173,170
32,174,188
32,175,160
32,176,154
32,177,173
32,178,191
32,179,1848
32,180,165
32,181,195
32,182,165
32,183,214
32,184,175
32,185,199
32,186,148
32,187,173
32,188,193
32,189,188
32,190,149
32,191,209
32,192,163
32,193,187
32,194,153
32,195,186
32,196,159
32,197,214
32,198,192
32,199,184
32,200,169
32,201,202
32,202,177
32,203,200
32,204,164
32,205,208
32,206,174
32,207,213
32,208,174
32,209,221
32,210,1509
32,211,255
32,212,175
32,213,335
32,214,203
32,215,349
32,216,177
32,217,246
32,218,190
32,219,274
32,220,203
32,221,715
32,222,204
32,223,280
32,224,214
32,225,298
32,226,217
32,227,308
32,228,221
32,229,311
32,230,242
32,231,308
32,232,249
32,233,339
32,234,263
32,235,3496
32,236,282
32,237,366
32,238,359
32,239,389
32,240,330
32,241,402
32,242,366
32,243,428
32,244,372
32,245,628
32,246,459
32,247,468
32,248,419
32,249,503
32,250,439
32,251,514
32,252,474
32,253,518
32,254,542
32,255,508
32,256,427
