Line,Band,Value
1,1,284
1,2,324
1,3,302
1,4,328
1,5,301
1,6,329
1,7,333
1,8,563
1,9,325
1,10,363
1,11,322
1,12,350
1,13,387
1,14,363
1,15,342
1,16,367
1,17,325
1,18,358
1,19,320
1,20,354
1,21,312
1,22,365
1,23,2413
1,24,360
1,25,334
1,26,361
1,27,353
1,28,812
1,29,340
1,30,445
1,31,358
1,32,387
1,33,358
1,34,407
1,35,376
1,36,406
1,37,414
1,38,530
1,39,403
1,40,433
1,41,394
1,42,438
1,43,405
1,44,415
1,45,331
1,46,339
1,47,277
1,48,250
1,49,263
1,50,230
1,51,315
1,52,330
1,53,241
1,54,271
1,55,272
1,56,266
1,57,240
1,58,262
1,59,387
1,60,260
1,61,270
1,62,259
1,63,233
1,64,310
1,65,234
1,66,248
1,67,248
1,68,278
1,69,238
1,70,250
1,71,412
1,72,241
1,73,354
1,74,244
1,75,250
1,76,262
1,77,255
1,78,250
1,79,236
1,80,260
1,81,228
1,82,223
1,83,233
1,84,227
1,85,214
1,86,226
1,87,225
1,88,281
1,89,217
1,90,232
1,91,229
1,92,265
1,93,216
1,94,219
1,95,233
1,96,214
1,97,230
1,98,217
1,99,233
1,100,219
1,101,215
1,102,212
1,103,281
1,104,215
1,105,210
1,106,199
1,107,210
1,108,214
1,109,209
1,110,202
1,111,208
1,112,206
1,113,193
1,114,211
1,115,197
1,116,205
1,117,196
1,118,206
1,119,223
1,120,204
1,121,189
1,122,207
1,123,180
1,124,222
1,125,177
1,126,197
1,127,187
1,128,192
1,129,162
1,130,189
1,131,162
1,132,173
1,133,156
1,134,137
1,135,166
1,136,116
1,137,141
1,138,136
1,139,158
1,140,132
1,141,138
1,142,124
1,143,1522
1,144,424
1,145,160
1,146,125
1,147,143
1,148,212
1,149,146
1,150,140
1,151,145
1,152,139
1,153,146
1,154,133
1,155,186
1,156,146
1,157,185
1,158,160
1,159,165
1,160,194
1,161,181
1,162,149
1,163,156
1,164,148
1,165,155
1,166,156
1,167,159
1,168,151
1,169,162
1,170,173
1,171,186
1,172,156
1,173,169
1,174,187
1,175,161
1,176,155
1,177,173
1,178,192
1,179,1864
1,180,164
1,181,198
1,182,166
1,183,211
1,184,176
1,185,199
1,186,149
1,187,174
1,188,192
1,189,187
1,190,150
1,191,210
1,192,164
1,193,185
1,194,153
1,195,186
1,196,158
1,197,213
1,198,191
1,199,185
1,200,170
1,201,201
1,202,178
1,203,198
1,204,163
1,205,207
1,206,173
1,207,213
1,208,173
1,209,221
1,210,1509
1,211,254
1,212,176
1,213,329
1,214,205
1,215,346
1,216,176
1,217,245
1,218,192
1,219,274
1,220,203
1,221,722
1,222,202
1,223,277
1,224,214
1,225,298
1,226,218
1,227,308
1,228,220
1,229,309
1,230,243
1,231,305
1,232,245
1,233,337
1,234,263
1,235,3488
1,236,282
1,237,366
1,238,357
1,239,386
1,240,330
1,241,398
1,242,366
1,243,425
1,244,372
1,245,627
1,246,461
1,247,467
1,248,419
1,249,501
1,250,439
1,251,512
1,252,473
1,253,517
1,254,545
1,255,504
1,256,424
2,1,284
2,2,324
2,3,302
2,4,328
2,5,301
2,6,329
2,7,333
2,8,563
2,9,325
2,10,363
2,11,322
2,12,350
2,13,387
2,14,363
2,15,342
2,16,367
2,17,325
2,18,358
2,19,320
2,20,354
2,21,312
2,22,365
2,23,2413
2,24,360
2,25,334
2,26,361
2,27,353
2,28,812
2,29,340
2,30,445
2,31,358
2,32,387
2,33,358
2,34,407
2,35,376
2,36,406
2,37,414
2,38,530
2,39,403
2,40,433
2,41,394
2,42,438
2,43,405
2,44,415
2,45,331
2,46,339
2,47,277
2,48,250
2,49,263
2,50,230
2,51,315
2,52,330
2,53,241
2,54,271
2,55,272
2,56,266
2,57,240
2,58,262
2,59,387
2,60,260
2,61,270
2,62,259
2,63,233
2,64,310
2,65,234
2,66,248
2,67,248
2,68,278
2,69,238
2,70,250
2,71,412
2,72,241
2,73,354
2,74,244
2,75,250
2,76,262
2,77,255
2,78,250
2,79,236
2,80,260
2,81,228
2,82,223
2,83,233
2,84,227
2,85,214
2,86,226
2,87,225
2,88,281
2,89,217
2,90,232
2,91,229
2,92,265
2,93,216
2,94,219
2,95,233
2,96,214
2,97,230
2,98,217
2,99,233
2,100,219
2,101,215
2,102,212
2,103,281
2,104,215
2,105,210
2,106,199
2,107,210
2,108,214
2,109,209
2,110,202
2,111,208
2,112,206
2,113,193
2,114,211
2,115,197
2,116,205
2,117,196
2,118,206
2,119,223
2,120,204
2,121,189
2,122,207
2,123,180
2,124,222
2,125,177
2,126,197
2,127,187
2,128,192
2,129,162
2,130,189
2,131,162
2,132,173
2,133,156
2,134,137
2,135,166
2,136,116
2,137,141
2,138,136
2,139,158
2,140,132
2,141,138
2,142,124
2,143,1522
2,144,424
2,145,160
2,146,125
2,147,143
2,148,212
2,149,146
2,150,140
2,151,145
2,152,139
2,153,146
2,154,133
2,155,186
2,156,146
2,157,185
2,158,160
2,159,165
2,160,194
2,161,181
2,162,149
2,163,156
2,164,148
2,165,155
2,166,156
2,167,159
2,168,151
2,169,162
2,170,173
2,171,186
2,172,156
2,173,169
2,174,187
2,175,161
2,176,155
2,177,173
2,178,192
2,179,1864
2,180,164
2,181,198
2,182,166
2,183,211
2,184,176
2,185,199
2,186,149
2,187,174
2,188,192
2,189,187
2,190,150
2,191,210
2,192,164
2,193,185
2,194,153
2,195,186
2,196,158
2,197,213
2,198,191
2,199,185
2,200,170
2,201,201
2,202,178
2,203,198
2,204,163
2,205,207
2,206,173
2,207,213
2,208,173
2,209,221
2,210,1509
2,211,254
2,212,176
2,213,329
2,214,205
2,215,346
2,216,176
2,217,245
2,218,192
2,219,274
2,220,203
2,221,722
2,222,202
2,223,277
2,224,214
2,225,298
2,226,218
2,227,308
2,228,220
2,229,309
2,230,243
2,231,305
2,232,245
2,233,337
2,234,263
2,235,3488
2,236,282
2,237,366
2,238,357
2,239,386
2,240,330
2,241,398
2,242,366
2,243,425
2,244,372
2,245,627
2,246,461
2,247,467
2,248,419
2,249,501
2,250,439
2,251,512
2,252,473
2,253,517
2,254,545
2,255,504
2,256,424
3,1,286
3,2,323
3,3,303
3,4,329
3,5,304
3,6,329
3,7,332
3,8,561
3,9,324
3,10,365
3,11,322
3,12,350
3,13,387
3,14,362
3,15,341
3,16,368
3,17,326
3,18,358
3,19,320
3,20,352
3,21,312
3,22,366
3,23,2480
3,24,360
3,25,336
3,26,360
3,27,354
3,28,811
3,29,340
3,30,455
3,31,359
3,32,388
3,33,359
3,34,407
3,35,376
3,36,408
3,37,411
3,38,536
3,39,403
3,40,432
3,41,394
3,42,436
3,43,408
3,44,415
3,45,332
3,46,338
3,47,277
3,48,249
3,49,267
3,50,230
3,51,317
3,52,329
3,53,242
3,54,272
3,55,273
3,56,267
3,57,242
3,58,262
3,59,387
3,60,262
3,61,272
3,62,258
3,63,235
3,64,310
3,65,233
3,66,249
3,67,249
3,68,278
3,69,236
3,70,249
3,71,413
3,72,241
3,73,352
3,74,244
3,75,251
3,76,263
3,77,257
3,78,248
3,79,239
3,80,261
3,81,230
3,82,224
3,83,233
3,84,228
3,85,213
3,86,226
3,87,223
3,88,281
3,89,218
3,90,232
3,91,230
3,92,271
3,93,218
3,94,218
3,95,234
3,96,214
3,97,230
3,98,215
3,99,233
3,100,221
3,101,216
3,102,211
3,103,282
3,104,214
3,105,211
3,106,201
3,107,210
3,108,214
3,109,211
3,110,203
3,111,209
3,112,207
3,113,193
3,114,209
3,115,198
3,116,205
3,117,196
3,118,206
3,119,224
3,120,202
3,121,190
3,122,207
3,123,181
3,124,222
3,125,176
3,126,198
3,127,188
3,128,192
3,129,163
3,130,189
3,131,162
3,132,172
3,133,156
3,134,137
3,135,165
3,136,118
3,137,141
3,138,137
3,139,158
3,140,134
3,141,139
3,142,124
3,143,1522
3,144,424
3,145,159
3,146,125
3,147,144
3,148,211
3,149,146
3,150,140
3,151,145
3,152,141
3,153,146
3,154,133
3,155,185
3,156,147
3,157,186
3,158,162
3,159,166
3,160,194
3,161,182
3,162,149
3,163,155
3,164,149
3,165,156
3,166,156
3,167,159
3,168,152
3,169,163
3,170,173
3,171,187
3,172,157
3,173,169
3,174,191
3,175,161
3,176,155
3,177,174
3,178,195
3,179,1848
3,180,165
3,181,197
3,182,166
3,183,213
3,184,175
3,185,200
3,186,149
3,187,174
3,188,192
3,189,188
3,190,150
3,191,209
3,192,165
3,193,187
3,194,152
3,195,187
3,196,159
3,197,215
3,198,229
3,199,202
3,200,175
3,201,203
3,202,177
3,203,199
3,204,164
3,205,208
3,206,172
3,207,214
3,208,172
3,209,222
3,210,1512
3,211,255
3,212,174
3,213,333
3,214,205
3,215,355
3,216,175
3,217,247
3,218,192
3,219,274
3,220,202
3,221,719
3,222,203
3,223,278
3,224,214
3,225,298
3,226,219
3,227,307
3,228,220
3,229,311
3,230,243
3,231,307
3,232,249
3,233,339
3,234,263
3,235,3494
3,236,282
3,237,365
3,238,359
3,239,387
3,240,330
3,241,400
3,242,366
3,243,427
3,244,372
3,245,629
3,246,453
3,247,466
3,248,418
3,249,501
3,250,437
3,251,513
3,252,474
3,253,519
3,254,539
3,255,504
3,256,424
4,1,286
4,2,323
4,3,303
4,4,329
4,5,304
4,6,329
4,7,332
4,8,561
4,9,324
4,10,365
4,11,322
4,12,350
4,13,387
4,14,362
4,15,341
4,16,368
4,17,326
4,18,358
4,19,320
4,20,352
4,21,312
4,22,366
4,23,2480
4,24,360
4,25,336
4,26,360
4,27,354
4,28,811
4,29,340
4,30,455
4,31,359
4,32,388
4,33,359
4,34,407
4,35,376
4,36,408
4,37,411
4,38,536
4,39,403
4,40,432
4,41,394
4,42,436
4,43,408
4,44,415
4,45,332
4,46,338
4,47,277
4,48,249
4,49,267
4,50,230
4,51,317
4,52,329
4,53,242
4,54,272
4,55,273
4,56,267
4,57,242
4,58,262
4,59,387
4,60,262
4,61,272
4,62,258
4,63,235
4,64,310
4,65,233
4,66,249
4,67,249
4,68,278
4,69,236
4,70,249
4,71,413
4,72,241
4,73,352
4,74,244
4,75,251
4,76,263
4,77,257
4,78,248
4,79,239
4,80,261
4,81,230
4,82,224
4,83,233
4,84,228
4,85,213
4,86,226
4,87,223
4,88,281
4,89,218
4,90,232
4,91,230
4,92,271
4,93,218
4,94,218
4,95,234
4,96,214
4,97,230
4,98,215
4,99,233
4,100,221
4,101,216
4,102,211
4,103,282
4,104,214
4,105,211
4,106,201
4,107,210
4,108,214
4,109,211
4,110,203
4,111,209
4,112,207
4,113,193
4,114,209
4,115,198
4,116,205
4,117,196
4,118,206
4,119,224
4,120,202
4,121,190
4,122,207
4,123,181
4,124,222
4,125,176
4,126,198
4,127,188
4,128,192
4,129,163
4,130,189
4,131,162
4,132,172
4,133,156
4,134,137
4,135,165
4,136,118
4,137,141
4,138,137
4,139,158
4,140,134
4,141,139
4,142,124
4,143,1522
4,144,424
4,145,159
4,146,125
4,147,144
4,148,211
4,149,146
4,150,140
4,151,145
4,152,141
4,153,146
4,154,133
4,155,185
4,156,147
4,157,186
4,158,162
4,159,166
4,160,194
4,161,182
4,162,149
4,163,155
4,164,149
4,165,156
4,166,156
4,167,159
4,168,152
4,169,163
4,170,173
4,171,187
4,172,157
4,173,169
4,174,191
4,175,161
4,176,155
4,177,174
4,178,195
4,179,1848
4,180,165
4,181,197
4,182,166
4,183,213
4,184,175
4,185,200
4,186,149
4,187,174
4,188,192
4,189,188
4,190,150
4,191,209
4,192,165
4,193,187
4,194,152
4,195,187
4,196,159
4,197,215
4,198,229
4,199,202
4,200,175
4,201,203
4,202,177
4,203,199
4,204,164
4,205,208
4,206,172
4,207,214
4,208,172
4,209,222
4,210,1512
4,211,255
4,212,174
4,213,333
4,214,205
4,215,355
4,216,175
4,217,247
4,218,192
4,219,274
4,220,202
4,221,719
4,222,203
4,223,278
4,224,214
4,225,298
4,226,219
4,227,307
4,228,220
4,229,311
4,230,243
4,231,307
4,232,249
4,233,339
4,234,263
4,235,3494
4,236,282
4,237,365
4,238,359
4,239,387
4,240,330
4,241,400
4,242,366
4,243,427
4,244,372
4,245,629
4,246,453
4,247,466
4,248,418
4,249,501
4,250,437
4,251,513
4,252,474
4,253,519
4,254,539
4,255,504
4,256,424
5,1,285
5,2,325
5,3,303
5,4,330
5,5,302
5,6,328
5,7,334
5,8,568
5,9,322
5,10,362
5,11,322
5,12,351
5,13,386
5,14,362
5,15,341
5,16,368
5,17,324
5,18,359
5,19,321
5,20,354
5,21,312
5,22,368
5,23,2418
5,24,361
5,25,334
5,26,362
5,27,354
5,28,811
5,29,342
5,30,455
5,31,359
5,32,388
5,33,359
5,34,407
5,35,375
5,36,407
5,37,413
5,38,534
5,39,403
5,40,433
5,41,395
5,42,437
5,43,407
5,44,415
5,45,332
5,46,337
5,47,277
5,48,249
5,49,266
5,50,230
5,51,317
5,52,325
5,53,241
5,54,271
5,55,275
5,56,266
5,57,239
5,58,262
5,59,387
5,60,261
5,61,272
5,62,258
5,63,233
5,64,310
5,65,235
5,66,247
5,67,251
5,68,279
5,69,236
5,70,250
5,71,412
5,72,241
5,73,322
5,74,244
5,75,251
5,76,263
5,77,257
5,78,249
5,79,238
5,80,258
5,81,230
5,82,224
5,83,232
5,84,225
5,85,212
5,86,226
5,87,223
5,88,281
5,89,217
5,90,231
5,91,230
5,92,270
5,93,217
5,94,220
5,95,233
5,96,214
5,97,230
5,98,216
5,99,232
5,100,220
5,101,216
5,102,211
5,103,280
5,104,216
5,105,210
5,106,200
5,107,210
5,108,214
5,109,212
5,110,204
5,111,209
5,112,208
5,113,194
5,114,210
5,115,199
5,116,205
5,117,196
5,118,205
5,119,224
5,120,202
5,121,189
5,122,206
5,123,180
5,124,222
5,125,176
5,126,199
5,127,187
5,128,193
5,129,162
5,130,189
5,131,163
5,132,176
5,133,155
5,134,137
5,135,165
5,136,115
5,137,141
5,138,137
5,139,158
5,140,133
5,141,139
5,142,123
5,143,1523
5,144,424
5,145,158
5,146,125
5,147,144
5,148,210
5,149,146
5,150,141
5,151,145
5,152,140
5,153,147
5,154,134
5,155,187
5,156,147
5,157,184
5,158,160
5,159,165
5,160,201
5,161,181
5,162,149
5,163,155
5,164,149
5,165,156
5,166,155
5,167,158
5,168,150
5,169,164
5,170,173
5,171,186
5,172,157
5,173,170
5,174,190
5,175,162
5,176,155
5,177,173
5,178,192
5,179,1848
5,180,165
5,181,200
5,182,165
5,183,213
5,184,176
5,185,199
5,186,148
5,187,173
5,188,191
5,189,189
5,190,150
5,191,209
5,192,164
5,193,187
5,194,151
5,195,186
5,196,159
5,197,214
5,198,190
5,199,184
5,200,168
5,201,201
5,202,177
5,203,200
5,204,164
5,205,208
5,206,173
5,207,213
5,208,175
5,209,221
5,210,1513
5,211,276
5,212,177
5,213,335
5,214,202
5,215,350
5,216,175
5,217,246
5,218,191
5,219,273
5,220,202
5,221,709
5,222,203
5,223,279
5,224,215
5,225,298
5,226,218
5,227,307
5,228,221
5,229,312
5,230,243
5,231,308
5,232,246
5,233,338
5,234,262
5,235,3482
5,236,281
5,237,363
5,238,358
5,239,387
5,240,333
5,241,399
5,242,367
5,243,426
5,244,372
5,245,622
5,246,456
5,247,466
5,248,419
5,249,500
5,250,438
5,251,513
5,252,474
5,253,516
5,254,547
5,255,503
5,256,423
6,1,285
6,2,325
6,3,303
6,4,330
6,5,302
6,6,328
6,7,334
6,8,568
6,9,322
6,10,362
6,11,322
6,12,351
6,13,386
6,14,362
6,15,341
6,16,368
6,17,324
6,18,359
6,19,321
6,20,354
6,21,312
6,22,368
6,23,2418
6,24,361
6,25,334
6,26,362
6,27,354
6,28,811
6,29,342
6,30,455
6,31,359
6,32,388
6,33,359
6,34,407
6,35,375
6,36,407
6,37,413
6,38,534
6,39,403
6,40,433
6,41,395
6,42,437
6,43,407
6,44,415
6,45,332
6,46,337
6,47,277
6,48,249
6,49,266
6,50,230
6,51,317
6,52,325
6,53,241
6,54,271
6,55,275
6,56,266
6,57,239
6,58,262
6,59,387
6,60,261
6,61,272
6,62,258
6,63,233
6,64,310
6,65,235
6,66,247
6,67,251
6,68,279
6,69,236
6,70,250
6,71,412
6,72,241
6,73,322
6,74,244
6,75,251
6,76,263
6,77,257
6,78,249
6,79,238
6,80,258
6,81,230
6,82,224
6,83,232
6,84,225
6,85,212
6,86,226
6,87,223
6,88,281
6,89,217
6,90,231
6,91,230
6,92,270
6,93,217
6,94,220
6,95,233
6,96,214
6,97,230
6,98,216
6,99,232
6,100,220
6,101,216
6,102,211
6,103,280
6,104,216
6,105,210
6,106,200
6,107,210
6,108,214
6,109,212
6,110,204
6,111,209
6,112,208
6,113,194
6,114,210
6,115,199
6,116,205
6,117,196
6,118,205
6,119,224
6,120,202
6,121,189
6,122,206
6,123,180
6,124,222
6,125,176
6,126,199
6,127,187
6,128,193
6,129,162
6,130,189
6,131,163
6,132,176
6,133,155
6,134,137
6,135,165
6,136,115
6,137,141
6,138,137
6,139,158
6,140,133
6,141,139
6,142,123
6,143,1523
6,144,424
6,145,158
6,146,125
6,147,144
6,148,210
6,149,146
6,150,141
6,151,145
6,152,140
6,153,147
6,154,134
6,155,187
6,156,147
6,157,184
6,158,160
6,159,165
6,160,201
6,161,181
6,162,149
6,163,155
6,164,149
6,165,156
6,166,155
6,167,158
6,168,150
6,169,164
6,170,173
6,171,186
6,172,157
6,173,170
6,174,190
6,175,162
6,176,155
6,177,173
6,178,192
6,179,1848
6,180,165
6,181,200
6,182,165
6,183,213
6,184,176
6,185,199
6,186,148
6,187,173
6,188,191
6,189,189
6,190,150
6,191,209
6,192,164
6,193,187
6,194,151
6,195,186
6,196,159
6,197,214
6,198,190
6,199,184
6,200,168
6,201,201
6,202,177
6,203,200
6,204,164
6,205,208
6,206,173
6,207,213
6,208,175
6,209,221
6,210,1513
6,211,276
6,212,177
6,213,335
6,214,202
6,215,350
6,216,175
6,217,246
6,218,191
6,219,273
6,220,202
6,221,709
6,222,203
6,223,279
6,224,215
6,225,298
6,226,218
6,227,307
6,228,221
6,229,312
6,230,243
6,231,308
6,232,246
6,233,338
6,234,262
6,235,3482
6,236,281
6,237,363
6,238,358
6,239,387
6,240,333
6,241,399
6,242,367
6,243,426
6,244,372
6,245,622
6,246,456
6,247,466
6,248,419
6,249,500
6,250,438
6,251,513
6,252,474
6,253,516
6,254,547
6,255,503
6,256,423
7,1,285
7,2,325
7,3,303
7,4,326
7,5,304
7,6,327
7,7,333
7,8,563
7,9,324
7,10,363
7,11,322
7,12,350
7,13,387
7,14,361
7,15,341
7,16,365
7,17,325
7,18,359
7,19,320
7,20,354
7,21,313
7,22,365
7,23,2418
7,24,359
7,25,335
7,26,360
7,27,355
7,28,811
7,29,342
7,30,456
7,31,360
7,32,387
7,33,358
7,34,406
7,35,376
7,36,406
7,37,412
7,38,535
7,39,403
7,40,432
7,41,392
7,42,435
7,43,408
7,44,416
7,45,333
7,46,337
7,47,279
7,48,249
7,49,264
7,50,230
7,51,320
7,52,326
7,53,242
7,54,270
7,55,273
7,56,265
7,57,240
7,58,262
7,59,388
7,60,261
7,61,272
7,62,258
7,63,233
7,64,307
7,65,234
7,66,247
7,67,250
7,68,278
7,69,236
7,70,248
7,71,413
7,72,240
7,73,351
7,74,243
7,75,250
7,76,275
7,77,259
7,78,261
7,79,237
7,80,259
7,81,230
7,82,222
7,83,233
7,84,225
7,85,213
7,86,225
7,87,224
7,88,280
7,89,218
7,90,230
7,91,229
7,92,265
7,93,217
7,94,217
7,95,234
7,96,213
7,97,230
7,98,216
7,99,232
7,100,219
7,101,214
7,102,210
7,103,275
7,104,213
7,105,210
7,106,198
7,107,208
7,108,212
7,109,211
7,110,202
7,111,210
7,112,206
7,113,194
7,114,210
7,115,198
7,116,203
7,117,197
7,118,204
7,119,224
7,120,202
7,121,190
7,122,206
7,123,181
7,124,223
7,125,178
7,126,198
7,127,189
7,128,193
7,129,163
7,130,189
7,131,162
7,132,173
7,133,157
7,134,137
7,135,165
7,136,116
7,137,141
7,138,135
7,139,159
7,140,132
7,141,140
7,142,123
7,143,1526
7,144,424
7,145,159
7,146,124
7,147,143
7,148,209
7,149,145
7,150,140
7,151,145
7,152,139
7,153,148
7,154,133
7,155,186
7,156,146
7,157,187
7,158,161
7,159,165
7,160,198
7,161,182
7,162,148
7,163,155
7,164,148
7,165,155
7,166,155
7,167,159
7,168,150
7,169,163
7,170,171
7,171,186
7,172,154
7,173,170
7,174,190
7,175,160
7,176,154
7,177,174
7,178,192
7,179,1849
7,180,163
7,181,201
7,182,165
7,183,213
7,184,174
7,185,200
7,186,146
7,187,173
7,188,190
7,189,189
7,190,149
7,191,211
7,192,164
7,193,186
7,194,152
7,195,186
7,196,158
7,197,213
7,198,191
7,199,185
7,200,168
7,201,202
7,202,175
7,203,199
7,204,164
7,205,208
7,206,172
7,207,214
7,208,173
7,209,221
7,210,1509
7,211,256
7,212,175
7,213,333
7,214,204
7,215,349
7,216,175
7,217,246
7,218,190
7,219,274
7,220,201
7,221,713
7,222,199
7,223,280
7,224,213
7,225,298
7,226,218
7,227,307
7,228,219
7,229,312
7,230,242
7,231,306
7,232,246
7,233,340
7,234,261
7,235,3479
7,236,279
7,237,365
7,238,357
7,239,387
7,240,330
7,241,399
7,242,366
7,243,429
7,244,369
7,245,626
7,246,454
7,247,467
7,248,417
7,249,501
7,250,437
7,251,511
7,252,473
7,253,519
7,254,547
7,255,505
7,256,421
8,1,285
8,2,325
8,3,303
8,4,326
8,5,304
8,6,327
8,7,333
8,8,563
8,9,324
8,10,363
8,11,322
8,12,350
8,13,387
8,14,361
8,15,341
8,16,365
8,17,325
8,18,359
8,19,320
8,20,354
8,21,313
8,22,365
8,23,2418
8,24,359
8,25,335
8,26,360
8,27,355
8,28,811
8,29,342
8,30,456
8,31,360
8,32,387
8,33,358
8,34,406
8,35,376
8,36,406
8,37,412
8,38,535
8,39,403
8,40,432
8,41,392
8,42,435
8,43,408
8,44,416
8,45,333
8,46,337
8,47,279
8,48,249
8,49,264
8,50,230
8,51,320
8,52,326
8,53,242
8,54,270
8,55,273
8,56,265
8,57,240
8,58,262
8,59,388
8,60,261
8,61,272
8,62,258
8,63,233
8,64,307
8,65,234
8,66,247
8,67,250
8,68,278
8,69,236
8,70,248
8,71,413
8,72,240
8,73,351
8,74,243
8,75,250
8,76,275
8,77,259
8,78,261
8,79,237
8,80,259
8,81,230
8,82,222
8,83,233
8,84,225
8,85,213
8,86,225
8,87,224
8,88,280
8,89,218
8,90,230
8,91,229
8,92,265
8,93,217
8,94,217
8,95,234
8,96,213
8,97,230
8,98,216
8,99,232
8,100,219
8,101,214
8,102,210
8,103,275
8,104,213
8,105,210
8,106,198
8,107,208
8,108,212
8,109,211
8,110,202
8,111,210
8,112,206
8,113,194
8,114,210
8,115,198
8,116,203
8,117,197
8,118,204
8,119,224
8,120,202
8,121,190
8,122,206
8,123,181
8,124,223
8,125,178
8,126,198
8,127,189
8,128,193
8,129,163
8,130,189
8,131,162
8,132,173
8,133,157
8,134,137
8,135,165
8,136,116
8,137,141
8,138,135
8,139,159
8,140,132
8,141,140
8,142,123
8,143,1526
8,144,424
8,145,159
8,146,124
8,147,143
8,148,209
8,149,145
8,150,140
8,151,145
8,152,139
8,153,148
8,154,133
8,155,186
8,156,146
8,157,187
8,158,161
8,159,165
8,160,198
8,161,182
8,162,148
8,163,155
8,164,148
8,165,155
8,166,155
8,167,159
8,168,150
8,169,163
8,170,171
8,171,186
8,172,154
8,173,170
8,174,190
8,175,160
8,176,154
8,177,174
8,178,192
8,179,1849
8,180,163
8,181,201
8,182,165
8,183,213
8,184,174
8,185,200
8,186,146
8,187,173
8,188,190
8,189,189
8,190,149
8,191,211
8,192,164
8,193,186
8,194,152
8,195,186
8,196,158
8,197,213
8,198,191
8,199,185
8,200,168
8,201,202
8,202,175
8,203,199
8,204,164
8,205,208
8,206,172
8,207,214
8,208,173
8,209,221
8,210,1509
8,211,256
8,212,175
8,213,333
8,214,204
8,215,349
8,216,175
8,217,246
8,218,190
8,219,274
8,220,201
8,221,713
8,222,199
8,223,280
8,224,213
8,225,298
8,226,218
8,227,307
8,228,219
8,229,312
8,230,242
8,231,306
8,232,246
8,233,340
8,234,261
8,235,3479
8,236,279
8,237,365
8,238,357
8,239,387
8,240,330
8,241,399
8,242,366
8,243,429
8,244,369
8,245,626
8,246,454
8,247,467
8,248,417
8,249,501
8,250,437
8,251,511
8,252,473
8,253,519
8,254,547
8,255,505
8,256,421
9,1,286
9,2,326
9,3,302
9,4,328
9,5,303
9,6,328
9,7,333
9,8,567
9,9,324
9,10,365
9,11,321
9,12,350
9,13,385
9,14,362
9,15,342
9,16,368
9,17,325
9,18,358
9,19,321
9,20,355
9,21,311
9,22,366
9,23,2403
9,24,361
9,25,335
9,26,361
9,27,355
9,28,810
9,29,341
9,30,445
9,31,360
9,32,388
9,33,359
9,34,407
9,35,377
9,36,408
9,37,412
9,38,531
9,39,404
9,40,432
9,41,391
9,42,437
9,43,408
9,44,416
9,45,333
9,46,337
9,47,278
9,48,250
9,49,270
9,50,230
9,51,314
9,52,328
9,53,241
9,54,271
9,55,274
9,56,266
9,57,240
9,58,262
9,59,386
9,60,262
9,61,270
9,62,258
9,63,234
9,64,309
9,65,233
9,66,249
9,67,250
9,68,279
9,69,237
9,70,249
9,71,413
9,72,241
9,73,353
9,74,245
9,75,250
9,76,276
9,77,256
9,78,248
9,79,236
9,80,262
9,81,229
9,82,225
9,83,232
9,84,226
9,85,214
9,86,226
9,87,223
9,88,279
9,89,218
9,90,232
9,91,229
9,92,270
9,93,216
9,94,218
9,95,234
9,96,215
9,97,228
9,98,218
9,99,232
9,100,219
9,101,216
9,102,211
9,103,281
9,104,214
9,105,209
9,106,200
9,107,209
9,108,214
9,109,211
9,110,203
9,111,210
9,112,206
9,113,193
9,114,210
9,115,198
9,116,205
9,117,196
9,118,206
9,119,223
9,120,203
9,121,190
9,122,206
9,123,181
9,124,225
9,125,176
9,126,200
9,127,187
9,128,193
9,129,162
9,130,191
9,131,161
9,132,173
9,133,154
9,134,137
9,135,165
9,136,117
9,137,141
9,138,137
9,139,158
9,140,134
9,141,139
9,142,125
9,143,1529
9,144,424
9,145,160
9,146,125
9,147,143
9,148,209
9,149,146
9,150,142
9,151,145
9,152,140
9,153,146
9,154,134
9,155,187
9,156,147
9,157,186
9,158,160
9,159,165
9,160,199
9,161,182
9,162,149
9,163,173
9,164,149
9,165,156
9,166,157
9,167,158
9,168,152
9,169,163
9,170,174
9,171,186
9,172,156
9,173,169
9,174,190
9,175,160
9,176,156
9,177,172
9,178,196
9,179,1850
9,180,165
9,181,202
9,182,166
9,183,214
9,184,176
9,185,201
9,186,150
9,187,173
9,188,191
9,189,189
9,190,151
9,191,210
9,192,165
9,193,186
9,194,153
9,195,186
9,196,160
9,197,212
9,198,190
9,199,184
9,200,169
9,201,202
9,202,178
9,203,199
9,204,165
9,205,207
9,206,173
9,207,214
9,208,174
9,209,220
9,210,1508
9,211,254
9,212,177
9,213,335
9,214,203
9,215,350
9,216,176
9,217,246
9,218,191
9,219,274
9,220,202
9,221,711
9,222,203
9,223,278
9,224,214
9,225,299
9,226,219
9,227,309
9,228,220
9,229,311
9,230,244
9,231,307
9,232,248
9,233,337
9,234,263
9,235,3488
9,236,282
9,237,366
9,238,360
9,239,386
9,240,330
9,241,400
9,242,366
9,243,426
9,244,371
9,245,626
9,246,458
9,247,467
9,248,419
9,249,500
9,250,439
9,251,512
9,252,473
9,253,521
9,254,549
9,255,507
9,256,423
10,1,286
10,2,326
10,3,302
10,4,328
10,5,303
10,6,328
10,7,333
10,8,567
10,9,324
10,10,365
10,11,321
10,12,350
10,13,385
10,14,362
10,15,342
10,16,368
10,17,325
10,18,358
10,19,321
10,20,355
10,21,311
10,22,366
10,23,2403
10,24,361
10,25,335
10,26,361
10,27,355
10,28,810
10,29,341
10,30,445
10,31,360
10,32,388
10,33,359
10,34,407
10,35,377
10,36,408
10,37,412
10,38,531
10,39,404
10,40,432
10,41,391
10,42,437
10,43,408
10,44,416
10,45,333
10,46,337
10,47,278
10,48,250
10,49,270
10,50,230
10,51,314
10,52,328
10,53,241
10,54,271
10,55,274
10,56,266
10,57,240
10,58,262
10,59,386
10,60,262
10,61,270
10,62,258
10,63,234
10,64,309
10,65,233
10,66,249
10,67,250
10,68,279
10,69,237
10,70,249
10,71,413
10,72,241
10,73,353
10,74,245
10,75,250
10,76,276
10,77,256
10,78,248
10,79,236
10,80,262
10,81,229
10,82,225
10,83,232
10,84,226
10,85,214
10,86,226
10,87,223
10,88,279
10,89,218
10,90,232
10,91,229
10,92,270
10,93,216
10,94,218
10,95,234
10,96,215
10,97,228
10,98,218
10,99,232
10,100,219
10,101,216
10,102,211
10,103,281
10,104,214
10,105,209
10,106,200
10,107,209
10,108,214
10,109,211
10,110,203
10,111,210
10,112,206
10,113,193
10,114,210
10,115,198
10,116,205
10,117,196
10,118,206
10,119,223
10,120,203
10,121,190
10,122,206
10,123,181
10,124,225
10,125,176
10,126,200
10,127,187
10,128,193
10,129,162
10,130,191
10,131,161
10,132,173
10,133,154
10,134,137
10,135,165
10,136,117
10,137,141
10,138,137
10,139,158
10,140,134
10,141,139
10,142,125
10,143,1529
10,144,424
10,145,160
10,146,125
10,147,143
10,148,209
10,149,146
10,150,142
10,151,145
10,152,140
10,153,146
10,154,134
10,155,187
10,156,147
10,157,186
10,158,160
10,159,165
10,160,199
10,161,182
10,162,149
10,163,173
10,164,149
10,165,156
10,166,157
10,167,158
10,168,152
10,169,163
10,170,174
10,171,186
10,172,156
10,173,169
10,174,190
10,175,160
10,176,156
10,177,172
10,178,196
10,179,1850
10,180,165
10,181,202
10,182,166
10,183,214
10,184,176
10,185,201
10,186,150
10,187,173
10,188,191
10,189,189
10,190,151
10,191,210
10,192,165
10,193,186
10,194,153
10,195,186
10,196,160
10,197,212
10,198,190
10,199,184
10,200,169
10,201,202
10,202,178
10,203,199
10,204,165
10,205,207
10,206,173
10,207,214
10,208,174
10,209,220
10,210,1508
10,211,254
10,212,177
10,213,335
10,214,203
10,215,350
10,216,176
10,217,246
10,218,191
10,219,274
10,220,202
10,221,711
10,222,203
10,223,278
10,224,214
10,225,299
10,226,219
10,227,309
10,228,220
10,229,311
10,230,244
10,231,307
10,232,248
10,233,337
10,234,263
10,235,3488
10,236,282
10,237,366
10,238,360
10,239,386
10,240,330
10,241,400
10,242,366
10,243,426
10,244,371
10,245,626
10,246,458
10,247,467
10,248,419
10,249,500
10,250,439
10,251,512
10,252,473
10,253,521
10,254,549
10,255,507
10,256,423
11,1,285
11,2,325
11,3,302
11,4,329
11,5,303
11,6,328
11,7,333
11,8,573
11,9,323
11,10,363
11,11,323
11,12,351
11,13,386
11,14,362
11,15,344
11,16,368
11,17,325
11,18,360
11,19,319
11,20,354
11,21,311
11,22,367
11,23,2403
11,24,362
11,25,335
11,26,363
11,27,358
11,28,810
11,29,342
11,30,446
11,31,360
11,32,387
11,33,359
11,34,408
11,35,376
11,36,406
11,37,412
11,38,532
11,39,404
11,40,432
11,41,393
11,42,437
11,43,408
11,44,416
11,45,333
11,46,338
11,47,278
11,48,250
11,49,268
11,50,231
11,51,316
11,52,326
11,53,241
11,54,271
11,55,272
11,56,265
11,57,241
11,58,262
11,59,387
11,60,261
11,61,271
11,62,259
11,63,234
11,64,313
11,65,232
11,66,247
11,67,251
11,68,278
11,69,237
11,70,251
11,71,411
11,72,240
11,73,351
11,74,244
11,75,251
11,76,275
11,77,257
11,78,247
11,79,236
11,80,262
11,81,230
11,82,223
11,83,232
11,84,226
11,85,212
11,86,223
11,87,225
11,88,281
11,89,218
11,90,231
11,91,229
11,92,267
11,93,216
11,94,219
11,95,232
11,96,214
11,97,228
11,98,216
11,99,233
11,100,221
11,101,215
11,102,212
11,103,283
11,104,214
11,105,211
11,106,201
11,107,209
11,108,214
11,109,208
11,110,202
11,111,210
11,112,206
11,113,194
11,114,210
11,115,199
11,116,205
11,117,197
11,118,205
11,119,223
11,120,201
11,121,189
11,122,207
11,123,182
11,124,226
11,125,177
11,126,199
11,127,187
11,128,193
11,129,162
11,130,190
11,131,161
11,132,172
11,133,156
11,134,136
11,135,164
11,136,115
11,137,142
11,138,137
11,139,158
11,140,133
11,141,139
11,142,123
11,143,1521
11,144,425
11,145,158
11,146,126
11,147,144
11,148,212
11,149,146
11,150,142
11,151,144
11,152,141
11,153,146
11,154,134
11,155,187
11,156,147
11,157,186
11,158,159
11,159,165
11,160,201
11,161,182
11,162,148
11,163,155
11,164,149
11,165,155
11,166,155
11,167,159
11,168,151
11,169,162
11,170,174
11,171,185
11,172,156
11,173,169
11,174,190
11,175,159
11,176,155
11,177,172
11,178,192
11,179,1861
11,180,165
11,181,199
11,182,164
11,183,213
11,184,175
11,185,200
11,186,148
11,187,174
11,188,191
11,189,188
11,190,150
11,191,210
11,192,164
11,193,187
11,194,152
11,195,186
11,196,159
11,197,214
11,198,190
11,199,184
11,200,169
11,201,202
11,202,176
11,203,200
11,204,164
11,205,207
11,206,173
11,207,213
11,208,173
11,209,220
11,210,1507
11,211,253
11,212,177
11,213,332
11,214,205
11,215,335
11,216,175
11,217,246
11,218,192
11,219,274
11,220,202
11,221,713
11,222,201
11,223,279
11,224,214
11,225,297
11,226,221
11,227,307
11,228,220
11,229,310
11,230,243
11,231,306
11,232,248
11,233,339
11,234,263
11,235,3494
11,236,281
11,237,365
11,238,358
11,239,388
11,240,330
11,241,400
11,242,366
11,243,428
11,244,370
11,245,624
11,246,460
11,247,466
11,248,418
11,249,501
11,250,440
11,251,512
11,252,472
11,253,518
11,254,539
11,255,506
11,256,423
12,1,285
12,2,325
12,3,302
12,4,329
12,5,303
12,6,328
12,7,333
12,8,573
12,9,323
12,10,363
12,11,323
12,12,351
12,13,386
12,14,362
12,15,344
12,16,368
12,17,325
12,18,360
12,19,319
12,20,354
12,21,311
12,22,367
12,23,2403
12,24,362
12,25,335
12,26,363
12,27,358
12,28,810
12,29,342
12,30,446
12,31,360
12,32,387
12,33,359
12,34,408
12,35,376
12,36,406
12,37,412
12,38,532
12,39,404
12,40,432
12,41,393
12,42,437
12,43,408
12,44,416
12,45,333
12,46,338
12,47,278
12,48,250
12,49,268
12,50,231
12,51,316
12,52,326
12,53,241
12,54,271
12,55,272
12,56,265
12,57,241
12,58,262
12,59,387
12,60,261
12,61,271
12,62,259
12,63,234
12,64,313
12,65,232
12,66,247
12,67,251
12,68,278
12,69,237
12,70,251
12,71,411
12,72,240
12,73,351
12,74,244
12,75,251
12,76,275
12,77,257
12,78,247
12,79,236
12,80,262
12,81,230
12,82,223
12,83,232
12,84,226
12,85,212
12,86,223
12,87,225
12,88,281
12,89,218
12,90,231
12,91,229
12,92,267
12,93,216
12,94,219
12,95,232
12,96,214
12,97,228
12,98,216
12,99,233
12,100,221
12,101,215
12,102,212
12,103,283
12,104,214
12,105,211
12,106,201
12,107,209
12,108,214
12,109,208
12,110,202
12,111,210
12,112,206
12,113,194
12,114,210
12,115,199
12,116,205
12,117,197
12,118,205
12,119,223
12,120,201
12,121,189
12,122,207
12,123,182
12,124,226
12,125,177
12,126,199
12,127,187
12,128,193
12,129,162
12,130,190
12,131,161
12,132,172
12,133,156
12,134,136
12,135,164
12,136,115
12,137,142
12,138,137
12,139,158
12,140,133
12,141,139
12,142,123
12,143,1521
12,144,425
12,145,158
12,146,126
12,147,144
12,148,212
12,149,146
12,150,142
12,151,144
12,152,141
12,153,146
12,154,134
12,155,187
12,156,147
12,157,186
12,158,159
12,159,165
12,160,201
12,161,182
12,162,148
12,163,155
12,164,149
12,165,155
12,166,155
12,167,159
12,168,151
12,169,162
12,170,174
12,171,185
12,172,156
12,173,169
12,174,190
12,175,159
12,176,155
12,177,172
12,178,192
12,179,1861
12,180,165
12,181,199
12,182,164
12,183,213
12,184,175
12,185,200
12,186,148
12,187,174
12,188,191
12,189,188
12,190,150
12,191,210
12,192,164
12,193,187
12,194,152
12,195,186
12,196,159
12,197,214
12,198,190
12,199,184
12,200,169
12,201,202
12,202,176
12,203,200
12,204,164
12,205,207
12,206,173
12,207,213
12,208,173
12,209,220
12,210,1507
12,211,253
12,212,177
12,213,332
12,214,205
12,215,335
12,216,175
12,217,246
12,218,192
12,219,274
12,220,202
12,221,713
12,222,201
12,223,279
12,224,214
12,225,297
12,226,221
12,227,307
12,228,220
12,229,310
12,230,243
12,231,306
12,232,248
12,233,339
12,234,263
12,235,3494
12,236,281
12,237,365
12,238,358
12,239,388
12,240,330
12,241,400
12,242,366
12,243,428
12,244,370
12,245,624
12,246,460
12,247,466
12,248,418
12,249,501
12,250,440
12,251,512
12,252,472
12,253,518
12,254,539
12,255,506
12,256,423
13,1,286
13,2,323
13,3,301
13,4,328
13,5,303
13,6,327
13,7,332
13,8,570
13,9,323
13,10,365
13,11,325
13,12,360
13,13,385
13,14,364
13,15,343
13,16,367
13,17,322
13,18,358
13,19,321
13,20,353
13,21,312
13,22,367
13,23,2452
13,24,360
13,25,333
13,26,361
13,27,354
13,28,811
13,29,341
13,30,454
13,31,359
13,32,387
13,33,357
13,34,407
13,35,377
13,36,407
13,37,413
13,38,528
13,39,404
13,40,431
13,41,392
13,42,436
13,43,407
13,44,418
13,45,332
13,46,338
13,47,280
13,48,250
13,49,265
13,50,231
13,51,318
13,52,326
13,53,240
13,54,270
13,55,272
13,56,265
13,57,240
13,58,262
13,59,386
13,60,261
13,61,272
13,62,265
13,63,273
13,64,311
13,65,233
13,66,247
13,67,250
13,68,279
13,69,237
13,70,249
13,71,410
13,72,239
13,73,350
13,74,244
13,75,250
13,76,275
13,77,256
13,78,247
13,79,234
13,80,259
13,81,230
13,82,224
13,83,231
13,84,225
13,85,212
13,86,227
13,87,223
13,88,279
13,89,218
13,90,230
13,91,230
13,92,266
13,93,216
13,94,218
13,95,233
13,96,214
13,97,229
13,98,216
13,99,232
13,100,221
13,101,215
13,102,211
13,103,279
13,104,214
13,105,210
13,106,199
13,107,209
13,108,214
13,109,209
13,110,203
13,111,209
13,112,206
13,113,194
13,114,208
13,115,197
13,116,205
13,117,196
13,118,204
13,119,223
13,120,201
13,121,190
13,122,205
13,123,179
13,124,226
13,125,177
13,126,200
13,127,187
13,128,193
13,129,162
13,130,189
13,131,161
13,132,173
13,133,156
13,134,137
13,135,166
13,136,116
13,137,142
13,138,136
13,139,157
13,140,133
13,141,138
13,142,122
13,143,1524
13,144,423
13,145,159
13,146,126
13,147,144
13,148,210
13,149,145
13,150,141
13,151,146
13,152,139
13,153,146
13,154,133
13,155,187
13,156,147
13,157,185
13,158,161
13,159,164
13,160,200
13,161,183
13,162,149
13,163,155
13,164,149
13,165,154
13,166,156
13,167,159
13,168,151
13,169,163
13,170,172
13,171,186
13,172,156
13,173,169
13,174,192
13,175,160
13,176,155
13,177,173
13,178,193
13,179,1850
13,180,164
13,181,201
13,182,165
13,183,215
13,184,175
13,185,200
13,186,148
13,187,173
13,188,191
13,189,187
13,190,150
13,191,210
13,192,163
13,193,187
13,194,151
13,195,186
13,196,158
13,197,214
13,198,190
13,199,183
13,200,168
13,201,202
13,202,178
13,203,199
13,204,164
13,205,208
13,206,173
13,207,213
13,208,174
13,209,225
13,210,1511
13,211,255
13,212,177
13,213,333
13,214,202
13,215,341
13,216,175
13,217,246
13,218,191
13,219,274
13,220,202
13,221,706
13,222,203
13,223,278
13,224,214
13,225,297
13,226,217
13,227,307
13,228,221
13,229,311
13,230,242
13,231,306
13,232,247
13,233,338
13,234,263
13,235,3485
13,236,280
13,237,366
13,238,357
13,239,387
13,240,329
13,241,399
13,242,366
13,243,427
13,244,372
13,245,625
13,246,463
13,247,466
13,248,418
13,249,497
13,250,437
13,251,514
13,252,475
13,253,516
13,254,536
13,255,505
13,256,423
14,1,286
14,2,323
14,3,301
14,4,328
14,5,303
14,6,327
14,7,332
14,8,570
14,9,323
14,10,365
14,11,325
14,12,360
14,13,385
14,14,364
14,15,343
14,16,367
14,17,322
14,18,358
14,19,321
14,20,353
14,21,312
14,22,367
14,23,2452
14,24,360
14,25,333
14,26,361
14,27,354
14,28,811
14,29,341
14,30,454
14,31,359
14,32,387
14,33,357
14,34,407
14,35,377
14,36,407
14,37,413
14,38,528
14,39,404
14,40,431
14,41,392
14,42,436
14,43,407
14,44,418
14,45,332
14,46,338
14,47,280
14,48,250
14,49,265
14,50,231
14,51,318
14,52,326
14,53,240
14,54,270
14,55,272
14,56,265
14,57,240
14,58,262
14,59,386
14,60,261
14,61,272
14,62,265
14,63,273
14,64,311
14,65,233
14,66,247
14,67,250
14,68,279
14,69,237
14,70,249
14,71,410
14,72,239
14,73,350
14,74,244
14,75,250
14,76,275
14,77,256
14,78,247
14,79,234
14,80,259
14,81,230
14,82,224
14,83,231
14,84,225
14,85,212
14,86,227
14,87,223
14,88,279
14,89,218
14,90,230
14,91,230
14,92,266
14,93,216
14,94,218
14,95,233
14,96,214
14,97,229
14,98,216
14,99,232
14,100,221
14,101,215
14,102,211
14,103,279
14,104,214
14,105,210
14,106,199
14,107,209
14,108,214
14,109,209
14,110,203
14,111,209
14,112,206
14,113,194
14,114,208
14,115,197
14,116,205
14,117,196
14,118,204
14,119,223
14,120,201
14,121,190
14,122,205
14,123,179
14,124,226
14,125,177
14,126,200
14,127,187
14,128,193
14,129,162
14,130,189
14,131,161
14,132,173
14,133,156
14,134,137
14,135,166
14,136,116
14,137,142
14,138,136
14,139,157
14,140,133
14,141,138
14,142,122
14,143,1524
14,144,423
14,145,159
14,146,126
14,147,144
14,148,210
14,149,145
14,150,141
14,151,146
14,152,139
14,153,146
14,154,133
14,155,187
14,156,147
14,157,185
14,158,161
14,159,164
14,160,200
14,161,183
14,162,149
14,163,155
14,164,149
14,165,154
14,166,156
14,167,159
14,168,151
14,169,163
14,170,172
14,171,186
14,172,156
14,173,169
14,174,192
14,175,160
14,176,155
14,177,173
14,178,193
14,179,1850
14,180,164
14,181,201
14,182,165
14,183,215
14,184,175
14,185,200
14,186,148
14,187,173
14,188,191
14,189,187
14,190,150
14,191,210
14,192,163
14,193,187
14,194,151
14,195,186
14,196,158
14,197,214
14,198,190
14,199,183
14,200,168
14,201,202
14,202,178
14,203,199
14,204,164
14,205,208
14,206,173
14,207,213
14,208,174
14,209,225
14,210,1511
14,211,255
14,212,177
14,213,333
14,214,202
14,215,341
14,216,175
14,217,246
14,218,191
14,219,274
14,220,202
14,221,706
14,222,203
14,223,278
14,224,214
14,225,297
14,226,217
14,227,307
14,228,221
14,229,311
14,230,242
14,231,306
14,232,247
14,233,338
14,234,263
14,235,3485
14,236,280
14,237,366
14,238,357
14,239,387
14,240,329
14,241,399
14,242,366
14,243,427
14,244,372
14,245,625
14,246,463
14,247,466
14,248,418
14,249,497
14,250,437
14,251,514
14,252,475
14,253,516
14,254,536
14,255,505
14,256,423
15,1,286
15,2,326
15,3,301
15,4,329
15,5,302
15,6,328
15,7,334
15,8,570
15,9,324
15,10,362
15,11,321
15,12,351
15,13,388
15,14,362
15,15,341
15,16,366
15,17,324
15,18,358
15,19,321
15,20,353
15,21,313
15,22,367
15,23,2399
15,24,360
15,25,335
15,26,361
15,27,355
15,28,812
15,29,341
15,30,445
15,31,360
15,32,387
15,33,359
15,34,407
15,35,375
15,36,407
15,37,414
15,38,530
15,39,405
15,40,431
15,41,393
15,42,437
15,43,408
15,44,415
15,45,333
15,46,339
15,47,278
15,48,250
15,49,270
15,50,230
15,51,315
15,52,332
15,53,242
15,54,270
15,55,272
15,56,265
15,57,240
15,58,261
15,59,385
15,60,261
15,61,271
15,62,257
15,63,234
15,64,307
15,65,233
15,66,249
15,67,249
15,68,279
15,69,237
15,70,250
15,71,412
15,72,240
15,73,347
15,74,249
15,75,258
15,76,275
15,77,256
15,78,247
15,79,236
15,80,261
15,81,229
15,82,223
15,83,234
15,84,226
15,85,212
15,86,226
15,87,222
15,88,280
15,89,217
15,90,229
15,91,229
15,92,265
15,93,217
15,94,219
15,95,231
15,96,213
15,97,229
15,98,217
15,99,233
15,100,221
15,101,215
15,102,211
15,103,274
15,104,215
15,105,210
15,106,200
15,107,208
15,108,213
15,109,209
15,110,203
15,111,208
15,112,206
15,113,193
15,114,209
15,115,198
15,116,203
15,117,196
15,118,205
15,119,223
15,120,202
15,121,190
15,122,206
15,123,180
15,124,224
15,125,178
15,126,198
15,127,187
15,128,192
15,129,163
15,130,190
15,131,161
15,132,175
15,133,156
15,134,136
15,135,165
15,136,116
15,137,142
15,138,137
15,139,158
15,140,133
15,141,139
15,142,123
15,143,1524
15,144,424
15,145,162
15,146,126
15,147,144
15,148,212
15,149,145
15,150,140
15,151,145
15,152,139
15,153,146
15,154,133
15,155,186
15,156,148
15,157,186
15,158,159
15,159,165
15,160,199
15,161,182
15,162,148
15,163,155
15,164,148
15,165,155
15,166,155
15,167,157
15,168,151
15,169,164
15,170,173
15,171,187
15,172,156
15,173,169
15,174,187
15,175,159
15,176,155
15,177,174
15,178,192
15,179,1847
15,180,164
15,181,201
15,182,165
15,183,212
15,184,176
15,185,200
15,186,148
15,187,173
15,188,192
15,189,188
15,190,150
15,191,210
15,192,164
15,193,186
15,194,152
15,195,187
15,196,158
15,197,211
15,198,190
15,199,184
15,200,169
15,201,202
15,202,176
15,203,198
15,204,163
15,205,207
15,206,171
15,207,213
15,208,174
15,209,222
15,210,1509
15,211,253
15,212,177
15,213,332
15,214,204
15,215,340
15,216,175
15,217,246
15,218,191
15,219,274
15,220,203
15,221,717
15,222,203
15,223,280
15,224,214
15,225,297
15,226,218
15,227,307
15,228,221
15,229,312
15,230,242
15,231,308
15,232,246
15,233,336
15,234,262
15,235,3485
15,236,281
15,237,365
15,238,359
15,239,386
15,240,330
15,241,400
15,242,365
15,243,427
15,244,371
15,245,627
15,246,455
15,247,467
15,248,419
15,249,502
15,250,439
15,251,514
15,252,474
15,253,516
15,254,539
15,255,504
15,256,423
16,1,286
16,2,326
16,3,301
16,4,329
16,5,302
16,6,328
16,7,334
16,8,570
16,9,324
16,10,362
16,11,321
16,12,351
16,13,388
16,14,362
16,15,341
16,16,366
16,17,324
16,18,358
16,19,321
16,20,353
16,21,313
16,22,367
16,23,2399
16,24,360
16,25,335
16,26,361
16,27,355
16,28,812
16,29,341
16,30,445
16,31,360
16,32,387
16,33,359
16,34,407
16,35,375
16,36,407
16,37,414
16,38,530
16,39,405
16,40,431
16,41,393
16,42,437
16,43,408
16,44,415
16,45,333
16,46,339
16,47,278
16,48,250
16,49,270
16,50,230
16,51,315
16,52,332
16,53,242
16,54,270
16,55,272
16,56,265
16,57,240
16,58,261
16,59,385
16,60,261
16,61,271
16,62,257
16,63,234
16,64,307
16,65,233
16,66,249
16,67,249
16,68,279
16,69,237
16,70,250
16,71,412
16,72,240
16,73,347
16,74,249
16,75,258
16,76,275
16,77,256
16,78,247
16,79,236
16,80,261
16,81,229
16,82,223
16,83,234
16,84,226
16,85,212
16,86,226
16,87,222
16,88,280
16,89,217
16,90,229
16,91,229
16,92,265
16,93,217
16,94,219
16,95,231
16,96,213
16,97,229
16,98,217
16,99,233
16,100,221
16,101,215
16,102,211
16,103,274
16,104,215
16,105,210
16,106,200
16,107,208
16,108,213
16,109,209
16,110,203
16,111,208
16,112,206
16,113,193
16,114,209
16,115,198
16,116,203
16,117,196
16,118,205
16,119,223
16,120,202
16,121,190
16,122,206
16,123,180
16,124,224
16,125,178
16,126,198
16,127,187
16,128,192
16,129,163
16,130,190
16,131,161
16,132,175
16,133,156
16,134,136
16,135,165
16,136,116
16,137,142
16,138,137
16,139,158
16,140,133
16,141,139
16,142,123
16,143,1524
16,144,424
16,145,162
16,146,126
16,147,144
16,148,212
16,149,145
16,150,140
16,151,145
16,152,139
16,153,146
16,154,133
16,155,186
16,156,148
16,157,186
16,158,159
16,159,165
16,160,199
16,161,182
16,162,148
16,163,155
16,164,148
16,165,155
16,166,155
16,167,157
16,168,151
16,169,164
16,170,173
16,171,187
16,172,156
16,173,169
16,174,187
16,175,159
16,176,155
16,177,174
16,178,192
16,179,1847
16,180,164
16,181,201
16,182,165
16,183,212
16,184,176
16,185,200
16,186,148
16,187,173
16,188,192
16,189,188
16,190,150
16,191,210
16,192,164
16,193,186
16,194,152
16,195,187
16,196,158
16,197,211
16,198,190
16,199,184
16,200,169
16,201,202
16,202,176
16,203,198
16,204,163
16,205,207
16,206,171
16,207,213
16,208,174
16,209,222
16,210,1509
16,211,253
16,212,177
16,213,332
16,214,204
16,215,340
16,216,175
16,217,246
16,218,191
16,219,274
16,220,203
16,221,717
16,222,203
16,223,280
16,224,214
16,225,297
16,226,218
16,227,307
16,228,221
16,229,312
16,230,242
16,231,308
16,232,246
16,233,336
16,234,262
16,235,3485
16,236,281
16,237,365
16,238,359
16,239,386
16,240,330
16,241,400
16,242,365
16,243,427
16,244,371
16,245,627
16,246,455
16,247,467
16,248,419
16,249,502
16,250,439
16,251,514
16,252,474
16,253,516
16,254,539
16,255,504
16,256,423
17,1,285
17,2,325
17,3,301
17,4,328
17,5,302
17,6,327
17,7,331
17,8,575
17,9,322
17,10,365
17,11,319
17,12,350
17,13,388
17,14,363
17,15,341
17,16,367
17,17,325
17,18,359
17,19,321
17,20,353
17,21,311
17,22,366
17,23,2399
17,24,360
17,25,335
17,26,361
17,27,354
17,28,810
17,29,341
17,30,456
17,31,361
17,32,388
17,33,358
17,34,407
17,35,376
17,36,407
17,37,413
17,38,532
17,39,405
17,40,433
17,41,393
17,42,437
17,43,408
17,44,416
17,45,334
17,46,339
17,47,278
17,48,252
17,49,267
17,50,230
17,51,314
17,52,326
17,53,241
17,54,270
17,55,272
17,56,265
17,57,238
17,58,261
17,59,385
17,60,261
17,61,271
17,62,259
17,63,233
17,64,307
17,65,232
17,66,248
17,67,251
17,68,279
17,69,236
17,70,248
17,71,412
17,72,240
17,73,347
17,74,245
17,75,251
17,76,275
17,77,255
17,78,248
17,79,235
17,80,260
17,81,230
17,82,223
17,83,233
17,84,226
17,85,213
17,86,224
17,87,224
17,88,279
17,89,218
17,90,230
17,91,229
17,92,273
17,93,218
17,94,218
17,95,232
17,96,213
17,97,230
17,98,215
17,99,231
17,100,221
17,101,216
17,102,212
17,103,278
17,104,215
17,105,210
17,106,200
17,107,208
17,108,214
17,109,213
17,110,202
17,111,210
17,112,206
17,113,194
17,114,208
17,115,198
17,116,205
17,117,196
17,118,204
17,119,223
17,120,203
17,121,190
17,122,207
17,123,180
17,124,221
17,125,176
17,126,199
17,127,187
17,128,192
17,129,161
17,130,189
17,131,161
17,132,173
17,133,156
17,134,137
17,135,165
17,136,115
17,137,141
17,138,137
17,139,157
17,140,133
17,141,137
17,142,124
17,143,1528
17,144,424
17,145,158
17,146,124
17,147,143
17,148,216
17,149,145
17,150,141
17,151,145
17,152,140
17,153,146
17,154,133
17,155,186
17,156,146
17,157,187
17,158,160
17,159,165
17,160,200
17,161,181
17,162,149
17,163,155
17,164,148
17,165,154
17,166,154
17,167,159
17,168,151
17,169,164
17,170,172
17,171,186
17,172,156
17,173,169
17,174,188
17,175,159
17,176,155
17,177,172
17,178,192
17,179,1861
17,180,165
17,181,197
17,182,165
17,183,211
17,184,176
17,185,198
17,186,147
17,187,174
17,188,194
17,189,188
17,190,150
17,191,209
17,192,165
17,193,187
17,194,151
17,195,186
17,196,159
17,197,213
17,198,190
17,199,184
17,200,169
17,201,201
17,202,177
17,203,199
17,204,164
17,205,207
17,206,173
17,207,213
17,208,173
17,209,220
17,210,1508
17,211,256
17,212,176
17,213,333
17,214,203
17,215,349
17,216,176
17,217,246
17,218,191
17,219,276
17,220,202
17,221,715
17,222,203
17,223,278
17,224,214
17,225,297
17,226,219
17,227,307
17,228,220
17,229,311
17,230,243
17,231,306
17,232,246
17,233,338
17,234,262
17,235,3493
17,236,282
17,237,366
17,238,358
17,239,387
17,240,329
17,241,398
17,242,366
17,243,427
17,244,371
17,245,624
17,246,457
17,247,465
17,248,418
17,249,504
17,250,438
17,251,512
17,252,473
17,253,519
17,254,544
17,255,504
17,256,424
18,1,285
18,2,325
18,3,301
18,4,328
18,5,302
18,6,327
18,7,331
18,8,575
18,9,322
18,10,365
18,11,319
18,12,350
18,13,388
18,14,363
18,15,341
18,16,367
18,17,325
18,18,359
18,19,321
18,20,353
18,21,311
18,22,366
18,23,2399
18,24,360
18,25,335
18,26,361
18,27,354
18,28,810
18,29,341
18,30,456
18,31,361
18,32,388
18,33,358
18,34,407
18,35,376
18,36,407
18,37,413
18,38,532
18,39,405
18,40,433
18,41,393
18,42,437
18,43,408
18,44,416
18,45,334
18,46,339
18,47,278
18,48,252
18,49,267
18,50,230
18,51,314
18,52,326
18,53,241
18,54,270
18,55,272
18,56,265
18,57,238
18,58,261
18,59,385
18,60,261
18,61,271
18,62,259
18,63,233
18,64,307
18,65,232
18,66,248
18,67,251
18,68,279
18,69,236
18,70,248
18,71,412
18,72,240
18,73,347
18,74,245
18,75,251
18,76,275
18,77,255
18,78,248
18,79,235
18,80,260
18,81,230
18,82,223
18,83,233
18,84,226
18,85,213
18,86,224
18,87,224
18,88,279
18,89,218
18,90,230
18,91,229
18,92,273
18,93,218
18,94,218
18,95,232
18,96,213
18,97,230
18,98,215
18,99,231
18,100,221
18,101,216
18,102,212
18,103,278
18,104,215
18,105,210
18,106,200
18,107,208
18,108,214
18,109,213
18,110,202
18,111,210
18,112,206
18,113,194
18,114,208
18,115,198
18,116,205
18,117,196
18,118,204
18,119,223
18,120,203
18,121,190
18,122,207
18,123,180
18,124,221
18,125,176
18,126,199
18,127,187
18,128,192
18,129,161
18,130,189
18,131,161
18,132,173
18,133,156
18,134,137
18,135,165
18,136,115
18,137,141
18,138,137
18,139,157
18,140,133
18,141,137
18,142,124
18,143,1528
18,144,424
18,145,158
18,146,124
18,147,143
18,148,216
18,149,145
18,150,141
18,151,145
18,152,140
18,153,146
18,154,133
18,155,186
18,156,146
18,157,187
18,158,160
18,159,165
18,160,200
18,161,181
18,162,149
18,163,155
18,164,148
18,165,154
18,166,154
18,167,159
18,168,151
18,169,164
18,170,172
18,171,186
18,172,156
18,173,169
18,174,188
18,175,159
18,176,155
18,177,172
18,178,192
18,179,1861
18,180,165
18,181,197
18,182,165
18,183,211
18,184,176
18,185,198
18,186,147
18,187,174
18,188,194
18,189,188
18,190,150
18,191,209
18,192,165
18,193,187
18,194,151
18,195,186
18,196,159
18,197,213
18,198,190
18,199,184
18,200,169
18,201,201
18,202,177
18,203,199
18,204,164
18,205,207
18,206,173
18,207,213
18,208,173
18,209,220
18,210,1508
18,211,256
18,212,176
18,213,333
18,214,203
18,215,349
18,216,176
18,217,246
18,218,191
18,219,276
18,220,202
18,221,715
18,222,203
18,223,278
18,224,214
18,225,297
18,226,219
18,227,307
18,228,220
18,229,311
18,230,243
18,231,306
18,232,246
18,233,338
18,234,262
18,235,3493
18,236,282
18,237,366
18,238,358
18,239,387
18,240,329
18,241,398
18,242,366
18,243,427
18,244,371
18,245,624
18,246,457
18,247,465
18,248,418
18,249,504
18,250,438
18,251,512
18,252,473
18,253,519
18,254,544
18,255,504
18,256,424
19,1,285
19,2,323
19,3,302
19,4,330
19,5,303
19,6,328
19,7,332
19,8,567
19,9,322
19,10,363
19,11,321
19,12,353
19,13,398
19,14,362
19,15,342
19,16,368
19,17,325
19,18,359
19,19,323
19,20,353
19,21,312
19,22,366
19,23,2400
19,24,360
19,25,336
19,26,362
19,27,356
19,28,810
19,29,341
19,30,448
19,31,359
19,32,389
19,33,358
19,34,407
19,35,376
19,36,408
19,37,411
19,38,530
19,39,403
19,40,431
19,41,394
19,42,436
19,43,408
19,44,416
19,45,333
19,46,339
19,47,279
19,48,250
19,49,265
19,50,231
19,51,320
19,52,327
19,53,239
19,54,271
19,55,273
19,56,266
19,57,239
19,58,262
19,59,386
19,60,262
19,61,270
19,62,259
19,63,234
19,64,308
19,65,234
19,66,248
19,67,250
19,68,277
19,69,236
19,70,248
19,71,413
19,72,240
19,73,351
19,74,245
19,75,250
19,76,274
19,77,257
19,78,249
19,79,236
19,80,261
19,81,229
19,82,223
19,83,232
19,84,226
19,85,213
19,86,224
19,87,223
19,88,280
19,89,217
19,90,231
19,91,229
19,92,272
19,93,216
19,94,218
19,95,231
19,96,213
19,97,229
19,98,218
19,99,232
19,100,222
19,101,215
19,102,213
19,103,278
19,104,214
19,105,210
19,106,200
19,107,210
19,108,214
19,109,211
19,110,203
19,111,209
19,112,207
19,113,193
19,114,209
19,115,198
19,116,206
19,117,195
19,118,207
19,119,224
19,120,202
19,121,190
19,122,207
19,123,180
19,124,222
19,125,177
19,126,199
19,127,188
19,128,193
19,129,162
19,130,190
19,131,161
19,132,173
19,133,156
19,134,137
19,135,165
19,136,117
19,137,142
19,138,136
19,139,158
19,140,134
19,141,138
19,142,124
19,143,1524
19,144,423
19,145,159
19,146,126
19,147,144
19,148,211
19,149,146
19,150,141
19,151,145
19,152,141
19,153,146
19,154,131
19,155,187
19,156,147
19,157,186
19,158,160
19,159,165
19,160,199
19,161,182
19,162,149
19,163,155
19,164,149
19,165,154
19,166,155
19,167,159
19,168,151
19,169,163
19,170,174
19,171,187
19,172,157
19,173,169
19,174,187
19,175,159
19,176,155
19,177,173
19,178,195
19,179,1847
19,180,164
19,181,200
19,182,168
19,183,214
19,184,176
19,185,200
19,186,148
19,187,174
19,188,191
19,189,188
19,190,150
19,191,208
19,192,164
19,193,186
19,194,152
19,195,186
19,196,159
19,197,213
19,198,191
19,199,185
19,200,170
19,201,202
19,202,178
19,203,200
19,204,165
19,205,207
19,206,173
19,207,212
19,208,173
19,209,220
19,210,1513
19,211,255
19,212,177
19,213,330
19,214,203
19,215,344
19,216,176
19,217,245
19,218,193
19,219,275
19,220,203
19,221,714
19,222,203
19,223,278
19,224,214
19,225,297
19,226,218
19,227,308
19,228,221
19,229,311
19,230,243
19,231,307
19,232,248
19,233,338
19,234,263
19,235,3494
19,236,282
19,237,366
19,238,359
19,239,387
19,240,331
19,241,399
19,242,367
19,243,427
19,244,371
19,245,626
19,246,462
19,247,465
19,248,419
19,249,504
19,250,439
19,251,513
19,252,473
19,253,518
19,254,547
19,255,506
19,256,424
20,1,285
20,2,323
20,3,302
20,4,330
20,5,303
20,6,328
20,7,332
20,8,567
20,9,322
20,10,363
20,11,321
20,12,353
20,13,398
20,14,362
20,15,342
20,16,368
20,17,325
20,18,359
20,19,323
20,20,353
20,21,312
20,22,366
20,23,2400
20,24,360
20,25,336
20,26,362
20,27,356
20,28,810
20,29,341
20,30,448
20,31,359
20,32,389
20,33,358
20,34,407
20,35,376
20,36,408
20,37,411
20,38,530
20,39,403
20,40,431
20,41,394
20,42,436
20,43,408
20,44,416
20,45,333
20,46,339
20,47,279
20,48,250
20,49,265
20,50,231
20,51,320
20,52,327
20,53,239
20,54,271
20,55,273
20,56,266
20,57,239
20,58,262
20,59,386
20,60,262
20,61,270
20,62,259
20,63,234
20,64,308
20,65,234
20,66,248
20,67,250
20,68,277
20,69,236
20,70,248
20,71,413
20,72,240
20,73,351
20,74,245
20,75,250
20,76,274
20,77,257
20,78,249
20,79,236
20,80,261
20,81,229
20,82,223
20,83,232
20,84,226
20,85,213
20,86,224
20,87,223
20,88,280
20,89,217
20,90,231
20,91,229
20,92,272
20,93,216
20,94,218
20,95,231
20,96,213
20,97,229
20,98,218
20,99,232
20,100,222
20,101,215
20,102,213
20,103,278
20,104,214
20,105,210
20,106,200
20,107,210
20,108,214
20,109,211
20,110,203
20,111,209
20,112,207
20,113,193
20,114,209
20,115,198
20,116,206
20,117,195
20,118,207
20,119,224
20,120,202
20,121,190
20,122,207
20,123,180
20,124,222
20,125,177
20,126,199
20,127,188
20,128,193
20,129,162
20,130,190
20,131,161
20,132,173
20,133,156
20,134,137
20,135,165
20,136,117
20,137,142
20,138,136
20,139,158
20,140,134
20,141,138
20,142,124
20,143,1524
20,144,423
20,145,159
20,146,126
20,147,144
20,148,211
20,149,146
20,150,141
20,151,145
20,152,141
20,153,146
20,154,131
20,155,187
20,156,147
20,157,186
20,158,160
20,159,165
20,160,199
20,161,182
20,162,149
20,163,155
20,164,149
20,165,154
20,166,155
20,167,159
20,168,151
20,169,163
20,170,174
20,171,187
20,172,157
20,173,169
20,174,187
20,175,159
20,176,155
20,177,173
20,178,195
20,179,1847
20,180,164
20,181,200
20,182,168
20,183,214
20,184,176
20,185,200
20,186,148
20,187,174
20,188,191
20,189,188
20,190,150
20,191,208
20,192,164
20,193,186
20,194,152
20,195,186
20,196,159
20,197,213
20,198,191
20,199,185
20,200,170
20,201,202
20,202,178
20,203,200
20,204,165
20,205,207
20,206,173
20,207,212
20,208,173
20,209,220
20,210,1513
20,211,255
20,212,177
20,213,330
20,214,203
20,215,344
20,216,176
20,217,245
20,218,193
20,219,275
20,220,203
20,221,714
20,222,203
20,223,278
20,224,214
20,225,297
20,226,218
20,227,308
20,228,221
20,229,311
20,230,243
20,231,307
20,232,248
20,233,338
20,234,263
20,235,3494
20,236,282
20,237,366
20,238,359
20,239,387
20,240,331
20,241,399
20,242,367
20,243,427
20,244,371
20,245,626
20,246,462
20,247,465
20,248,419
20,249,504
20,250,439
20,251,513
20,252,473
20,253,518
20,254,547
20,255,506
20,256,424
21,1,285
21,2,325
21,3,304
21,4,329
21,5,303
21,6,328
21,7,333
21,8,566
21,9,323
21,10,365
21,11,321
21,12,351
21,13,387
21,14,363
21,15,341
21,16,367
21,17,326
21,18,358
21,19,321
21,20,352
21,21,313
21,22,367
21,23,2406
21,24,360
21,25,335
21,26,360
21,27,355
21,28,809
21,29,342
21,30,446
21,31,359
21,32,389
21,33,358
21,34,406
21,35,376
21,36,407
21,37,413
21,38,530
21,39,406
21,40,433
21,41,393
21,42,436
21,43,409
21,44,416
21,45,333
21,46,338
21,47,280
21,48,250
21,49,273
21,50,230
21,51,313
21,52,327
21,53,241
21,54,269
21,55,273
21,56,293
21,57,245
21,58,262
21,59,387
21,60,261
21,61,270
21,62,259
21,63,232
21,64,308
21,65,231
21,66,247
21,67,250
21,68,279
21,69,237
21,70,248
21,71,411
21,72,239
21,73,349
21,74,244
21,75,251
21,76,275
21,77,255
21,78,246
21,79,234
21,80,260
21,81,229
21,82,223
21,83,232
21,84,225
21,85,212
21,86,223
21,87,223
21,88,281
21,89,217
21,90,231
21,91,228
21,92,267
21,93,217
21,94,218
21,95,232
21,96,214
21,97,228
21,98,215
21,99,233
21,100,221
21,101,215
21,102,211
21,103,276
21,104,215
21,105,211
21,106,201
21,107,210
21,108,212
21,109,211
21,110,203
21,111,208
21,112,206
21,113,195
21,114,207
21,115,199
21,116,205
21,117,196
21,118,206
21,119,224
21,120,202
21,121,189
21,122,207
21,123,180
21,124,225
21,125,177
21,126,198
21,127,187
21,128,193
21,129,162
21,130,189
21,131,163
21,132,175
21,133,157
21,134,137
21,135,166
21,136,117
21,137,141
21,138,136
21,139,158
21,140,132
21,141,138
21,142,123
21,143,1522
21,144,423
21,145,159
21,146,125
21,147,143
21,148,209
21,149,146
21,150,140
21,151,145
21,152,140
21,153,147
21,154,133
21,155,186
21,156,147
21,157,186
21,158,160
21,159,166
21,160,200
21,161,182
21,162,147
21,163,155
21,164,149
21,165,155
21,166,155
21,167,158
21,168,150
21,169,163
21,170,173
21,171,187
21,172,156
21,173,169
21,174,189
21,175,161
21,176,155
21,177,172
21,178,196
21,179,1846
21,180,164
21,181,195
21,182,166
21,183,214
21,184,176
21,185,198
21,186,147
21,187,173
21,188,191
21,189,188
21,190,150
21,191,209
21,192,165
21,193,186
21,194,152
21,195,187
21,196,159
21,197,213
21,198,191
21,199,184
21,200,169
21,201,202
21,202,176
21,203,200
21,204,164
21,205,208
21,206,172
21,207,213
21,208,173
21,209,221
21,210,1511
21,211,278
21,212,294
21,213,335
21,214,205
21,215,351
21,216,175
21,217,246
21,218,192
21,219,275
21,220,203
21,221,711
21,222,201
21,223,278
21,224,212
21,225,298
21,226,218
21,227,306
21,228,220
21,229,310
21,230,243
21,231,307
21,232,249
21,233,339
21,234,262
21,235,3462
21,236,282
21,237,365
21,238,356
21,239,387
21,240,329
21,241,398
21,242,366
21,243,425
21,244,371
21,245,625
21,246,464
21,247,466
21,248,418
21,249,501
21,250,439
21,251,512
21,252,474
21,253,517
21,254,538
21,255,505
21,256,423
22,1,285
22,2,325
22,3,304
22,4,329
22,5,303
22,6,328
22,7,333
22,8,566
22,9,323
22,10,365
22,11,321
22,12,351
22,13,387
22,14,363
22,15,341
22,16,367
22,17,326
22,18,358
22,19,321
22,20,352
22,21,313
22,22,367
22,23,2406
22,24,360
22,25,335
22,26,360
22,27,355
22,28,809
22,29,342
22,30,446
22,31,359
22,32,389
22,33,358
22,34,406
22,35,376
22,36,407
22,37,413
22,38,530
22,39,406
22,40,433
22,41,393
22,42,436
22,43,409
22,44,416
22,45,333
22,46,338
22,47,280
22,48,250
22,49,273
22,50,230
22,51,313
22,52,327
22,53,241
22,54,269
22,55,273
22,56,293
22,57,245
22,58,262
22,59,387
22,60,261
22,61,270
22,62,259
22,63,232
22,64,308
22,65,231
22,66,247
22,67,250
22,68,279
22,69,237
22,70,248
22,71,411
22,72,239
22,73,349
22,74,244
22,75,251
22,76,275
22,77,255
22,78,246
22,79,234
22,80,260
22,81,229
22,82,223
22,83,232
22,84,225
22,85,212
22,86,223
22,87,223
22,88,281
22,89,217
22,90,231
22,91,228
22,92,267
22,93,217
22,94,218
22,95,232
22,96,214
22,97,228
22,98,215
22,99,233
22,100,221
22,101,215
22,102,211
22,103,276
22,104,215
22,105,211
22,106,201
22,107,210
22,108,212
22,109,211
22,110,203
22,111,208
22,112,206
22,113,195
22,114,207
22,115,199
22,116,205
22,117,196
22,118,206
22,119,224
22,120,202
22,121,189
22,122,207
22,123,180
22,124,225
22,125,177
22,126,198
22,127,187
22,128,193
22,129,162
22,130,189
22,131,163
22,132,175
22,133,157
22,134,137
22,135,166
22,136,117
22,137,141
22,138,136
22,139,158
22,140,132
22,141,138
22,142,123
22,143,1522
22,144,423
22,145,159
22,146,125
22,147,143
22,148,209
22,149,146
22,150,140
22,151,145
22,152,140
22,153,147
22,154,133
22,155,186
22,156,147
22,157,186
22,158,160
22,159,166
22,160,200
22,161,182
22,162,147
22,163,155
22,164,149
22,165,155
22,166,155
22,167,158
22,168,150
22,169,163
22,170,173
22,171,187
22,172,156
22,173,169
22,174,189
22,175,161
22,176,155
22,177,172
22,178,196
22,179,1846
22,180,164
22,181,195
22,182,166
22,183,214
22,184,176
22,185,198
22,186,147
22,187,173
22,188,191
22,189,188
22,190,150
22,191,209
22,192,165
22,193,186
22,194,152
22,195,187
22,196,159
22,197,213
22,198,191
22,199,184
22,200,169
22,201,202
22,202,176
22,203,200
22,204,164
22,205,208
22,206,172
22,207,213
22,208,173
22,209,221
22,210,1511
22,211,278
22,212,294
22,213,335
22,214,205
22,215,351
22,216,175
22,217,246
22,218,192
22,219,275
22,220,203
22,221,711
22,222,201
22,223,278
22,224,212
22,225,298
22,226,218
22,227,306
22,228,220
22,229,310
22,230,243
22,231,307
22,232,249
22,233,339
22,234,262
22,235,3462
22,236,282
22,237,365
22,238,356
22,239,387
22,240,329
22,241,398
22,242,366
22,243,425
22,244,371
22,245,625
22,246,464
22,247,466
22,248,418
22,249,501
22,250,439
22,251,512
22,252,474
22,253,517
22,254,538
22,255,505
22,256,423
23,1,286
23,2,325
23,3,303
23,4,329
23,5,303
23,6,328
23,7,334
23,8,565
23,9,323
23,10,365
23,11,323
23,12,351
23,13,388
23,14,362
23,15,343
23,16,367
23,17,326
23,18,358
23,19,322
23,20,353
23,21,312
23,22,366
23,23,2403
23,24,360
23,25,335
23,26,361
23,27,355
23,28,811
23,29,342
23,30,443
23,31,360
23,32,389
23,33,359
23,34,409
23,35,378
23,36,406
23,37,413
23,38,533
23,39,405
23,40,433
23,41,396
23,42,439
23,43,409
23,44,417
23,45,334
23,46,339
23,47,279
23,48,251
23,49,273
23,50,230
23,51,321
23,52,329
23,53,242
23,54,271
23,55,275
23,56,266
23,57,240
23,58,262
23,59,387
23,60,260
23,61,271
23,62,260
23,63,234
23,64,308
23,65,234
23,66,248
23,67,250
23,68,280
23,69,237
23,70,250
23,71,412
23,72,238
23,73,350
23,74,242
23,75,252
23,76,276
23,77,257
23,78,247
23,79,236
23,80,259
23,81,229
23,82,222
23,83,231
23,84,226
23,85,213
23,86,224
23,87,224
23,88,281
23,89,218
23,90,231
23,91,230
23,92,266
23,93,217
23,94,217
23,95,232
23,96,214
23,97,230
23,98,217
23,99,232
23,100,221
23,101,216
23,102,211
23,103,280
23,104,214
23,105,209
23,106,200
23,107,210
23,108,213
23,109,213
23,110,203
23,111,209
23,112,206
23,113,195
23,114,210
23,115,198
23,116,205
23,117,196
23,118,206
23,119,224
23,120,202
23,121,189
23,122,205
23,123,182
23,124,218
23,125,176
23,126,198
23,127,188
23,128,193
23,129,162
23,130,190
23,131,163
23,132,174
23,133,156
23,134,137
23,135,165
23,136,115
23,137,142
23,138,137
23,139,159
23,140,133
23,141,139
23,142,123
23,143,1523
23,144,424
23,145,160
23,146,126
23,147,143
23,148,211
23,149,146
23,150,140
23,151,145
23,152,139
23,153,147
23,154,133
23,155,185
23,156,147
23,157,186
23,158,160
23,159,166
23,160,202
23,161,182
23,162,149
23,163,157
23,164,149
23,165,155
23,166,155
23,167,159
23,168,150
23,169,163
23,170,173
23,171,188
23,172,156
23,173,170
23,174,192
23,175,160
23,176,154
23,177,174
23,178,194
23,179,1847
23,180,164
23,181,196
23,182,168
23,183,213
23,184,176
23,185,200
23,186,149
23,187,174
23,188,192
23,189,190
23,190,150
23,191,212
23,192,164
23,193,187
23,194,151
23,195,186
23,196,159
23,197,215
23,198,191
23,199,183
23,200,167
23,201,201
23,202,177
23,203,200
23,204,164
23,205,208
23,206,173
23,207,215
23,208,173
23,209,221
23,210,1512
23,211,256
23,212,176
23,213,332
23,214,205
23,215,350
23,216,187
23,217,249
23,218,192
23,219,275
23,220,202
23,221,715
23,222,203
23,223,281
23,224,214
23,225,298
23,226,219
23,227,309
23,228,220
23,229,312
23,230,242
23,231,308
23,232,247
23,233,339
23,234,262
23,235,3458
23,236,283
23,237,366
23,238,357
23,239,387
23,240,329
23,241,400
23,242,365
23,243,426
23,244,372
23,245,627
23,246,458
23,247,468
23,248,419
23,249,505
23,250,437
23,251,512
23,252,474
23,253,518
23,254,547
23,255,507
23,256,423
24,1,286
24,2,325
24,3,303
24,4,329
24,5,303
24,6,328
24,7,334
24,8,565
24,9,323
24,10,365
24,11,323
24,12,351
24,13,388
24,14,362
24,15,343
24,16,367
24,17,326
24,18,358
24,19,322
24,20,353
24,21,312
24,22,366
24,23,2403
24,24,360
24,25,335
24,26,361
24,27,355
24,28,811
24,29,342
24,30,443
24,31,360
24,32,389
24,33,359
24,34,409
24,35,378
24,36,406
24,37,413
24,38,533
24,39,405
24,40,433
24,41,396
24,42,439
24,43,409
24,44,417
24,45,334
24,46,339
24,47,279
24,48,251
24,49,273
24,50,230
24,51,321
24,52,329
24,53,242
24,54,271
24,55,275
24,56,266
24,57,240
24,58,262
24,59,387
24,60,260
24,61,271
24,62,260
24,63,234
24,64,308
24,65,234
24,66,248
24,67,250
24,68,280
24,69,237
24,70,250
24,71,412
24,72,238
24,73,350
24,74,242
24,75,252
24,76,276
24,77,257
24,78,247
24,79,236
24,80,259
24,81,229
24,82,222
24,83,231
24,84,226
24,85,213
24,86,224
24,87,224
24,88,281
24,89,218
24,90,231
24,91,230
24,92,266
24,93,217
24,94,217
24,95,232
24,96,214
24,97,230
24,98,217
24,99,232
24,100,221
24,101,216
24,102,211
24,103,280
24,104,214
24,105,209
24,106,200
24,107,210
24,108,213
24,109,213
24,110,203
24,111,209
24,112,206
24,113,195
24,114,210
24,115,198
24,116,205
24,117,196
24,118,206
24,119,224
24,120,202
24,121,189
24,122,205
24,123,182
24,124,218
24,125,176
24,126,198
24,127,188
24,128,193
24,129,162
24,130,190
24,131,163
24,132,174
24,133,156
24,134,137
24,135,165
24,136,115
24,137,142
24,138,137
24,139,159
24,140,133
24,141,139
24,142,123
24,143,1523
24,144,424
24,145,160
24,146,126
24,147,143
24,148,211
24,149,146
24,150,140
24,151,145
24,152,139
24,153,147
24,154,133
24,155,185
24,156,147
24,157,186
24,158,160
24,159,166
24,160,202
24,161,182
24,162,149
24,163,157
24,164,149
24,165,155
24,166,155
24,167,159
24,168,150
24,169,163
24,170,173
24,171,188
24,172,156
24,173,170
24,174,192
24,175,160
24,176,154
24,177,174
24,178,194
24,179,1847
24,180,164
24,181,196
24,182,168
24,183,213
24,184,176
24,185,200
24,186,149
24,187,174
24,188,192
24,189,190
24,190,150
24,191,212
24,192,164
24,193,187
24,194,151
24,195,186
24,196,159
24,197,215
24,198,191
24,199,183
24,200,167
24,201,201
24,202,177
24,203,200
24,204,164
24,205,208
24,206,173
24,207,215
24,208,173
24,209,221
24,210,1512
24,211,256
24,212,176
24,213,332
24,214,205
24,215,350
24,216,187
24,217,249
24,218,192
24,219,275
24,220,202
24,221,715
24,222,203
24,223,281
24,224,214
24,225,298
24,226,219
24,227,309
24,228,220
24,229,312
24,230,242
24,231,308
24,232,247
24,233,339
24,234,262
24,235,3458
24,236,283
24,237,366
24,238,357
24,239,387
24,240,329
24,241,400
24,242,365
24,243,426
24,244,372
24,245,627
24,246,458
24,247,468
24,248,419
24,249,505
24,250,437
24,251,512
24,252,474
24,253,518
24,254,547
24,255,507
24,256,423
25,1,286
25,2,326
25,3,305
25,4,329
25,5,303
25,6,328
25,7,333
25,8,565
25,9,324
25,10,364
25,11,322
25,12,350
25,13,387
25,14,363
25,15,342
25,16,367
25,17,325
25,18,356
25,19,322
25,20,352
25,21,312
25,22,366
25,23,2405
25,24,361
25,25,336
25,26,360
25,27,355
25,28,811
25,29,342
25,30,446
25,31,359
25,32,387
25,33,360
25,34,408
25,35,377
25,36,407
25,37,416
25,38,529
25,39,403
25,40,431
25,41,395
25,42,435
25,43,409
25,44,417
25,45,335
25,46,340
25,47,280
25,48,251
25,49,274
25,50,231
25,51,313
25,52,329
25,53,240
25,54,270
25,55,274
25,56,264
25,57,239
25,58,262
25,59,388
25,60,260
25,61,272
25,62,258
25,63,235
25,64,309
25,65,233
25,66,247
25,67,251
25,68,278
25,69,237
25,70,249
25,71,412
25,72,239
25,73,354
25,74,245
25,75,252
25,76,276
25,77,257
25,78,247
25,79,237
25,80,261
25,81,229
25,82,223
25,83,234
25,84,226
25,85,214
25,86,224
25,87,224
25,88,279
25,89,218
25,90,231
25,91,229
25,92,271
25,93,218
25,94,219
25,95,234
25,96,214
25,97,229
25,98,217
25,99,234
25,100,219
25,101,217
25,102,211
25,103,278
25,104,215
25,105,210
25,106,200
25,107,210
25,108,214
25,109,212
25,110,204
25,111,212
25,112,207
25,113,196
25,114,209
25,115,197
25,116,205
25,117,196
25,118,205
25,119,226
25,120,202
25,121,191
25,122,207
25,123,180
25,124,222
25,125,176
25,126,197
25,127,190
25,128,192
25,129,163
25,130,189
25,131,162
25,132,170
25,133,155
25,134,137
25,135,166
25,136,115
25,137,142
25,138,136
25,139,159
25,140,132
25,141,139
25,142,123
25,143,1522
25,144,425
25,145,159
25,146,123
25,147,145
25,148,210
25,149,146
25,150,141
25,151,145
25,152,139
25,153,146
25,154,133
25,155,186
25,156,146
25,157,187
25,158,160
25,159,166
25,160,199
25,161,182
25,162,148
25,163,155
25,164,148
25,165,156
25,166,155
25,167,161
25,168,150
25,169,161
25,170,172
25,171,186
25,172,156
25,173,169
25,174,185
25,175,161
25,176,154
25,177,174
25,178,192
25,179,1848
25,180,164
25,181,195
25,182,166
25,183,215
25,184,176
25,185,200
25,186,148
25,187,174
25,188,191
25,189,187
25,190,150
25,191,210
25,192,164
25,193,188
25,194,152
25,195,187
25,196,159
25,197,216
25,198,192
25,199,184
25,200,170
25,201,202
25,202,177
25,203,199
25,204,164
25,205,208
25,206,174
25,207,214
25,208,174
25,209,220
25,210,1509
25,211,255
25,212,175
25,213,337
25,214,203
25,215,343
25,216,176
25,217,247
25,218,192
25,219,276
25,220,202
25,221,712
25,222,202
25,223,280
25,224,214
25,225,299
25,226,219
25,227,309
25,228,220
25,229,311
25,230,243
25,231,307
25,232,247
25,233,340
25,234,262
25,235,3486
25,236,283
25,237,367
25,238,358
25,239,388
25,240,330
25,241,399
25,242,365
25,243,427
25,244,371
25,245,628
25,246,460
25,247,465
25,248,417
25,249,505
25,250,439
25,251,513
25,252,474
25,253,519
25,254,538
25,255,504
25,256,424
26,1,286
26,2,326
26,3,305
26,4,329
26,5,303
26,6,328
26,7,333
26,8,565
26,9,324
26,10,364
26,11,322
26,12,350
26,13,387
26,14,363
26,15,342
26,16,367
26,17,325
26,18,356
26,19,322
26,20,352
26,21,312
26,22,366
26,23,2405
26,24,361
26,25,336
26,26,360
26,27,355
26,28,811
26,29,342
26,30,446
26,31,359
26,32,387
26,33,360
26,34,408
26,35,377
26,36,407
26,37,416
26,38,529
26,39,403
26,40,431
26,41,395
26,42,435
26,43,409
26,44,417
26,45,335
26,46,340
26,47,280
26,48,251
26,49,274
26,50,231
26,51,313
26,52,329
26,53,240
26,54,270
26,55,274
26,56,264
26,57,239
26,58,262
26,59,388
26,60,260
26,61,272
26,62,258
26,63,235
26,64,309
26,65,233
26,66,247
26,67,251
26,68,278
26,69,237
26,70,249
26,71,412
26,72,239
26,73,354
26,74,245
26,75,252
26,76,276
26,77,257
26,78,247
26,79,237
26,80,261
26,81,229
26,82,223
26,83,234
26,84,226
26,85,214
26,86,224
26,87,224
26,88,279
26,89,218
26,90,231
26,91,229
26,92,271
26,93,218
26,94,219
26,95,234
26,96,214
26,97,229
26,98,217
26,99,234
26,100,219
26,101,217
26,102,211
26,103,278
26,104,215
26,105,210
26,106,200
26,107,210
26,108,214
26,109,212
26,110,204
26,111,212
26,112,207
26,113,196
26,114,209
26,115,197
26,116,205
26,117,196
26,118,205
26,119,226
26,120,202
26,121,191
26,122,207
26,123,180
26,124,222
26,125,176
26,126,197
26,127,190
26,128,192
26,129,163
26,130,189
26,131,162
26,132,170
26,133,155
26,134,137
26,135,166
26,136,115
26,137,142
26,138,136
26,139,159
26,140,132
26,141,139
26,142,123
26,143,1522
26,144,425
26,145,159
26,146,123
26,147,145
26,148,210
26,149,146
26,150,141
26,151,145
26,152,139
26,153,146
26,154,133
26,155,186
26,156,146
26,157,187
26,158,160
26,159,166
26,160,199
26,161,182
26,162,148
26,163,155
26,164,148
26,165,156
26,166,155
26,167,161
26,168,150
26,169,161
26,170,172
26,171,186
26,172,156
26,173,169
26,174,185
26,175,161
26,176,154
26,177,174
26,178,192
26,179,1848
26,180,164
26,181,195
26,182,166
26,183,215
26,184,176
26,185,200
26,186,148
26,187,174
26,188,191
26,189,187
26,190,150
26,191,210
26,192,164
26,193,188
26,194,152
26,195,187
26,196,159
26,197,216
26,198,192
26,199,184
26,200,170
26,201,202
26,202,177
26,203,199
26,204,164
26,205,208
26,206,174
26,207,214
26,208,174
26,209,220
26,210,1509
26,211,255
26,212,175
26,213,337
26,214,203
26,215,343
26,216,176
26,217,247
26,218,192
26,219,276
26,220,202
26,221,712
26,222,202
26,223,280
26,224,214
26,225,299
26,226,219
26,227,309
26,228,220
26,229,311
26,230,243
26,231,307
26,232,247
26,233,340
26,234,262
26,235,3486
26,236,283
26,237,367
26,238,358
26,239,388
26,240,330
26,241,399
26,242,365
26,243,427
26,244,371
26,245,628
26,246,460
26,247,465
26,248,417
26,249,505
26,250,439
26,251,513
26,252,474
26,253,519
26,254,538
26,255,504
26,256,424
27,1,286
27,2,322
27,3,302
27,4,328
27,5,305
27,6,329
27,7,333
27,8,564
27,9,324
27,10,362
27,11,324
27,12,349
27,13,386
27,14,362
27,15,343
27,16,367
27,17,326
27,18,358
27,19,321
27,20,354
27,21,313
27,22,365
27,23,2403
27,24,360
27,25,336
27,26,360
27,27,354
27,28,809
27,29,341
27,30,447
27,31,361
27,32,388
27,33,360
27,34,408
27,35,377
27,36,405
27,37,413
27,38,531
27,39,405
27,40,433
27,41,394
27,42,437
27,43,409
27,44,415
27,45,334
27,46,339
27,47,278
27,48,250
27,49,265
27,50,230
27,51,317
27,52,325
27,53,241
27,54,269
27,55,272
27,56,264
27,57,239
27,58,262
27,59,387
27,60,261
27,61,270
27,62,259
27,63,233
27,64,309
27,65,232
27,66,246
27,67,251
27,68,280
27,69,238
27,70,250
27,71,411
27,72,239
27,73,350
27,74,244
27,75,253
27,76,261
27,77,256
27,78,249
27,79,237
27,80,260
27,81,230
27,82,222
27,83,233
27,84,227
27,85,213
27,86,223
27,87,223
27,88,279
27,89,218
27,90,230
27,91,229
27,92,265
27,93,216
27,94,218
27,95,232
27,96,213
27,97,230
27,98,217
27,99,232
27,100,221
27,101,214
27,102,210
27,103,275
27,104,214
27,105,210
27,106,199
27,107,209
27,108,213
27,109,211
27,110,202
27,111,208
27,112,206
27,113,195
27,114,208
27,115,198
27,116,205
27,117,196
27,118,205
27,119,223
27,120,201
27,121,189
27,122,207
27,123,181
27,124,221
27,125,177
27,126,198
27,127,188
27,128,193
27,129,163
27,130,188
27,131,162
27,132,172
27,133,155
27,134,136
27,135,166
27,136,116
27,137,142
27,138,137
27,139,158
27,140,132
27,141,139
27,142,123
27,143,1522
27,144,422
27,145,159
27,146,124
27,147,144
27,148,213
27,149,146
27,150,141
27,151,145
27,152,139
27,153,147
27,154,133
27,155,187
27,156,147
27,157,187
27,158,159
27,159,165
27,160,196
27,161,182
27,162,148
27,163,157
27,164,150
27,165,155
27,166,155
27,167,158
27,168,148
27,169,164
27,170,172
27,171,187
27,172,156
27,173,174
27,174,195
27,175,159
27,176,154
27,177,173
27,178,193
27,179,1852
27,180,164
27,181,194
27,182,165
27,183,214
27,184,175
27,185,199
27,186,148
27,187,173
27,188,193
27,189,189
27,190,149
27,191,209
27,192,164
27,193,187
27,194,151
27,195,187
27,196,158
27,197,215
27,198,191
27,199,185
27,200,168
27,201,201
27,202,177
27,203,200
27,204,164
27,205,209
27,206,173
27,207,213
27,208,173
27,209,221
27,210,1507
27,211,255
27,212,175
27,213,337
27,214,203
27,215,352
27,216,176
27,217,246
27,218,191
27,219,274
27,220,202
27,221,712
27,222,203
27,223,279
27,224,214
27,225,297
27,226,217
27,227,307
27,228,218
27,229,311
27,230,241
27,231,307
27,232,247
27,233,340
27,234,262
27,235,3488
27,236,281
27,237,365
27,238,357
27,239,388
27,240,330
27,241,400
27,242,371
27,243,427
27,244,372
27,245,626
27,246,454
27,247,466
27,248,419
27,249,503
27,250,437
27,251,514
27,252,473
27,253,516
27,254,544
27,255,506
27,256,423
28,1,286
28,2,322
28,3,302
28,4,328
28,5,305
28,6,329
28,7,333
28,8,564
28,9,324
28,10,362
28,11,324
28,12,349
28,13,386
28,14,362
28,15,343
28,16,367
28,17,326
28,18,358
28,19,321
28,20,354
28,21,313
28,22,365
28,23,2403
28,24,360
28,25,336
28,26,360
28,27,354
28,28,809
28,29,341
28,30,447
28,31,361
28,32,388
28,33,360
28,34,408
28,35,377
28,36,405
28,37,413
28,38,531
28,39,405
28,40,433
28,41,394
28,42,437
28,43,409
28,44,415
28,45,334
28,46,339
28,47,278
28,48,250
28,49,265
28,50,230
28,51,317
28,52,325
28,53,241
28,54,269
28,55,272
28,56,264
28,57,239
28,58,262
28,59,387
28,60,261
28,61,270
28,62,259
28,63,233
28,64,309
28,65,232
28,66,246
28,67,251
28,68,280
28,69,238
28,70,250
28,71,411
28,72,239
28,73,350
28,74,244
28,75,253
28,76,261
28,77,256
28,78,249
28,79,237
28,80,260
28,81,230
28,82,222
28,83,233
28,84,227
28,85,213
28,86,223
28,87,223
28,88,279
28,89,218
28,90,230
28,91,229
28,92,265
28,93,216
28,94,218
28,95,232
28,96,213
28,97,230
28,98,217
28,99,232
28,100,221
28,101,214
28,102,210
28,103,275
28,104,214
28,105,210
28,106,199
28,107,209
28,108,213
28,109,211
28,110,202
28,111,208
28,112,206
28,113,195
28,114,208
28,115,198
28,116,205
28,117,196
28,118,205
28,119,223
28,120,201
28,121,189
28,122,207
28,123,181
28,124,221
28,125,177
28,126,198
28,127,188
28,128,193
28,129,163
28,130,188
28,131,162
28,132,172
28,133,155
28,134,136
28,135,166
28,136,116
28,137,142
28,138,137
28,139,158
28,140,132
28,141,139
28,142,123
28,143,1522
28,144,422
28,145,159
28,146,124
28,147,144
28,148,213
28,149,146
28,150,141
28,151,145
28,152,139
28,153,147
28,154,133
28,155,187
28,156,147
28,157,187
28,158,159
28,159,165
28,160,196
28,161,182
28,162,148
28,163,157
28,164,150
28,165,155
28,166,155
28,167,158
28,168,148
28,169,164
28,170,172
28,171,187
28,172,156
28,173,174
28,174,195
28,175,159
28,176,154
28,177,173
28,178,193
28,179,1852
28,180,164
28,181,194
28,182,165
28,183,214
28,184,175
28,185,199
28,186,148
28,187,173
28,188,193
28,189,189
28,190,149
28,191,209
28,192,164
28,193,187
28,194,151
28,195,187
28,196,158
28,197,215
28,198,191
28,199,185
28,200,168
28,201,201
28,202,177
28,203,200
28,204,164
28,205,209
28,206,173
28,207,213
28,208,173
28,209,221
28,210,1507
28,211,255
28,212,175
28,213,337
28,214,203
28,215,352
28,216,176
28,217,246
28,218,191
28,219,274
28,220,202
28,221,712
28,222,203
28,223,279
28,224,214
28,225,297
28,226,217
28,227,307
28,228,218
28,229,311
28,230,241
28,231,307
28,232,247
28,233,340
28,234,262
28,235,3488
28,236,281
28,237,365
28,238,357
28,239,388
28,240,330
28,241,400
28,242,371
28,243,427
28,244,372
28,245,626
28,246,454
28,247,466
28,248,419
28,249,503
28,250,437
28,251,514
28,252,473
28,253,516
28,254,544
28,255,506
28,256,423
29,1,286
29,2,326
29,3,303
29,4,329
29,5,305
29,6,328
29,7,334
29,8,566
29,9,325
29,10,366
29,11,323
29,12,350
29,13,387
29,14,361
29,15,342
29,16,366
29,17,326
29,18,359
29,19,321
29,20,352
29,21,314
29,22,365
29,23,2402
29,24,359
29,25,335
29,26,360
29,27,355
29,28,811
29,29,344
29,30,446
29,31,360
29,32,387
29,33,359
29,34,409
29,35,378
29,36,406
29,37,413
29,38,530
29,39,404
29,40,433
29,41,394
29,42,436
29,43,409
29,44,415
29,45,333
29,46,339
29,47,279
29,48,249
29,49,268
29,50,230
29,51,319
29,52,325
29,53,242
29,54,270
29,55,273
29,56,265
29,57,240
29,58,261
29,59,386
29,60,260
29,61,272
29,62,259
29,63,233
29,64,309
29,65,234
29,66,247
29,67,249
29,68,279
29,69,236
29,70,248
29,71,411
29,72,239
29,73,348
29,74,243
29,75,251
29,76,260
29,77,257
29,78,247
29,79,237
29,80,261
29,81,229
29,82,221
29,83,233
29,84,227
29,85,214
29,86,224
29,87,222
29,88,280
29,89,216
29,90,231
29,91,228
29,92,266
29,93,216
29,94,218
29,95,233
29,96,214
29,97,230
29,98,218
29,99,232
29,100,220
29,101,214
29,102,210
29,103,277
29,104,214
29,105,210
29,106,200
29,107,209
29,108,213
29,109,210
29,110,202
29,111,209
29,112,208
29,113,195
29,114,207
29,115,198
29,116,204
29,117,197
29,118,205
29,119,223
29,120,201
29,121,190
29,122,210
29,123,181
29,124,225
29,125,177
29,126,199
29,127,189
29,128,192
29,129,162
29,130,188
29,131,162
29,132,171
29,133,156
29,134,137
29,135,166
29,136,116
29,137,142
29,138,136
29,139,157
29,140,133
29,141,139
29,142,123
29,143,1524
29,144,424
29,145,160
29,146,124
29,147,143
29,148,214
29,149,146
29,150,141
29,151,144
29,152,139
29,153,147
29,154,133
29,155,185
29,156,146
29,157,185
29,158,160
29,159,165
29,160,198
29,161,182
29,162,148
29,163,155
29,164,149
29,165,154
29,166,154
29,167,159
29,168,151
29,169,163
29,170,172
29,171,186
29,172,155
29,173,169
29,174,190
29,175,160
29,176,154
29,177,173
29,178,195
29,179,1846
29,180,163
29,181,196
29,182,167
29,183,214
29,184,175
29,185,200
29,186,147
29,187,174
29,188,191
29,189,189
29,190,149
29,191,209
29,192,165
29,193,186
29,194,151
29,195,186
29,196,158
29,197,215
29,198,189
29,199,184
29,200,168
29,201,202
29,202,176
29,203,202
29,204,164
29,205,208
29,206,173
29,207,213
29,208,174
29,209,220
29,210,1508
29,211,256
29,212,176
29,213,333
29,214,205
29,215,354
29,216,175
29,217,247
29,218,192
29,219,274
29,220,203
29,221,715
29,222,203
29,223,279
29,224,215
29,225,298
29,226,218
29,227,309
29,228,220
29,229,311
29,230,243
29,231,308
29,232,246
29,233,341
29,234,263
29,235,3479
29,236,282
29,237,366
29,238,358
29,239,387
29,240,330
29,241,399
29,242,365
29,243,426
29,244,370
29,245,625
29,246,461
29,247,469
29,248,417
29,249,504
29,250,438
29,251,512
29,252,475
29,253,517
29,254,541
29,255,507
29,256,425
30,1,286
30,2,326
30,3,303
30,4,329
30,5,305
30,6,328
30,7,334
30,8,566
30,9,325
30,10,366
30,11,323
30,12,350
30,13,387
30,14,361
30,15,342
30,16,366
30,17,326
30,18,359
30,19,321
30,20,352
30,21,314
30,22,365
30,23,2402
30,24,359
30,25,335
30,26,360
30,27,355
30,28,811
30,29,344
30,30,446
30,31,360
30,32,387
30,33,359
30,34,409
30,35,378
30,36,406
30,37,413
30,38,530
30,39,404
30,40,433
30,41,394
30,42,436
30,43,409
30,44,415
30,45,333
30,46,339
30,47,279
30,48,249
30,49,268
30,50,230
30,51,319
30,52,325
30,53,242
30,54,270
30,55,273
30,56,265
30,57,240
30,58,261
30,59,386
30,60,260
30,61,272
30,62,259
30,63,233
30,64,309
30,65,234
30,66,247
30,67,249
30,68,279
30,69,236
30,70,248
30,71,411
30,72,239
30,73,348
30,74,243
30,75,251
30,76,260
30,77,257
30,78,247
30,79,237
30,80,261
30,81,229
30,82,221
30,83,233
30,84,227
30,85,214
30,86,224
30,87,222
30,88,280
30,89,216
30,90,231
30,91,228
30,92,266
30,93,216
30,94,218
30,95,233
30,96,214
30,97,230
30,98,218
30,99,232
30,100,220
30,101,214
30,102,210
30,103,277
30,104,214
30,105,210
30,106,200
30,107,209
30,108,213
30,109,210
30,110,202
30,111,209
30,112,208
30,113,195
30,114,207
30,115,198
30,116,204
30,117,197
30,118,205
30,119,223
30,120,201
30,121,190
30,122,210
30,123,181
30,124,225
30,125,177
30,126,199
30,127,189
30,128,192
30,129,162
30,130,188
30,131,162
30,132,171
30,133,156
30,134,137
30,135,166
30,136,116
30,137,142
30,138,136
30,139,157
30,140,133
30,141,139
30,142,123
30,143,1524
30,144,424
30,145,160
30,146,124
30,147,143
30,148,214
30,149,146
30,150,141
30,151,144
30,152,139
30,153,147
30,154,133
30,155,185
30,156,146
30,157,185
30,158,160
30,159,165
30,160,198
30,161,182
30,162,148
30,163,155
30,164,149
30,165,154
30,166,154
30,167,159
30,168,151
30,169,163
30,170,172
30,171,186
30,172,155
30,173,169
30,174,190
30,175,160
30,176,154
30,177,173
30,178,195
30,179,1846
30,180,163
30,181,196
30,182,167
30,183,214
30,184,175
30,185,200
30,186,147
30,187,174
30,188,191
30,189,189
30,190,149
30,191,209
30,192,165
30,193,186
30,194,151
30,195,186
30,196,158
30,197,215
30,198,189
30,199,184
30,200,168
30,201,202
30,202,176
30,203,202
30,204,164
30,205,208
30,206,173
30,207,213
30,208,174
30,209,220
30,210,1508
30,211,256
30,212,176
30,213,333
30,214,205
30,215,354
30,216,175
30,217,247
30,218,192
30,219,274
30,220,203
30,221,715
30,222,203
30,223,279
30,224,215
30,225,298
30,226,218
30,227,309
30,228,220
30,229,311
30,230,243
30,231,308
30,232,246
30,233,341
30,234,263
30,235,3479
30,236,282
30,237,366
30,238,358
30,239,387
30,240,330
30,241,399
30,242,365
30,243,426
30,244,370
30,245,625
30,246,461
30,247,469
30,248,417
30,249,504
30,250,438
30,251,512
30,252,475
30,253,517
30,254,541
30,255,507
30,256,425
31,1,285
31,2,325
31,3,302
31,4,328
31,5,304
31,6,328
31,7,333
31,8,569
31,9,325
31,10,363
31,11,321
31,12,351
31,13,389
31,14,362
31,15,340
31,16,366
31,17,325
31,18,359
31,19,322
31,20,353
31,21,312
31,22,365
31,23,2406
31,24,359
31,25,335
31,26,361
31,27,354
31,28,812
31,29,342
31,30,455
31,31,359
31,32,389
31,33,359
31,34,408
31,35,378
31,36,408
31,37,414
31,38,534
31,39,406
31,40,434
31,41,397
31,42,437
31,43,410
31,44,416
31,45,335
31,46,339
31,47,280
31,48,251
31,49,263
31,50,230
31,51,319
31,52,331
31,53,241
31,54,271
31,55,275
31,56,265
31,57,239
31,58,261
31,59,387
31,60,261
31,61,272
31,62,259
31,63,233
31,64,309
31,65,233
31,66,247
31,67,250
31,68,278
31,69,237
31,70,249
31,71,412
31,72,240
31,73,352
31,74,244
31,75,249
31,76,262
31,77,256
31,78,246
31,79,237
31,80,261
31,81,259
31,82,226
31,83,233
31,84,226
31,85,212
31,86,224
31,87,223
31,88,281
31,89,217
31,90,230
31,91,229
31,92,269
31,93,216
31,94,219
31,95,232
31,96,214
31,97,230
31,98,214
31,99,232
31,100,220
31,101,215
31,102,210
31,103,279
31,104,215
31,105,211
31,106,201
31,107,209
31,108,213
31,109,212
31,110,202
31,111,211
31,112,207
31,113,194
31,114,210
31,115,198
31,116,204
31,117,196
31,118,206
31,119,225
31,120,203
31,121,189
31,122,205
31,123,181
31,124,221
31,125,178
31,126,198
31,127,188
31,128,191
31,129,163
31,130,189
31,131,163
31,132,175
31,133,157
31,134,138
31,135,165
31,136,116
31,137,142
31,138,137
31,139,159
31,140,133
31,141,140
31,142,124
31,143,1525
31,144,423
31,145,160
31,146,124
31,147,144
31,148,213
31,149,147
31,150,142
31,151,145
31,152,140
31,153,151
31,154,147
31,155,186
31,156,147
31,157,188
31,158,159
31,159,165
31,160,199
31,161,182
31,162,148
31,163,155
31,164,148
31,165,156
31,166,155
31,167,159
31,168,150
31,169,164
31,170,172
31,171,187
31,172,156
31,173,170
31,174,190
31,175,159
31,176,155
31,177,173
31,178,191
31,179,1850
31,180,164
31,181,192
31,182,164
31,183,214
31,184,176
31,185,200
31,186,148
31,187,174
31,188,192
31,189,189
31,190,150
31,191,220
31,192,168
31,193,187
31,194,152
31,195,187
31,196,159
31,197,215
31,198,192
31,199,185
31,200,169
31,201,202
31,202,176
31,203,200
31,204,163
31,205,209
31,206,173
31,207,214
31,208,174
31,209,221
31,210,1508
31,211,254
31,212,176
31,213,335
31,214,204
31,215,354
31,216,177
31,217,246
31,218,192
31,219,274
31,220,203
31,221,715
31,222,203
31,223,279
31,224,215
31,225,298
31,226,218
31,227,308
31,228,219
31,229,312
31,230,243
31,231,307
31,232,247
31,233,339
31,234,261
31,235,3480
31,236,281
31,237,365
31,238,357
31,239,387
31,240,330
31,241,399
31,242,366
31,243,427
31,244,371
31,245,626
31,246,460
31,247,466
31,248,416
31,249,505
31,250,439
31,251,512
31,252,474
31,253,517
31,254,546
31,255,505
31,256,423
32,1,285
32,2,325
32,3,302
32,4,328
32,5,304
32,6,328
32,7,333
32,8,569
32,9,325
32,10,363
32,11,321
32,12,351
32,13,389
32,14,362
32,15,340
32,16,366
32,17,325
32,18,359
32,19,322
32,20,353
32,21,312
32,22,365
32,23,2406
32,24,359
32,25,335
32,26,361
32,27,354
32,28,812
32,29,342
32,30,455
32,31,359
32,32,389
32,33,359
32,34,408
32,35,378
32,36,408
32,37,414
32,38,534
32,39,406
32,40,434
32,41,397
32,42,437
32,43,410
32,44,416
32,45,335
32,46,339
32,47,280
32,48,251
32,49,263
32,50,230
32,51,319
32,52,331
32,53,241
32,54,271
32,55,275
32,56,265
32,57,239
32,58,261
32,59,387
32,60,261
32,61,272
32,62,259
32,63,233
32,64,309
32,65,233
32,66,247
32,67,250
32,68,278
32,69,237
32,70,249
32,71,412
32,72,240
32,73,352
32,74,244
32,75,249
32,76,262
32,77,256
32,78,246
32,79,237
32,80,261
32,81,259
32,82,226
32,83,233
32,84,226
32,85,212
32,86,224
32,87,223
32,88,281
32,89,217
32,90,230
32,91,229
32,92,269
32,93,216
32,94,219
32,95,232
32,96,214
32,97,230
32,98,214
32,99,232
32,100,220
32,101,215
32,102,210
32,103,279
32,104,215
32,105,211
32,106,201
32,107,209
32,108,213
32,109,212
32,110,202
32,111,211
32,112,207
32,113,194
32,114,210
32,115,198
32,116,204
32,117,196
32,118,206
32,119,225
32,120,203
32,121,189
32,122,205
32,123,181
32,124,221
32,125,178
32,126,198
32,127,188
32,128,191
32,129,163
32,130,189
32,131,163
32,132,175
32,133,157
32,134,138
32,135,165
32,136,116
32,137,142
32,138,137
32,139,159
32,140,133
32,141,140
32,142,124
32,143,1525
32,144,423
32,145,160
32,146,124
32,147,144
32,148,213
32,149,147
32,150,142
32,151,145
32,152,140
32,153,151
32,154,147
32,155,186
32,156,147
32,157,188
32,158,159
32,159,165
32,160,199
32,161,182
32,162,148
32,163,155
32,164,148
32,165,156
32,166,155
32,167,159
32,168,150
32,169,164
32,170,172
32,171,187
32,172,156
32,173,170
32,174,190
32,175,159
32,176,155
32,177,173
32,178,191
32,179,1850
32,180,164
32,181,192
32,182,164
32,183,214
32,184,176
32,185,200
32,186,148
32,187,174
32,188,192
32,189,189
32,190,150
32,191,220
32,192,168
32,193,187
32,194,152
32,195,187
32,196,159
32,197,215
32,198,192
32,199,185
32,200,169
32,201,202
32,202,176
32,203,200
32,204,163
32,205,209
32,206,173
32,207,214
32,208,174
32,209,221
32,210,1508
32,211,254
32,212,176
32,213,335
32,214,204
32,215,354
32,216,177
32,217,246
32,218,192
32,219,274
32,220,203
32,221,715
32,222,203
32,223,279
32,224,215
32,225,298
32,226,218
32,227,308
32,228,219
32,229,312
32,230,243
32,231,307
32,232,247
32,233,339
32,234,261
32,235,3480
32,236,281
32,237,365
32,238,357
32,239,387
32,240,330
32,241,399
32,242,366
32,243,427
32,244,371
32,245,626
32,246,460
32,247,466
32,248,416
32,249,505
32,250,439
32,251,512
32,252,474
32,253,517
32,254,546
32,255,505
32,256,423
