Line,Band,Value
1,1,286
1,2,326
1,3,305
1,4,329
1,5,306
1,6,330
1,7,334
1,8,564
1,9,326
1,10,364
1,11,323
1,12,351
1,13,388
1,14,364
1,15,343
1,16,366
1,17,325
1,18,359
1,19,321
1,20,352
1,21,313
1,22,366
1,23,2398
1,24,359
1,25,334
1,26,359
1,27,353
1,28,807
1,29,338
1,30,439
1,31,354
1,32,379
1,33,347
1,34,394
1,35,362
1,36,388
1,37,393
1,38,512
1,39,382
1,40,408
1,41,367
1,42,411
1,43,373
1,44,385
1,45,305
1,46,311
1,47,251
1,48,239
1,49,261
1,50,221
1,51,303
1,52,298
1,53,213
1,54,242
1,55,244
1,56,238
1,57,213
1,58,236
1,59,361
1,60,237
1,61,247
1,62,233
1,63,210
1,64,282
1,65,211
1,66,225
1,67,231
1,68,258
1,69,217
1,70,229
1,71,393
1,72,222
1,73,326
1,74,226
1,75,232
1,76,258
1,77,238
1,78,232
1,79,220
1,80,244
1,81,213
1,82,207
1,83,217
1,84,213
1,85,200
1,86,210
1,87,209
1,88,265
1,89,203
1,90,219
1,91,217
1,92,253
1,93,204
1,94,206
1,95,219
1,96,201
1,97,219
1,98,205
1,99,220
1,100,209
1,101,204
1,102,201
1,103,266
1,104,202
1,105,201
1,106,189
1,107,199
1,108,204
1,109,199
1,110,192
1,111,201
1,112,197
1,113,186
1,114,200
1,115,189
1,116,196
1,117,187
1,118,197
1,119,214
1,120,194
1,121,181
1,122,200
1,123,172
1,124,212
1,125,169
1,126,192
1,127,180
1,128,186
1,129,157
1,130,183
1,131,155
1,132,163
1,133,151
1,134,131
1,135,163
1,136,112
1,137,138
1,138,131
1,139,154
1,140,130
1,141,136
1,142,120
1,143,1521
1,144,421
1,145,157
1,146,122
1,147,141
1,148,214
1,149,146
1,150,138
1,151,144
1,152,137
1,153,145
1,154,132
1,155,184
1,156,145
1,157,186
1,158,158
1,159,164
1,160,196
1,161,180
1,162,148
1,163,153
1,164,147
1,165,153
1,166,153
1,167,158
1,168,149
1,169,162
1,170,171
1,171,185
1,172,155
1,173,169
1,174,191
1,175,158
1,176,153
1,177,172
1,178,191
1,179,1866
1,180,164
1,181,200
1,182,167
1,183,210
1,184,175
1,185,200
1,186,148
1,187,174
1,188,194
1,189,189
1,190,149
1,191,208
1,192,163
1,193,187
1,194,153
1,195,187
1,196,159
1,197,213
1,198,193
1,199,186
1,200,168
1,201,201
1,202,177
1,203,201
1,204,165
1,205,209
1,206,175
1,207,213
1,208,173
1,209,221
1,210,1515
1,211,256
1,212,177
1,213,332
1,214,204
1,215,350
1,216,178
1,217,248
1,218,193
1,219,276
1,220,203
1,221,685
1,222,204
1,223,281
1,224,215
1,225,304
1,226,220
1,227,310
1,228,222
1,229,313
1,230,245
1,231,310
1,232,250
1,233,345
1,234,266
1,235,3495
1,236,283
1,237,368
1,238,360
1,239,390
1,240,333
1,241,404
1,242,362
1,243,432
1,244,374
1,245,634
1,246,465
1,247,472
1,248,424
1,249,512
1,250,443
1,251,519
1,252,479
1,253,526
1,254,545
1,255,512
1,256,428
2,1,286
2,2,326
2,3,305
2,4,329
2,5,306
2,6,330
2,7,334
2,8,564
2,9,326
2,10,364
2,11,323
2,12,351
2,13,388
2,14,364
2,15,343
2,16,366
2,17,325
2,18,359
2,19,321
2,20,352
2,21,313
2,22,366
2,23,2398
2,24,359
2,25,334
2,26,359
2,27,353
2,28,807
2,29,338
2,30,439
2,31,354
2,32,379
2,33,347
2,34,394
2,35,362
2,36,388
2,37,393
2,38,512
2,39,382
2,40,408
2,41,367
2,42,411
2,43,373
2,44,385
2,45,305
2,46,311
2,47,251
2,48,239
2,49,261
2,50,221
2,51,303
2,52,298
2,53,213
2,54,242
2,55,244
2,56,238
2,57,213
2,58,236
2,59,361
2,60,237
2,61,247
2,62,233
2,63,210
2,64,282
2,65,211
2,66,225
2,67,231
2,68,258
2,69,217
2,70,229
2,71,393
2,72,222
2,73,326
2,74,226
2,75,232
2,76,258
2,77,238
2,78,232
2,79,220
2,80,244
2,81,213
2,82,207
2,83,217
2,84,213
2,85,200
2,86,210
2,87,209
2,88,265
2,89,203
2,90,219
2,91,217
2,92,253
2,93,204
2,94,206
2,95,219
2,96,201
2,97,219
2,98,205
2,99,220
2,100,209
2,101,204
2,102,201
2,103,266
2,104,202
2,105,201
2,106,189
2,107,199
2,108,204
2,109,199
2,110,192
2,111,201
2,112,197
2,113,186
2,114,200
2,115,189
2,116,196
2,117,187
2,118,197
2,119,214
2,120,194
2,121,181
2,122,200
2,123,172
2,124,212
2,125,169
2,126,192
2,127,180
2,128,186
2,129,157
2,130,183
2,131,155
2,132,163
2,133,151
2,134,131
2,135,163
2,136,112
2,137,138
2,138,131
2,139,154
2,140,130
2,141,136
2,142,120
2,143,1521
2,144,421
2,145,157
2,146,122
2,147,141
2,148,214
2,149,146
2,150,138
2,151,144
2,152,137
2,153,145
2,154,132
2,155,184
2,156,145
2,157,186
2,158,158
2,159,164
2,160,196
2,161,180
2,162,148
2,163,153
2,164,147
2,165,153
2,166,153
2,167,158
2,168,149
2,169,162
2,170,171
2,171,185
2,172,155
2,173,169
2,174,191
2,175,158
2,176,153
2,177,172
2,178,191
2,179,1866
2,180,164
2,181,200
2,182,167
2,183,210
2,184,175
2,185,200
2,186,148
2,187,174
2,188,194
2,189,189
2,190,149
2,191,208
2,192,163
2,193,187
2,194,153
2,195,187
2,196,159
2,197,213
2,198,193
2,199,186
2,200,168
2,201,201
2,202,177
2,203,201
2,204,165
2,205,209
2,206,175
2,207,213
2,208,173
2,209,221
2,210,1515
2,211,256
2,212,177
2,213,332
2,214,204
2,215,350
2,216,178
2,217,248
2,218,193
2,219,276
2,220,203
2,221,685
2,222,204
2,223,281
2,224,215
2,225,304
2,226,220
2,227,310
2,228,222
2,229,313
2,230,245
2,231,310
2,232,250
2,233,345
2,234,266
2,235,3495
2,236,283
2,237,368
2,238,360
2,239,390
2,240,333
2,241,404
2,242,362
2,243,432
2,244,374
2,245,634
2,246,465
2,247,472
2,248,424
2,249,512
2,250,443
2,251,519
2,252,479
2,253,526
2,254,545
2,255,512
2,256,428
3,1,286
3,2,326
3,3,304
3,4,330
3,5,305
3,6,329
3,7,334
3,8,560
3,9,324
3,10,365
3,11,322
3,12,351
3,13,388
3,14,364
3,15,344
3,16,368
3,17,324
3,18,358
3,19,323
3,20,353
3,21,312
3,22,365
3,23,2394
3,24,359
3,25,334
3,26,360
3,27,353
3,28,807
3,29,338
3,30,441
3,31,353
3,32,379
3,33,347
3,34,393
3,35,362
3,36,390
3,37,394
3,38,512
3,39,382
3,40,408
3,41,369
3,42,410
3,43,374
3,44,385
3,45,306
3,46,310
3,47,250
3,48,240
3,49,259
3,50,221
3,51,306
3,52,299
3,53,212
3,54,242
3,55,243
3,56,237
3,57,214
3,58,234
3,59,362
3,60,236
3,61,245
3,62,235
3,63,212
3,64,286
3,65,212
3,66,225
3,67,231
3,68,261
3,69,217
3,70,229
3,71,391
3,72,222
3,73,325
3,74,226
3,75,234
3,76,258
3,77,237
3,78,231
3,79,221
3,80,245
3,81,213
3,82,206
3,83,215
3,84,213
3,85,198
3,86,210
3,87,209
3,88,266
3,89,204
3,90,218
3,91,216
3,92,254
3,93,204
3,94,204
3,95,219
3,96,202
3,97,220
3,98,205
3,99,220
3,100,209
3,101,203
3,102,200
3,103,275
3,104,204
3,105,200
3,106,190
3,107,199
3,108,204
3,109,198
3,110,192
3,111,199
3,112,197
3,113,185
3,114,201
3,115,189
3,116,196
3,117,187
3,118,197
3,119,213
3,120,195
3,121,181
3,122,200
3,123,172
3,124,211
3,125,170
3,126,191
3,127,179
3,128,186
3,129,156
3,130,181
3,131,155
3,132,167
3,133,150
3,134,132
3,135,161
3,136,113
3,137,139
3,138,133
3,139,154
3,140,129
3,141,137
3,142,120
3,143,1519
3,144,421
3,145,158
3,146,122
3,147,141
3,148,216
3,149,144
3,150,139
3,151,142
3,152,138
3,153,144
3,154,132
3,155,182
3,156,145
3,157,183
3,158,158
3,159,163
3,160,192
3,161,181
3,162,147
3,163,154
3,164,147
3,165,154
3,166,154
3,167,158
3,168,150
3,169,161
3,170,171
3,171,183
3,172,156
3,173,167
3,174,188
3,175,159
3,176,154
3,177,172
3,178,192
3,179,1854
3,180,163
3,181,201
3,182,166
3,183,207
3,184,175
3,185,199
3,186,148
3,187,174
3,188,192
3,189,188
3,190,149
3,191,210
3,192,165
3,193,188
3,194,152
3,195,186
3,196,160
3,197,213
3,198,189
3,199,185
3,200,169
3,201,203
3,202,177
3,203,201
3,204,165
3,205,208
3,206,174
3,207,213
3,208,174
3,209,221
3,210,1515
3,211,256
3,212,176
3,213,333
3,214,205
3,215,349
3,216,177
3,217,248
3,218,192
3,219,276
3,220,203
3,221,688
3,222,205
3,223,282
3,224,214
3,225,304
3,226,220
3,227,310
3,228,223
3,229,314
3,230,246
3,231,309
3,232,249
3,233,343
3,234,265
3,235,3497
3,236,284
3,237,367
3,238,361
3,239,389
3,240,333
3,241,403
3,242,361
3,243,432
3,244,377
3,245,631
3,246,466
3,247,472
3,248,424
3,249,512
3,250,444
3,251,519
3,252,479
3,253,523
3,254,550
3,255,511
3,256,429
4,1,286
4,2,326
4,3,304
4,4,330
4,5,305
4,6,329
4,7,334
4,8,560
4,9,324
4,10,365
4,11,322
4,12,351
4,13,388
4,14,364
4,15,344
4,16,368
4,17,324
4,18,358
4,19,323
4,20,353
4,21,312
4,22,365
4,23,2394
4,24,359
4,25,334
4,26,360
4,27,353
4,28,807
4,29,338
4,30,441
4,31,353
4,32,379
4,33,347
4,34,393
4,35,362
4,36,390
4,37,394
4,38,512
4,39,382
4,40,408
4,41,369
4,42,410
4,43,374
4,44,385
4,45,306
4,46,310
4,47,250
4,48,240
4,49,259
4,50,221
4,51,306
4,52,299
4,53,212
4,54,242
4,55,243
4,56,237
4,57,214
4,58,234
4,59,362
4,60,236
4,61,245
4,62,235
4,63,212
4,64,286
4,65,212
4,66,225
4,67,231
4,68,261
4,69,217
4,70,229
4,71,391
4,72,222
4,73,325
4,74,226
4,75,234
4,76,258
4,77,237
4,78,231
4,79,221
4,80,245
4,81,213
4,82,206
4,83,215
4,84,213
4,85,198
4,86,210
4,87,209
4,88,266
4,89,204
4,90,218
4,91,216
4,92,254
4,93,204
4,94,204
4,95,219
4,96,202
4,97,220
4,98,205
4,99,220
4,100,209
4,101,203
4,102,200
4,103,275
4,104,204
4,105,200
4,106,190
4,107,199
4,108,204
4,109,198
4,110,192
4,111,199
4,112,197
4,113,185
4,114,201
4,115,189
4,116,196
4,117,187
4,118,197
4,119,213
4,120,195
4,121,181
4,122,200
4,123,172
4,124,211
4,125,170
4,126,191
4,127,179
4,128,186
4,129,156
4,130,181
4,131,155
4,132,167
4,133,150
4,134,132
4,135,161
4,136,113
4,137,139
4,138,133
4,139,154
4,140,129
4,141,137
4,142,120
4,143,1519
4,144,421
4,145,158
4,146,122
4,147,141
4,148,216
4,149,144
4,150,139
4,151,142
4,152,138
4,153,144
4,154,132
4,155,182
4,156,145
4,157,183
4,158,158
4,159,163
4,160,192
4,161,181
4,162,147
4,163,154
4,164,147
4,165,154
4,166,154
4,167,158
4,168,150
4,169,161
4,170,171
4,171,183
4,172,156
4,173,167
4,174,188
4,175,159
4,176,154
4,177,172
4,178,192
4,179,1854
4,180,163
4,181,201
4,182,166
4,183,207
4,184,175
4,185,199
4,186,148
4,187,174
4,188,192
4,189,188
4,190,149
4,191,210
4,192,165
4,193,188
4,194,152
4,195,186
4,196,160
4,197,213
4,198,189
4,199,185
4,200,169
4,201,203
4,202,177
4,203,201
4,204,165
4,205,208
4,206,174
4,207,213
4,208,174
4,209,221
4,210,1515
4,211,256
4,212,176
4,213,333
4,214,205
4,215,349
4,216,177
4,217,248
4,218,192
4,219,276
4,220,203
4,221,688
4,222,205
4,223,282
4,224,214
4,225,304
4,226,220
4,227,310
4,228,223
4,229,314
4,230,246
4,231,309
4,232,249
4,233,343
4,234,265
4,235,3497
4,236,284
4,237,367
4,238,361
4,239,389
4,240,333
4,241,403
4,242,361
4,243,432
4,244,377
4,245,631
4,246,466
4,247,472
4,248,424
4,249,512
4,250,444
4,251,519
4,252,479
4,253,523
4,254,550
4,255,511
4,256,429
5,1,286
5,2,325
5,3,303
5,4,329
5,5,305
5,6,329
5,7,335
5,8,562
5,9,325
5,10,364
5,11,322
5,12,351
5,13,387
5,14,362
5,15,343
5,16,367
5,17,325
5,18,359
5,19,320
5,20,352
5,21,313
5,22,366
5,23,2403
5,24,359
5,25,334
5,26,360
5,27,352
5,28,807
5,29,338
5,30,440
5,31,352
5,32,378
5,33,347
5,34,394
5,35,361
5,36,391
5,37,391
5,38,512
5,39,382
5,40,409
5,41,368
5,42,409
5,43,375
5,44,386
5,45,307
5,46,311
5,47,251
5,48,239
5,49,264
5,50,222
5,51,300
5,52,304
5,53,214
5,54,243
5,55,244
5,56,237
5,57,214
5,58,235
5,59,362
5,60,236
5,61,247
5,62,235
5,63,211
5,64,288
5,65,211
5,66,226
5,67,231
5,68,260
5,69,217
5,70,231
5,71,391
5,72,222
5,73,327
5,74,226
5,75,232
5,76,258
5,77,239
5,78,231
5,79,220
5,80,245
5,81,214
5,82,207
5,83,215
5,84,213
5,85,197
5,86,212
5,87,210
5,88,266
5,89,205
5,90,222
5,91,245
5,92,253
5,93,205
5,94,205
5,95,220
5,96,202
5,97,219
5,98,205
5,99,220
5,100,209
5,101,204
5,102,201
5,103,273
5,104,204
5,105,200
5,106,190
5,107,198
5,108,202
5,109,200
5,110,192
5,111,200
5,112,197
5,113,186
5,114,202
5,115,189
5,116,196
5,117,186
5,118,196
5,119,213
5,120,193
5,121,181
5,122,200
5,123,173
5,124,211
5,125,169
5,126,193
5,127,180
5,128,185
5,129,155
5,130,183
5,131,155
5,132,165
5,133,150
5,134,132
5,135,162
5,136,111
5,137,139
5,138,133
5,139,155
5,140,130
5,141,136
5,142,120
5,143,1520
5,144,421
5,145,157
5,146,122
5,147,142
5,148,214
5,149,144
5,150,138
5,151,143
5,152,138
5,153,144
5,154,132
5,155,184
5,156,144
5,157,185
5,158,159
5,159,165
5,160,193
5,161,180
5,162,147
5,163,154
5,164,147
5,165,154
5,166,155
5,167,157
5,168,149
5,169,161
5,170,171
5,171,186
5,172,155
5,173,168
5,174,186
5,175,159
5,176,153
5,177,170
5,178,194
5,179,1855
5,180,163
5,181,200
5,182,166
5,183,210
5,184,175
5,185,198
5,186,148
5,187,173
5,188,193
5,189,188
5,190,150
5,191,209
5,192,164
5,193,186
5,194,151
5,195,186
5,196,158
5,197,215
5,198,192
5,199,185
5,200,169
5,201,202
5,202,178
5,203,200
5,204,165
5,205,208
5,206,174
5,207,213
5,208,174
5,209,223
5,210,1511
5,211,255
5,212,177
5,213,333
5,214,205
5,215,341
5,216,176
5,217,248
5,218,192
5,219,276
5,220,203
5,221,685
5,222,205
5,223,281
5,224,216
5,225,303
5,226,219
5,227,310
5,228,222
5,229,314
5,230,246
5,231,310
5,232,250
5,233,342
5,234,265
5,235,3497
5,236,285
5,237,369
5,238,362
5,239,390
5,240,334
5,241,405
5,242,377
5,243,437
5,244,375
5,245,635
5,246,463
5,247,472
5,248,423
5,249,512
5,250,442
5,251,517
5,252,479
5,253,524
5,254,548
5,255,512
5,256,430
6,1,286
6,2,325
6,3,303
6,4,329
6,5,305
6,6,329
6,7,335
6,8,562
6,9,325
6,10,364
6,11,322
6,12,351
6,13,387
6,14,362
6,15,343
6,16,367
6,17,325
6,18,359
6,19,320
6,20,352
6,21,313
6,22,366
6,23,2403
6,24,359
6,25,334
6,26,360
6,27,352
6,28,807
6,29,338
6,30,440
6,31,352
6,32,378
6,33,347
6,34,394
6,35,361
6,36,391
6,37,391
6,38,512
6,39,382
6,40,409
6,41,368
6,42,409
6,43,375
6,44,386
6,45,307
6,46,311
6,47,251
6,48,239
6,49,264
6,50,222
6,51,300
6,52,304
6,53,214
6,54,243
6,55,244
6,56,237
6,57,214
6,58,235
6,59,362
6,60,236
6,61,247
6,62,235
6,63,211
6,64,288
6,65,211
6,66,226
6,67,231
6,68,260
6,69,217
6,70,231
6,71,391
6,72,222
6,73,327
6,74,226
6,75,232
6,76,258
6,77,239
6,78,231
6,79,220
6,80,245
6,81,214
6,82,207
6,83,215
6,84,213
6,85,197
6,86,212
6,87,210
6,88,266
6,89,205
6,90,222
6,91,245
6,92,253
6,93,205
6,94,205
6,95,220
6,96,202
6,97,219
6,98,205
6,99,220
6,100,209
6,101,204
6,102,201
6,103,273
6,104,204
6,105,200
6,106,190
6,107,198
6,108,202
6,109,200
6,110,192
6,111,200
6,112,197
6,113,186
6,114,202
6,115,189
6,116,196
6,117,186
6,118,196
6,119,213
6,120,193
6,121,181
6,122,200
6,123,173
6,124,211
6,125,169
6,126,193
6,127,180
6,128,185
6,129,155
6,130,183
6,131,155
6,132,165
6,133,150
6,134,132
6,135,162
6,136,111
6,137,139
6,138,133
6,139,155
6,140,130
6,141,136
6,142,120
6,143,1520
6,144,421
6,145,157
6,146,122
6,147,142
6,148,214
6,149,144
6,150,138
6,151,143
6,152,138
6,153,144
6,154,132
6,155,184
6,156,144
6,157,185
6,158,159
6,159,165
6,160,193
6,161,180
6,162,147
6,163,154
6,164,147
6,165,154
6,166,155
6,167,157
6,168,149
6,169,161
6,170,171
6,171,186
6,172,155
6,173,168
6,174,186
6,175,159
6,176,153
6,177,170
6,178,194
6,179,1855
6,180,163
6,181,200
6,182,166
6,183,210
6,184,175
6,185,198
6,186,148
6,187,173
6,188,193
6,189,188
6,190,150
6,191,209
6,192,164
6,193,186
6,194,151
6,195,186
6,196,158
6,197,215
6,198,192
6,199,185
6,200,169
6,201,202
6,202,178
6,203,200
6,204,165
6,205,208
6,206,174
6,207,213
6,208,174
6,209,223
6,210,1511
6,211,255
6,212,177
6,213,333
6,214,205
6,215,341
6,216,176
6,217,248
6,218,192
6,219,276
6,220,203
6,221,685
6,222,205
6,223,281
6,224,216
6,225,303
6,226,219
6,227,310
6,228,222
6,229,314
6,230,246
6,231,310
6,232,250
6,233,342
6,234,265
6,235,3497
6,236,285
6,237,369
6,238,362
6,239,390
6,240,334
6,241,405
6,242,377
6,243,437
6,244,375
6,245,635
6,246,463
6,247,472
6,248,423
6,249,512
6,250,442
6,251,517
6,252,479
6,253,524
6,254,548
6,255,512
6,256,430
7,1,286
7,2,326
7,3,305
7,4,331
7,5,304
7,6,329
7,7,334
7,8,564
7,9,324
7,10,363
7,11,321
7,12,351
7,13,387
7,14,363
7,15,344
7,16,368
7,17,325
7,18,358
7,19,320
7,20,353
7,21,312
7,22,365
7,23,2402
7,24,360
7,25,334
7,26,358
7,27,352
7,28,808
7,29,338
7,30,439
7,31,352
7,32,378
7,33,348
7,34,395
7,35,361
7,36,391
7,37,393
7,38,511
7,39,384
7,40,410
7,41,370
7,42,410
7,43,375
7,44,387
7,45,306
7,46,311
7,47,251
7,48,239
7,49,256
7,50,222
7,51,303
7,52,303
7,53,214
7,54,243
7,55,242
7,56,237
7,57,213
7,58,237
7,59,361
7,60,237
7,61,248
7,62,235
7,63,211
7,64,286
7,65,210
7,66,224
7,67,231
7,68,260
7,69,217
7,70,230
7,71,394
7,72,223
7,73,321
7,74,227
7,75,232
7,76,260
7,77,237
7,78,232
7,79,221
7,80,245
7,81,213
7,82,207
7,83,217
7,84,213
7,85,197
7,86,211
7,87,209
7,88,265
7,89,202
7,90,218
7,91,215
7,92,253
7,93,203
7,94,206
7,95,220
7,96,202
7,97,218
7,98,206
7,99,220
7,100,210
7,101,204
7,102,200
7,103,274
7,104,204
7,105,200
7,106,190
7,107,200
7,108,205
7,109,200
7,110,193
7,111,199
7,112,198
7,113,185
7,114,201
7,115,189
7,116,196
7,117,187
7,118,198
7,119,214
7,120,195
7,121,182
7,122,201
7,123,172
7,124,212
7,125,169
7,126,192
7,127,179
7,128,186
7,129,155
7,130,183
7,131,154
7,132,163
7,133,150
7,134,131
7,135,162
7,136,113
7,137,138
7,138,133
7,139,155
7,140,130
7,141,136
7,142,121
7,143,1522
7,144,420
7,145,156
7,146,122
7,147,142
7,148,215
7,149,145
7,150,139
7,151,143
7,152,137
7,153,144
7,154,131
7,155,183
7,156,146
7,157,183
7,158,160
7,159,165
7,160,193
7,161,179
7,162,147
7,163,153
7,164,147
7,165,154
7,166,154
7,167,157
7,168,150
7,169,162
7,170,171
7,171,185
7,172,155
7,173,167
7,174,186
7,175,158
7,176,153
7,177,170
7,178,194
7,179,1865
7,180,163
7,181,199
7,182,167
7,183,210
7,184,175
7,185,199
7,186,147
7,187,174
7,188,192
7,189,188
7,190,151
7,191,208
7,192,164
7,193,186
7,194,151
7,195,185
7,196,159
7,197,215
7,198,192
7,199,184
7,200,168
7,201,203
7,202,177
7,203,199
7,204,165
7,205,207
7,206,175
7,207,212
7,208,174
7,209,222
7,210,1514
7,211,256
7,212,176
7,213,332
7,214,205
7,215,346
7,216,185
7,217,246
7,218,192
7,219,276
7,220,204
7,221,683
7,222,205
7,223,280
7,224,215
7,225,304
7,226,220
7,227,309
7,228,223
7,229,313
7,230,245
7,231,308
7,232,250
7,233,341
7,234,266
7,235,3486
7,236,285
7,237,368
7,238,360
7,239,390
7,240,333
7,241,402
7,242,362
7,243,431
7,244,377
7,245,632
7,246,458
7,247,471
7,248,425
7,249,508
7,250,444
7,251,517
7,252,480
7,253,524
7,254,550
7,255,510
7,256,427
8,1,286
8,2,326
8,3,305
8,4,331
8,5,304
8,6,329
8,7,334
8,8,564
8,9,324
8,10,363
8,11,321
8,12,351
8,13,387
8,14,363
8,15,344
8,16,368
8,17,325
8,18,358
8,19,320
8,20,353
8,21,312
8,22,365
8,23,2402
8,24,360
8,25,334
8,26,358
8,27,352
8,28,808
8,29,338
8,30,439
8,31,352
8,32,378
8,33,348
8,34,395
8,35,361
8,36,391
8,37,393
8,38,511
8,39,384
8,40,410
8,41,370
8,42,410
8,43,375
8,44,387
8,45,306
8,46,311
8,47,251
8,48,239
8,49,256
8,50,222
8,51,303
8,52,303
8,53,214
8,54,243
8,55,242
8,56,237
8,57,213
8,58,237
8,59,361
8,60,237
8,61,248
8,62,235
8,63,211
8,64,286
8,65,210
8,66,224
8,67,231
8,68,260
8,69,217
8,70,230
8,71,394
8,72,223
8,73,321
8,74,227
8,75,232
8,76,260
8,77,237
8,78,232
8,79,221
8,80,245
8,81,213
8,82,207
8,83,217
8,84,213
8,85,197
8,86,211
8,87,209
8,88,265
8,89,202
8,90,218
8,91,215
8,92,253
8,93,203
8,94,206
8,95,220
8,96,202
8,97,218
8,98,206
8,99,220
8,100,210
8,101,204
8,102,200
8,103,274
8,104,204
8,105,200
8,106,190
8,107,200
8,108,205
8,109,200
8,110,193
8,111,199
8,112,198
8,113,185
8,114,201
8,115,189
8,116,196
8,117,187
8,118,198
8,119,214
8,120,195
8,121,182
8,122,201
8,123,172
8,124,212
8,125,169
8,126,192
8,127,179
8,128,186
8,129,155
8,130,183
8,131,154
8,132,163
8,133,150
8,134,131
8,135,162
8,136,113
8,137,138
8,138,133
8,139,155
8,140,130
8,141,136
8,142,121
8,143,1522
8,144,420
8,145,156
8,146,122
8,147,142
8,148,215
8,149,145
8,150,139
8,151,143
8,152,137
8,153,144
8,154,131
8,155,183
8,156,146
8,157,183
8,158,160
8,159,165
8,160,193
8,161,179
8,162,147
8,163,153
8,164,147
8,165,154
8,166,154
8,167,157
8,168,150
8,169,162
8,170,171
8,171,185
8,172,155
8,173,167
8,174,186
8,175,158
8,176,153
8,177,170
8,178,194
8,179,1865
8,180,163
8,181,199
8,182,167
8,183,210
8,184,175
8,185,199
8,186,147
8,187,174
8,188,192
8,189,188
8,190,151
8,191,208
8,192,164
8,193,186
8,194,151
8,195,185
8,196,159
8,197,215
8,198,192
8,199,184
8,200,168
8,201,203
8,202,177
8,203,199
8,204,165
8,205,207
8,206,175
8,207,212
8,208,174
8,209,222
8,210,1514
8,211,256
8,212,176
8,213,332
8,214,205
8,215,346
8,216,185
8,217,246
8,218,192
8,219,276
8,220,204
8,221,683
8,222,205
8,223,280
8,224,215
8,225,304
8,226,220
8,227,309
8,228,223
8,229,313
8,230,245
8,231,308
8,232,250
8,233,341
8,234,266
8,235,3486
8,236,285
8,237,368
8,238,360
8,239,390
8,240,333
8,241,402
8,242,362
8,243,431
8,244,377
8,245,632
8,246,458
8,247,471
8,248,425
8,249,508
8,250,444
8,251,517
8,252,480
8,253,524
8,254,550
8,255,510
8,256,427
9,1,287
9,2,325
9,3,305
9,4,331
9,5,305
9,6,330
9,7,335
9,8,565
9,9,326
9,10,363
9,11,324
9,12,350
9,13,388
9,14,363
9,15,344
9,16,369
9,17,325
9,18,359
9,19,323
9,20,353
9,21,314
9,22,367
9,23,2406
9,24,359
9,25,334
9,26,359
9,27,354
9,28,808
9,29,340
9,30,446
9,31,354
9,32,379
9,33,348
9,34,394
9,35,364
9,36,390
9,37,393
9,38,513
9,39,385
9,40,411
9,41,372
9,42,412
9,43,377
9,44,387
9,45,307
9,46,312
9,47,253
9,48,240
9,49,265
9,50,223
9,51,305
9,52,299
9,53,214
9,54,244
9,55,244
9,56,239
9,57,215
9,58,236
9,59,363
9,60,237
9,61,248
9,62,235
9,63,212
9,64,287
9,65,213
9,66,226
9,67,232
9,68,260
9,69,219
9,70,230
9,71,394
9,72,222
9,73,326
9,74,227
9,75,234
9,76,258
9,77,241
9,78,233
9,79,221
9,80,245
9,81,214
9,82,209
9,83,218
9,84,213
9,85,199
9,86,212
9,87,209
9,88,265
9,89,206
9,90,218
9,91,217
9,92,255
9,93,205
9,94,207
9,95,222
9,96,202
9,97,221
9,98,207
9,99,222
9,100,209
9,101,205
9,102,201
9,103,267
9,104,203
9,105,201
9,106,190
9,107,206
9,108,208
9,109,200
9,110,193
9,111,200
9,112,197
9,113,186
9,114,202
9,115,189
9,116,197
9,117,188
9,118,198
9,119,215
9,120,195
9,121,183
9,122,199
9,123,172
9,124,212
9,125,170
9,126,192
9,127,181
9,128,185
9,129,156
9,130,183
9,131,156
9,132,164
9,133,151
9,134,131
9,135,163
9,136,113
9,137,139
9,138,134
9,139,156
9,140,130
9,141,135
9,142,120
9,143,1518
9,144,420
9,145,158
9,146,122
9,147,142
9,148,216
9,149,145
9,150,140
9,151,145
9,152,137
9,153,145
9,154,131
9,155,184
9,156,146
9,157,185
9,158,159
9,159,164
9,160,192
9,161,179
9,162,147
9,163,154
9,164,147
9,165,155
9,166,153
9,167,158
9,168,150
9,169,162
9,170,171
9,171,186
9,172,155
9,173,167
9,174,191
9,175,160
9,176,154
9,177,171
9,178,194
9,179,1854
9,180,163
9,181,201
9,182,165
9,183,210
9,184,175
9,185,200
9,186,148
9,187,174
9,188,193
9,189,188
9,190,150
9,191,209
9,192,165
9,193,187
9,194,153
9,195,188
9,196,159
9,197,216
9,198,193
9,199,185
9,200,169
9,201,202
9,202,178
9,203,199
9,204,165
9,205,208
9,206,173
9,207,214
9,208,174
9,209,222
9,210,1513
9,211,257
9,212,177
9,213,335
9,214,206
9,215,348
9,216,177
9,217,248
9,218,192
9,219,277
9,220,204
9,221,689
9,222,206
9,223,281
9,224,216
9,225,305
9,226,219
9,227,311
9,228,223
9,229,315
9,230,245
9,231,311
9,232,248
9,233,344
9,234,266
9,235,3492
9,236,286
9,237,368
9,238,362
9,239,390
9,240,334
9,241,406
9,242,362
9,243,432
9,244,375
9,245,632
9,246,463
9,247,472
9,248,425
9,249,512
9,250,443
9,251,519
9,252,479
9,253,526
9,254,552
9,255,512
9,256,429
10,1,287
10,2,325
10,3,305
10,4,331
10,5,305
10,6,330
10,7,335
10,8,565
10,9,326
10,10,363
10,11,324
10,12,350
10,13,388
10,14,363
10,15,344
10,16,369
10,17,325
10,18,359
10,19,323
10,20,353
10,21,314
10,22,367
10,23,2406
10,24,359
10,25,334
10,26,359
10,27,354
10,28,808
10,29,340
10,30,446
10,31,354
10,32,379
10,33,348
10,34,394
10,35,364
10,36,390
10,37,393
10,38,513
10,39,385
10,40,411
10,41,372
10,42,412
10,43,377
10,44,387
10,45,307
10,46,312
10,47,253
10,48,240
10,49,265
10,50,223
10,51,305
10,52,299
10,53,214
10,54,244
10,55,244
10,56,239
10,57,215
10,58,236
10,59,363
10,60,237
10,61,248
10,62,235
10,63,212
10,64,287
10,65,213
10,66,226
10,67,232
10,68,260
10,69,219
10,70,230
10,71,394
10,72,222
10,73,326
10,74,227
10,75,234
10,76,258
10,77,241
10,78,233
10,79,221
10,80,245
10,81,214
10,82,209
10,83,218
10,84,213
10,85,199
10,86,212
10,87,209
10,88,265
10,89,206
10,90,218
10,91,217
10,92,255
10,93,205
10,94,207
10,95,222
10,96,202
10,97,221
10,98,207
10,99,222
10,100,209
10,101,205
10,102,201
10,103,267
10,104,203
10,105,201
10,106,190
10,107,206
10,108,208
10,109,200
10,110,193
10,111,200
10,112,197
10,113,186
10,114,202
10,115,189
10,116,197
10,117,188
10,118,198
10,119,215
10,120,195
10,121,183
10,122,199
10,123,172
10,124,212
10,125,170
10,126,192
10,127,181
10,128,185
10,129,156
10,130,183
10,131,156
10,132,164
10,133,151
10,134,131
10,135,163
10,136,113
10,137,139
10,138,134
10,139,156
10,140,130
10,141,135
10,142,120
10,143,1518
10,144,420
10,145,158
10,146,122
10,147,142
10,148,216
10,149,145
10,150,140
10,151,145
10,152,137
10,153,145
10,154,131
10,155,184
10,156,146
10,157,185
10,158,159
10,159,164
10,160,192
10,161,179
10,162,147
10,163,154
10,164,147
10,165,155
10,166,153
10,167,158
10,168,150
10,169,162
10,170,171
10,171,186
10,172,155
10,173,167
10,174,191
10,175,160
10,176,154
10,177,171
10,178,194
10,179,1854
10,180,163
10,181,201
10,182,165
10,183,210
10,184,175
10,185,200
10,186,148
10,187,174
10,188,193
10,189,188
10,190,150
10,191,209
10,192,165
10,193,187
10,194,153
10,195,188
10,196,159
10,197,216
10,198,193
10,199,185
10,200,169
10,201,202
10,202,178
10,203,199
10,204,165
10,205,208
10,206,173
10,207,214
10,208,174
10,209,222
10,210,1513
10,211,257
10,212,177
10,213,335
10,214,206
10,215,348
10,216,177
10,217,248
10,218,192
10,219,277
10,220,204
10,221,689
10,222,206
10,223,281
10,224,216
10,225,305
10,226,219
10,227,311
10,228,223
10,229,315
10,230,245
10,231,311
10,232,248
10,233,344
10,234,266
10,235,3492
10,236,286
10,237,368
10,238,362
10,239,390
10,240,334
10,241,406
10,242,362
10,243,432
10,244,375
10,245,632
10,246,463
10,247,472
10,248,425
10,249,512
10,250,443
10,251,519
10,252,479
10,253,526
10,254,552
10,255,512
10,256,429
11,1,286
11,2,326
11,3,304
11,4,330
11,5,305
11,6,329
11,7,335
11,8,568
11,9,325
11,10,366
11,11,323
11,12,351
11,13,388
11,14,363
11,15,345
11,16,368
11,17,325
11,18,360
11,19,321
11,20,355
11,21,311
11,22,368
11,23,2415
11,24,360
11,25,334
11,26,359
11,27,352
11,28,808
11,29,340
11,30,441
11,31,353
11,32,379
11,33,348
11,34,396
11,35,362
11,36,390
11,37,394
11,38,514
11,39,384
11,40,412
11,41,370
11,42,415
11,43,377
11,44,389
11,45,306
11,46,313
11,47,253
11,48,241
11,49,265
11,50,223
11,51,303
11,52,304
11,53,214
11,54,245
11,55,243
11,56,239
11,57,213
11,58,237
11,59,363
11,60,238
11,61,245
11,62,235
11,63,211
11,64,288
11,65,213
11,66,227
11,67,230
11,68,260
11,69,222
11,70,232
11,71,394
11,72,222
11,73,326
11,74,228
11,75,234
11,76,259
11,77,240
11,78,232
11,79,222
11,80,246
11,81,213
11,82,209
11,83,218
11,84,214
11,85,199
11,86,213
11,87,209
11,88,266
11,89,204
11,90,219
11,91,216
11,92,253
11,93,205
11,94,208
11,95,223
11,96,203
11,97,219
11,98,208
11,99,221
11,100,210
11,101,204
11,102,200
11,103,269
11,104,205
11,105,199
11,106,190
11,107,200
11,108,205
11,109,200
11,110,194
11,111,200
11,112,197
11,113,186
11,114,202
11,115,189
11,116,197
11,117,187
11,118,197
11,119,214
11,120,195
11,121,182
11,122,199
11,123,173
11,124,212
11,125,170
11,126,191
11,127,180
11,128,185
11,129,155
11,130,183
11,131,155
11,132,165
11,133,150
11,134,133
11,135,162
11,136,113
11,137,138
11,138,133
11,139,155
11,140,131
11,141,136
11,142,121
11,143,1519
11,144,422
11,145,157
11,146,123
11,147,141
11,148,215
11,149,143
11,150,139
11,151,143
11,152,138
11,153,145
11,154,131
11,155,182
11,156,146
11,157,184
11,158,158
11,159,163
11,160,191
11,161,180
11,162,148
11,163,154
11,164,147
11,165,154
11,166,155
11,167,158
11,168,151
11,169,161
11,170,173
11,171,185
11,172,156
11,173,168
11,174,191
11,175,158
11,176,154
11,177,170
11,178,194
11,179,1850
11,180,163
11,181,202
11,182,167
11,183,208
11,184,176
11,185,199
11,186,148
11,187,174
11,188,192
11,189,189
11,190,151
11,191,209
11,192,165
11,193,186
11,194,151
11,195,186
11,196,159
11,197,214
11,198,192
11,199,185
11,200,170
11,201,203
11,202,178
11,203,200
11,204,165
11,205,208
11,206,175
11,207,213
11,208,175
11,209,223
11,210,1513
11,211,255
11,212,177
11,213,333
11,214,206
11,215,342
11,216,178
11,217,247
11,218,194
11,219,275
11,220,204
11,221,690
11,222,206
11,223,280
11,224,215
11,225,304
11,226,219
11,227,309
11,228,222
11,229,315
11,230,247
11,231,310
11,232,250
11,233,341
11,234,266
11,235,3489
11,236,285
11,237,369
11,238,363
11,239,394
11,240,338
11,241,404
11,242,363
11,243,429
11,244,377
11,245,634
11,246,470
11,247,471
11,248,423
11,249,509
11,250,445
11,251,518
11,252,479
11,253,524
11,254,546
11,255,510
11,256,427
12,1,286
12,2,326
12,3,304
12,4,330
12,5,305
12,6,329
12,7,335
12,8,568
12,9,325
12,10,366
12,11,323
12,12,351
12,13,388
12,14,363
12,15,345
12,16,368
12,17,325
12,18,360
12,19,321
12,20,355
12,21,311
12,22,368
12,23,2415
12,24,360
12,25,334
12,26,359
12,27,352
12,28,808
12,29,340
12,30,441
12,31,353
12,32,379
12,33,348
12,34,396
12,35,362
12,36,390
12,37,394
12,38,514
12,39,384
12,40,412
12,41,370
12,42,415
12,43,377
12,44,389
12,45,306
12,46,313
12,47,253
12,48,241
12,49,265
12,50,223
12,51,303
12,52,304
12,53,214
12,54,245
12,55,243
12,56,239
12,57,213
12,58,237
12,59,363
12,60,238
12,61,245
12,62,235
12,63,211
12,64,288
12,65,213
12,66,227
12,67,230
12,68,260
12,69,222
12,70,232
12,71,394
12,72,222
12,73,326
12,74,228
12,75,234
12,76,259
12,77,240
12,78,232
12,79,222
12,80,246
12,81,213
12,82,209
12,83,218
12,84,214
12,85,199
12,86,213
12,87,209
12,88,266
12,89,204
12,90,219
12,91,216
12,92,253
12,93,205
12,94,208
12,95,223
12,96,203
12,97,219
12,98,208
12,99,221
12,100,210
12,101,204
12,102,200
12,103,269
12,104,205
12,105,199
12,106,190
12,107,200
12,108,205
12,109,200
12,110,194
12,111,200
12,112,197
12,113,186
12,114,202
12,115,189
12,116,197
12,117,187
12,118,197
12,119,214
12,120,195
12,121,182
12,122,199
12,123,173
12,124,212
12,125,170
12,126,191
12,127,180
12,128,185
12,129,155
12,130,183
12,131,155
12,132,165
12,133,150
12,134,133
12,135,162
12,136,113
12,137,138
12,138,133
12,139,155
12,140,131
12,141,136
12,142,121
12,143,1519
12,144,422
12,145,157
12,146,123
12,147,141
12,148,215
12,149,143
12,150,139
12,151,143
12,152,138
12,153,145
12,154,131
12,155,182
12,156,146
12,157,184
12,158,158
12,159,163
12,160,191
12,161,180
12,162,148
12,163,154
12,164,147
12,165,154
12,166,155
12,167,158
12,168,151
12,169,161
12,170,173
12,171,185
12,172,156
12,173,168
12,174,191
12,175,158
12,176,154
12,177,170
12,178,194
12,179,1850
12,180,163
12,181,202
12,182,167
12,183,208
12,184,176
12,185,199
12,186,148
12,187,174
12,188,192
12,189,189
12,190,151
12,191,209
12,192,165
12,193,186
12,194,151
12,195,186
12,196,159
12,197,214
12,198,192
12,199,185
12,200,170
12,201,203
12,202,178
12,203,200
12,204,165
12,205,208
12,206,175
12,207,213
12,208,175
12,209,223
12,210,1513
12,211,255
12,212,177
12,213,333
12,214,206
12,215,342
12,216,178
12,217,247
12,218,194
12,219,275
12,220,204
12,221,690
12,222,206
12,223,280
12,224,215
12,225,304
12,226,219
12,227,309
12,228,222
12,229,315
12,230,247
12,231,310
12,232,250
12,233,341
12,234,266
12,235,3489
12,236,285
12,237,369
12,238,363
12,239,394
12,240,338
12,241,404
12,242,363
12,243,429
12,244,377
12,245,634
12,246,470
12,247,471
12,248,423
12,249,509
12,250,445
12,251,518
12,252,479
12,253,524
12,254,546
12,255,510
12,256,427
13,1,288
13,2,325
13,3,304
13,4,329
13,5,304
13,6,329
13,7,335
13,8,558
13,9,325
13,10,364
13,11,322
13,12,352
13,13,389
13,14,363
13,15,342
13,16,368
13,17,326
13,18,358
13,19,321
13,20,353
13,21,312
13,22,366
13,23,2403
13,24,359
13,25,335
13,26,360
13,27,352
13,28,810
13,29,347
13,30,439
13,31,353
13,32,379
13,33,349
13,34,394
13,35,363
13,36,392
13,37,394
13,38,511
13,39,385
13,40,411
13,41,373
13,42,415
13,43,378
13,44,389
13,45,308
13,46,314
13,47,255
13,48,241
13,49,261
13,50,222
13,51,303
13,52,299
13,53,215
13,54,245
13,55,247
13,56,239
13,57,215
13,58,236
13,59,362
13,60,238
13,61,248
13,62,237
13,63,213
13,64,287
13,65,212
13,66,226
13,67,230
13,68,258
13,69,220
13,70,232
13,71,393
13,72,223
13,73,325
13,74,228
13,75,235
13,76,260
13,77,244
13,78,249
13,79,222
13,80,245
13,81,215
13,82,209
13,83,219
13,84,213
13,85,200
13,86,213
13,87,209
13,88,265
13,89,204
13,90,218
13,91,217
13,92,254
13,93,206
13,94,208
13,95,220
13,96,202
13,97,219
13,98,208
13,99,221
13,100,208
13,101,204
13,102,200
13,103,268
13,104,204
13,105,200
13,106,190
13,107,200
13,108,204
13,109,204
13,110,193
13,111,200
13,112,198
13,113,186
13,114,202
13,115,191
13,116,197
13,117,188
13,118,197
13,119,215
13,120,194
13,121,183
13,122,199
13,123,174
13,124,211
13,125,170
13,126,192
13,127,180
13,128,185
13,129,157
13,130,183
13,131,156
13,132,164
13,133,151
13,134,131
13,135,162
13,136,112
13,137,139
13,138,134
13,139,155
13,140,129
13,141,137
13,142,121
13,143,1519
13,144,422
13,145,155
13,146,123
13,147,141
13,148,217
13,149,145
13,150,139
13,151,144
13,152,138
13,153,145
13,154,132
13,155,183
13,156,145
13,157,185
13,158,159
13,159,164
13,160,194
13,161,180
13,162,146
13,163,154
13,164,147
13,165,154
13,166,154
13,167,159
13,168,149
13,169,162
13,170,172
13,171,185
13,172,155
13,173,170
13,174,191
13,175,159
13,176,154
13,177,173
13,178,195
13,179,1854
13,180,164
13,181,200
13,182,166
13,183,212
13,184,176
13,185,201
13,186,148
13,187,174
13,188,193
13,189,188
13,190,150
13,191,208
13,192,164
13,193,187
13,194,151
13,195,210
13,196,324
13,197,542
13,198,223
13,199,188
13,200,170
13,201,203
13,202,177
13,203,201
13,204,164
13,205,210
13,206,174
13,207,214
13,208,174
13,209,223
13,210,1513
13,211,256
13,212,177
13,213,333
13,214,206
13,215,349
13,216,177
13,217,249
13,218,193
13,219,276
13,220,204
13,221,691
13,222,205
13,223,283
13,224,215
13,225,303
13,226,219
13,227,310
13,228,222
13,229,314
13,230,244
13,231,309
13,232,249
13,233,343
13,234,265
13,235,3507
13,236,287
13,237,369
13,238,361
13,239,391
13,240,333
13,241,404
13,242,363
13,243,433
13,244,376
13,245,634
13,246,464
13,247,472
13,248,424
13,249,510
13,250,443
13,251,518
13,252,480
13,253,523
13,254,548
13,255,511
13,256,429
14,1,288
14,2,325
14,3,304
14,4,329
14,5,304
14,6,329
14,7,335
14,8,558
14,9,325
14,10,364
14,11,322
14,12,352
14,13,389
14,14,363
14,15,342
14,16,368
14,17,326
14,18,358
14,19,321
14,20,353
14,21,312
14,22,366
14,23,2403
14,24,359
14,25,335
14,26,360
14,27,352
14,28,810
14,29,347
14,30,439
14,31,353
14,32,379
14,33,349
14,34,394
14,35,363
14,36,392
14,37,394
14,38,511
14,39,385
14,40,411
14,41,373
14,42,415
14,43,378
14,44,389
14,45,308
14,46,314
14,47,255
14,48,241
14,49,261
14,50,222
14,51,303
14,52,299
14,53,215
14,54,245
14,55,247
14,56,239
14,57,215
14,58,236
14,59,362
14,60,238
14,61,248
14,62,237
14,63,213
14,64,287
14,65,212
14,66,226
14,67,230
14,68,258
14,69,220
14,70,232
14,71,393
14,72,223
14,73,325
14,74,228
14,75,235
14,76,260
14,77,244
14,78,249
14,79,222
14,80,245
14,81,215
14,82,209
14,83,219
14,84,213
14,85,200
14,86,213
14,87,209
14,88,265
14,89,204
14,90,218
14,91,217
14,92,254
14,93,206
14,94,208
14,95,220
14,96,202
14,97,219
14,98,208
14,99,221
14,100,208
14,101,204
14,102,200
14,103,268
14,104,204
14,105,200
14,106,190
14,107,200
14,108,204
14,109,204
14,110,193
14,111,200
14,112,198
14,113,186
14,114,202
14,115,191
14,116,197
14,117,188
14,118,197
14,119,215
14,120,194
14,121,183
14,122,199
14,123,174
14,124,211
14,125,170
14,126,192
14,127,180
14,128,185
14,129,157
14,130,183
14,131,156
14,132,164
14,133,151
14,134,131
14,135,162
14,136,112
14,137,139
14,138,134
14,139,155
14,140,129
14,141,137
14,142,121
14,143,1519
14,144,422
14,145,155
14,146,123
14,147,141
14,148,217
14,149,145
14,150,139
14,151,144
14,152,138
14,153,145
14,154,132
14,155,183
14,156,145
14,157,185
14,158,159
14,159,164
14,160,194
14,161,180
14,162,146
14,163,154
14,164,147
14,165,154
14,166,154
14,167,159
14,168,149
14,169,162
14,170,172
14,171,185
14,172,155
14,173,170
14,174,191
14,175,159
14,176,154
14,177,173
14,178,195
14,179,1854
14,180,164
14,181,200
14,182,166
14,183,212
14,184,176
14,185,201
14,186,148
14,187,174
14,188,193
14,189,188
14,190,150
14,191,208
14,192,164
14,193,187
14,194,151
14,195,210
14,196,324
14,197,542
14,198,223
14,199,188
14,200,170
14,201,203
14,202,177
14,203,201
14,204,164
14,205,210
14,206,174
14,207,214
14,208,174
14,209,223
14,210,1513
14,211,256
14,212,177
14,213,333
14,214,206
14,215,349
14,216,177
14,217,249
14,218,193
14,219,276
14,220,204
14,221,691
14,222,205
14,223,283
14,224,215
14,225,303
14,226,219
14,227,310
14,228,222
14,229,314
14,230,244
14,231,309
14,232,249
14,233,343
14,234,265
14,235,3507
14,236,287
14,237,369
14,238,361
14,239,391
14,240,333
14,241,404
14,242,363
14,243,433
14,244,376
14,245,634
14,246,464
14,247,472
14,248,424
14,249,510
14,250,443
14,251,518
14,252,480
14,253,523
14,254,548
14,255,511
14,256,429
15,1,287
15,2,327
15,3,306
15,4,330
15,5,304
15,6,329
15,7,333
15,8,565
15,9,325
15,10,365
15,11,323
15,12,350
15,13,387
15,14,363
15,15,343
15,16,368
15,17,324
15,18,358
15,19,322
15,20,354
15,21,314
15,22,367
15,23,2407
15,24,359
15,25,334
15,26,360
15,27,352
15,28,807
15,29,340
15,30,449
15,31,354
15,32,381
15,33,350
15,34,396
15,35,364
15,36,390
15,37,395
15,38,512
15,39,387
15,40,411
15,41,372
15,42,415
15,43,379
15,44,388
15,45,310
15,46,314
15,47,255
15,48,241
15,49,261
15,50,223
15,51,307
15,52,305
15,53,215
15,54,245
15,55,247
15,56,239
15,57,215
15,58,238
15,59,364
15,60,238
15,61,247
15,62,237
15,63,212
15,64,289
15,65,214
15,66,227
15,67,232
15,68,261
15,69,219
15,70,231
15,71,394
15,72,223
15,73,336
15,74,238
15,75,236
15,76,260
15,77,239
15,78,232
15,79,223
15,80,245
15,81,215
15,82,208
15,83,217
15,84,213
15,85,199
15,86,212
15,87,211
15,88,267
15,89,206
15,90,219
15,91,218
15,92,254
15,93,204
15,94,206
15,95,220
15,96,202
15,97,218
15,98,207
15,99,220
15,100,209
15,101,203
15,102,202
15,103,270
15,104,204
15,105,201
15,106,190
15,107,200
15,108,205
15,109,202
15,110,194
15,111,202
15,112,200
15,113,202
15,114,202
15,115,189
15,116,197
15,117,187
15,118,198
15,119,214
15,120,195
15,121,183
15,122,199
15,123,173
15,124,213
15,125,169
15,126,193
15,127,181
15,128,187
15,129,156
15,130,182
15,131,156
15,132,165
15,133,150
15,134,132
15,135,162
15,136,113
15,137,138
15,138,134
15,139,155
15,140,130
15,141,136
15,142,120
15,143,1520
15,144,421
15,145,159
15,146,124
15,147,142
15,148,218
15,149,145
15,150,137
15,151,143
15,152,138
15,153,146
15,154,132
15,155,183
15,156,146
15,157,185
15,158,160
15,159,164
15,160,192
15,161,180
15,162,148
15,163,153
15,164,148
15,165,155
15,166,154
15,167,157
15,168,149
15,169,162
15,170,171
15,171,185
15,172,156
15,173,169
15,174,186
15,175,159
15,176,154
15,177,172
15,178,195
15,179,1853
15,180,163
15,181,201
15,182,167
15,183,211
15,184,175
15,185,200
15,186,148
15,187,174
15,188,194
15,189,187
15,190,152
15,191,210
15,192,163
15,193,187
15,194,152
15,195,187
15,196,160
15,197,214
15,198,192
15,199,184
15,200,168
15,201,203
15,202,178
15,203,201
15,204,166
15,205,208
15,206,173
15,207,213
15,208,174
15,209,222
15,210,1514
15,211,256
15,212,177
15,213,333
15,214,205
15,215,354
15,216,178
15,217,247
15,218,192
15,219,276
15,220,203
15,221,690
15,222,204
15,223,281
15,224,216
15,225,305
15,226,220
15,227,310
15,228,223
15,229,312
15,230,246
15,231,310
15,232,250
15,233,342
15,234,266
15,235,3483
15,236,285
15,237,368
15,238,362
15,239,390
15,240,333
15,241,403
15,242,362
15,243,431
15,244,377
15,245,632
15,246,464
15,247,472
15,248,425
15,249,512
15,250,445
15,251,518
15,252,479
15,253,522
15,254,547
15,255,512
15,256,430
16,1,287
16,2,327
16,3,306
16,4,330
16,5,304
16,6,329
16,7,333
16,8,565
16,9,325
16,10,365
16,11,323
16,12,350
16,13,387
16,14,363
16,15,343
16,16,368
16,17,324
16,18,358
16,19,322
16,20,354
16,21,314
16,22,367
16,23,2407
16,24,359
16,25,334
16,26,360
16,27,352
16,28,807
16,29,340
16,30,449
16,31,354
16,32,381
16,33,350
16,34,396
16,35,364
16,36,390
16,37,395
16,38,512
16,39,387
16,40,411
16,41,372
16,42,415
16,43,379
16,44,388
16,45,310
16,46,314
16,47,255
16,48,241
16,49,261
16,50,223
16,51,307
16,52,305
16,53,215
16,54,245
16,55,247
16,56,239
16,57,215
16,58,238
16,59,364
16,60,238
16,61,247
16,62,237
16,63,212
16,64,289
16,65,214
16,66,227
16,67,232
16,68,261
16,69,219
16,70,231
16,71,394
16,72,223
16,73,336
16,74,238
16,75,236
16,76,260
16,77,239
16,78,232
16,79,223
16,80,245
16,81,215
16,82,208
16,83,217
16,84,213
16,85,199
16,86,212
16,87,211
16,88,267
16,89,206
16,90,219
16,91,218
16,92,254
16,93,204
16,94,206
16,95,220
16,96,202
16,97,218
16,98,207
16,99,220
16,100,209
16,101,203
16,102,202
16,103,270
16,104,204
16,105,201
16,106,190
16,107,200
16,108,205
16,109,202
16,110,194
16,111,202
16,112,200
16,113,202
16,114,202
16,115,189
16,116,197
16,117,187
16,118,198
16,119,214
16,120,195
16,121,183
16,122,199
16,123,173
16,124,213
16,125,169
16,126,193
16,127,181
16,128,187
16,129,156
16,130,182
16,131,156
16,132,165
16,133,150
16,134,132
16,135,162
16,136,113
16,137,138
16,138,134
16,139,155
16,140,130
16,141,136
16,142,120
16,143,1520
16,144,421
16,145,159
16,146,124
16,147,142
16,148,218
16,149,145
16,150,137
16,151,143
16,152,138
16,153,146
16,154,132
16,155,183
16,156,146
16,157,185
16,158,160
16,159,164
16,160,192
16,161,180
16,162,148
16,163,153
16,164,148
16,165,155
16,166,154
16,167,157
16,168,149
16,169,162
16,170,171
16,171,185
16,172,156
16,173,169
16,174,186
16,175,159
16,176,154
16,177,172
16,178,195
16,179,1853
16,180,163
16,181,201
16,182,167
16,183,211
16,184,175
16,185,200
16,186,148
16,187,174
16,188,194
16,189,187
16,190,152
16,191,210
16,192,163
16,193,187
16,194,152
16,195,187
16,196,160
16,197,214
16,198,192
16,199,184
16,200,168
16,201,203
16,202,178
16,203,201
16,204,166
16,205,208
16,206,173
16,207,213
16,208,174
16,209,222
16,210,1514
16,211,256
16,212,177
16,213,333
16,214,205
16,215,354
16,216,178
16,217,247
16,218,192
16,219,276
16,220,203
16,221,690
16,222,204
16,223,281
16,224,216
16,225,305
16,226,220
16,227,310
16,228,223
16,229,312
16,230,246
16,231,310
16,232,250
16,233,342
16,234,266
16,235,3483
16,236,285
16,237,368
16,238,362
16,239,390
16,240,333
16,241,403
16,242,362
16,243,431
16,244,377
16,245,632
16,246,464
16,247,472
16,248,425
16,249,512
16,250,445
16,251,518
16,252,479
16,253,522
16,254,547
16,255,512
16,256,430
17,1,286
17,2,326
17,3,305
17,4,329
17,5,304
17,6,329
17,7,335
17,8,572
17,9,326
17,10,366
17,11,324
17,12,350
17,13,388
17,14,362
17,15,345
17,16,368
17,17,325
17,18,359
17,19,321
17,20,354
17,21,313
17,22,367
17,23,2404
17,24,359
17,25,335
17,26,360
17,27,353
17,28,809
17,29,339
17,30,442
17,31,354
17,32,382
17,33,350
17,34,396
17,35,365
17,36,392
17,37,396
17,38,512
17,39,388
17,40,413
17,41,373
17,42,415
17,43,379
17,44,390
17,45,309
17,46,314
17,47,255
17,48,242
17,49,265
17,50,223
17,51,307
17,52,302
17,53,215
17,54,246
17,55,247
17,56,239
17,57,215
17,58,238
17,59,362
17,60,238
17,61,248
17,62,238
17,63,213
17,64,287
17,65,213
17,66,227
17,67,232
17,68,258
17,69,218
17,70,232
17,71,393
17,72,223
17,73,326
17,74,228
17,75,235
17,76,260
17,77,241
17,78,233
17,79,222
17,80,245
17,81,214
17,82,208
17,83,219
17,84,213
17,85,200
17,86,212
17,87,211
17,88,267
17,89,205
17,90,219
17,91,218
17,92,259
17,93,206
17,94,207
17,95,223
17,96,202
17,97,220
17,98,207
17,99,221
17,100,209
17,101,203
17,102,202
17,103,272
17,104,204
17,105,201
17,106,191
17,107,200
17,108,203
17,109,201
17,110,194
17,111,202
17,112,198
17,113,186
17,114,202
17,115,189
17,116,196
17,117,188
17,118,198
17,119,215
17,120,195
17,121,183
17,122,199
17,123,173
17,124,213
17,125,170
17,126,194
17,127,181
17,128,185
17,129,156
17,130,183
17,131,155
17,132,166
17,133,151
17,134,132
17,135,162
17,136,113
17,137,139
17,138,133
17,139,155
17,140,130
17,141,135
17,142,120
17,143,1519
17,144,421
17,145,156
17,146,122
17,147,141
17,148,216
17,149,144
17,150,139
17,151,144
17,152,138
17,153,146
17,154,132
17,155,183
17,156,145
17,157,183
17,158,159
17,159,164
17,160,191
17,161,181
17,162,148
17,163,154
17,164,147
17,165,154
17,166,155
17,167,158
17,168,149
17,169,162
17,170,171
17,171,186
17,172,155
17,173,169
17,174,190
17,175,158
17,176,154
17,177,172
17,178,193
17,179,1854
17,180,164
17,181,201
17,182,168
17,183,209
17,184,177
17,185,202
17,186,147
17,187,174
17,188,193
17,189,189
17,190,151
17,191,209
17,192,164
17,193,187
17,194,152
17,195,185
17,196,159
17,197,214
17,198,191
17,199,185
17,200,169
17,201,203
17,202,178
17,203,200
17,204,164
17,205,208
17,206,174
17,207,213
17,208,173
17,209,221
17,210,1513
17,211,254
17,212,177
17,213,325
17,214,207
17,215,350
17,216,177
17,217,248
17,218,193
17,219,276
17,220,203
17,221,687
17,222,205
17,223,280
17,224,215
17,225,304
17,226,219
17,227,310
17,228,222
17,229,314
17,230,246
17,231,311
17,232,250
17,233,341
17,234,266
17,235,3501
17,236,287
17,237,367
17,238,361
17,239,391
17,240,334
17,241,404
17,242,363
17,243,432
17,244,376
17,245,638
17,246,464
17,247,473
17,248,425
17,249,508
17,250,444
17,251,518
17,252,480
17,253,524
17,254,542
17,255,512
17,256,429
18,1,286
18,2,326
18,3,305
18,4,329
18,5,304
18,6,329
18,7,335
18,8,572
18,9,326
18,10,366
18,11,324
18,12,350
18,13,388
18,14,362
18,15,345
18,16,368
18,17,325
18,18,359
18,19,321
18,20,354
18,21,313
18,22,367
18,23,2404
18,24,359
18,25,335
18,26,360
18,27,353
18,28,809
18,29,339
18,30,442
18,31,354
18,32,382
18,33,350
18,34,396
18,35,365
18,36,392
18,37,396
18,38,512
18,39,388
18,40,413
18,41,373
18,42,415
18,43,379
18,44,390
18,45,309
18,46,314
18,47,255
18,48,242
18,49,265
18,50,223
18,51,307
18,52,302
18,53,215
18,54,246
18,55,247
18,56,239
18,57,215
18,58,238
18,59,362
18,60,238
18,61,248
18,62,238
18,63,213
18,64,287
18,65,213
18,66,227
18,67,232
18,68,258
18,69,218
18,70,232
18,71,393
18,72,223
18,73,326
18,74,228
18,75,235
18,76,260
18,77,241
18,78,233
18,79,222
18,80,245
18,81,214
18,82,208
18,83,219
18,84,213
18,85,200
18,86,212
18,87,211
18,88,267
18,89,205
18,90,219
18,91,218
18,92,259
18,93,206
18,94,207
18,95,223
18,96,202
18,97,220
18,98,207
18,99,221
18,100,209
18,101,203
18,102,202
18,103,272
18,104,204
18,105,201
18,106,191
18,107,200
18,108,203
18,109,201
18,110,194
18,111,202
18,112,198
18,113,186
18,114,202
18,115,189
18,116,196
18,117,188
18,118,198
18,119,215
18,120,195
18,121,183
18,122,199
18,123,173
18,124,213
18,125,170
18,126,194
18,127,181
18,128,185
18,129,156
18,130,183
18,131,155
18,132,166
18,133,151
18,134,132
18,135,162
18,136,113
18,137,139
18,138,133
18,139,155
18,140,130
18,141,135
18,142,120
18,143,1519
18,144,421
18,145,156
18,146,122
18,147,141
18,148,216
18,149,144
18,150,139
18,151,144
18,152,138
18,153,146
18,154,132
18,155,183
18,156,145
18,157,183
18,158,159
18,159,164
18,160,191
18,161,181
18,162,148
18,163,154
18,164,147
18,165,154
18,166,155
18,167,158
18,168,149
18,169,162
18,170,171
18,171,186
18,172,155
18,173,169
18,174,190
18,175,158
18,176,154
18,177,172
18,178,193
18,179,1854
18,180,164
18,181,201
18,182,168
18,183,209
18,184,177
18,185,202
18,186,147
18,187,174
18,188,193
18,189,189
18,190,151
18,191,209
18,192,164
18,193,187
18,194,152
18,195,185
18,196,159
18,197,214
18,198,191
18,199,185
18,200,169
18,201,203
18,202,178
18,203,200
18,204,164
18,205,208
18,206,174
18,207,213
18,208,173
18,209,221
18,210,1513
18,211,254
18,212,177
18,213,325
18,214,207
18,215,350
18,216,177
18,217,248
18,218,193
18,219,276
18,220,203
18,221,687
18,222,205
18,223,280
18,224,215
18,225,304
18,226,219
18,227,310
18,228,222
18,229,314
18,230,246
18,231,311
18,232,250
18,233,341
18,234,266
18,235,3501
18,236,287
18,237,367
18,238,361
18,239,391
18,240,334
18,241,404
18,242,363
18,243,432
18,244,376
18,245,638
18,246,464
18,247,473
18,248,425
18,249,508
18,250,444
18,251,518
18,252,480
18,253,524
18,254,542
18,255,512
18,256,429
19,1,287
19,2,325
19,3,303
19,4,331
19,5,303
19,6,330
19,7,334
19,8,572
19,9,325
19,10,366
19,11,323
19,12,352
19,13,387
19,14,362
19,15,343
19,16,368
19,17,326
19,18,359
19,19,322
19,20,353
19,21,313
19,22,367
19,23,2403
19,24,360
19,25,334
19,26,360
19,27,354
19,28,810
19,29,339
19,30,442
19,31,353
19,32,383
19,33,350
19,34,397
19,35,365
19,36,392
19,37,396
19,38,515
19,39,385
19,40,413
19,41,374
19,42,416
19,43,379
19,44,390
19,45,310
19,46,316
19,47,256
19,48,242
19,49,259
19,50,223
19,51,305
19,52,301
19,53,215
19,54,246
19,55,248
19,56,240
19,57,216
19,58,239
19,59,364
19,60,239
19,61,249
19,62,237
19,63,213
19,64,287
19,65,214
19,66,227
19,67,232
19,68,261
19,69,220
19,70,233
19,71,393
19,72,223
19,73,327
19,74,229
19,75,235
19,76,259
19,77,241
19,78,234
19,79,221
19,80,245
19,81,216
19,82,209
19,83,219
19,84,214
19,85,200
19,86,214
19,87,210
19,88,267
19,89,205
19,90,219
19,91,217
19,92,261
19,93,205
19,94,207
19,95,222
19,96,203
19,97,219
19,98,209
19,99,221
19,100,210
19,101,205
19,102,202
19,103,274
19,104,205
19,105,201
19,106,191
19,107,201
19,108,204
19,109,199
19,110,194
19,111,201
19,112,198
19,113,186
19,114,202
19,115,190
19,116,197
19,117,189
19,118,198
19,119,214
19,120,195
19,121,182
19,122,199
19,123,174
19,124,214
19,125,170
19,126,194
19,127,184
19,128,186
19,129,157
19,130,183
19,131,156
19,132,166
19,133,151
19,134,132
19,135,161
19,136,113
19,137,139
19,138,134
19,139,155
19,140,129
19,141,137
19,142,122
19,143,1523
19,144,421
19,145,157
19,146,122
19,147,142
19,148,214
19,149,145
19,150,139
19,151,144
19,152,139
19,153,144
19,154,131
19,155,183
19,156,146
19,157,183
19,158,159
19,159,163
19,160,191
19,161,181
19,162,147
19,163,154
19,164,146
19,165,155
19,166,154
19,167,158
19,168,150
19,169,162
19,170,170
19,171,185
19,172,155
19,173,169
19,174,189
19,175,159
19,176,154
19,177,173
19,178,191
19,179,1863
19,180,164
19,181,200
19,182,166
19,183,209
19,184,175
19,185,199
19,186,148
19,187,174
19,188,192
19,189,189
19,190,149
19,191,209
19,192,164
19,193,186
19,194,150
19,195,186
19,196,159
19,197,214
19,198,193
19,199,185
19,200,169
19,201,202
19,202,177
19,203,201
19,204,165
19,205,207
19,206,174
19,207,213
19,208,175
19,209,222
19,210,1512
19,211,256
19,212,177
19,213,321
19,214,205
19,215,343
19,216,177
19,217,248
19,218,194
19,219,275
19,220,203
19,221,687
19,222,205
19,223,280
19,224,214
19,225,303
19,226,218
19,227,310
19,228,222
19,229,314
19,230,245
19,231,309
19,232,250
19,233,342
19,234,266
19,235,3471
19,236,285
19,237,369
19,238,363
19,239,392
19,240,334
19,241,403
19,242,362
19,243,432
19,244,375
19,245,634
19,246,466
19,247,473
19,248,425
19,249,508
19,250,445
19,251,518
19,252,479
19,253,524
19,254,549
19,255,511
19,256,429
20,1,287
20,2,325
20,3,303
20,4,331
20,5,303
20,6,330
20,7,334
20,8,572
20,9,325
20,10,366
20,11,323
20,12,352
20,13,387
20,14,362
20,15,343
20,16,368
20,17,326
20,18,359
20,19,322
20,20,353
20,21,313
20,22,367
20,23,2403
20,24,360
20,25,334
20,26,360
20,27,354
20,28,810
20,29,339
20,30,442
20,31,353
20,32,383
20,33,350
20,34,397
20,35,365
20,36,392
20,37,396
20,38,515
20,39,385
20,40,413
20,41,374
20,42,416
20,43,379
20,44,390
20,45,310
20,46,316
20,47,256
20,48,242
20,49,259
20,50,223
20,51,305
20,52,301
20,53,215
20,54,246
20,55,248
20,56,240
20,57,216
20,58,239
20,59,364
20,60,239
20,61,249
20,62,237
20,63,213
20,64,287
20,65,214
20,66,227
20,67,232
20,68,261
20,69,220
20,70,233
20,71,393
20,72,223
20,73,327
20,74,229
20,75,235
20,76,259
20,77,241
20,78,234
20,79,221
20,80,245
20,81,216
20,82,209
20,83,219
20,84,214
20,85,200
20,86,214
20,87,210
20,88,267
20,89,205
20,90,219
20,91,217
20,92,261
20,93,205
20,94,207
20,95,222
20,96,203
20,97,219
20,98,209
20,99,221
20,100,210
20,101,205
20,102,202
20,103,274
20,104,205
20,105,201
20,106,191
20,107,201
20,108,204
20,109,199
20,110,194
20,111,201
20,112,198
20,113,186
20,114,202
20,115,190
20,116,197
20,117,189
20,118,198
20,119,214
20,120,195
20,121,182
20,122,199
20,123,174
20,124,214
20,125,170
20,126,194
20,127,184
20,128,186
20,129,157
20,130,183
20,131,156
20,132,166
20,133,151
20,134,132
20,135,161
20,136,113
20,137,139
20,138,134
20,139,155
20,140,129
20,141,137
20,142,122
20,143,1523
20,144,421
20,145,157
20,146,122
20,147,142
20,148,214
20,149,145
20,150,139
20,151,144
20,152,139
20,153,144
20,154,131
20,155,183
20,156,146
20,157,183
20,158,159
20,159,163
20,160,191
20,161,181
20,162,147
20,163,154
20,164,146
20,165,155
20,166,154
20,167,158
20,168,150
20,169,162
20,170,170
20,171,185
20,172,155
20,173,169
20,174,189
20,175,159
20,176,154
20,177,173
20,178,191
20,179,1863
20,180,164
20,181,200
20,182,166
20,183,209
20,184,175
20,185,199
20,186,148
20,187,174
20,188,192
20,189,189
20,190,149
20,191,209
20,192,164
20,193,186
20,194,150
20,195,186
20,196,159
20,197,214
20,198,193
20,199,185
20,200,169
20,201,202
20,202,177
20,203,201
20,204,165
20,205,207
20,206,174
20,207,213
20,208,175
20,209,222
20,210,1512
20,211,256
20,212,177
20,213,321
20,214,205
20,215,343
20,216,177
20,217,248
20,218,194
20,219,275
20,220,203
20,221,687
20,222,205
20,223,280
20,224,214
20,225,303
20,226,218
20,227,310
20,228,222
20,229,314
20,230,245
20,231,309
20,232,250
20,233,342
20,234,266
20,235,3471
20,236,285
20,237,369
20,238,363
20,239,392
20,240,334
20,241,403
20,242,362
20,243,432
20,244,375
20,245,634
20,246,466
20,247,473
20,248,425
20,249,508
20,250,445
20,251,518
20,252,479
20,253,524
20,254,549
20,255,511
20,256,429
21,1,286
21,2,326
21,3,304
21,4,330
21,5,304
21,6,330
21,7,333
21,8,565
21,9,325
21,10,365
21,11,322
21,12,352
21,13,389
21,14,364
21,15,344
21,16,370
21,17,325
21,18,359
21,19,323
21,20,354
21,21,313
21,22,367
21,23,2394
21,24,360
21,25,333
21,26,360
21,27,353
21,28,809
21,29,339
21,30,449
21,31,353
21,32,384
21,33,349
21,34,396
21,35,366
21,36,393
21,37,396
21,38,514
21,39,386
21,40,414
21,41,375
21,42,413
21,43,381
21,44,391
21,45,312
21,46,316
21,47,256
21,48,242
21,49,261
21,50,223
21,51,307
21,52,303
21,53,215
21,54,247
21,55,248
21,56,240
21,57,216
21,58,238
21,59,366
21,60,239
21,61,250
21,62,238
21,63,213
21,64,288
21,65,214
21,66,228
21,67,232
21,68,261
21,69,219
21,70,232
21,71,396
21,72,223
21,73,326
21,74,229
21,75,235
21,76,261
21,77,242
21,78,234
21,79,222
21,80,246
21,81,216
21,82,209
21,83,220
21,84,214
21,85,201
21,86,214
21,87,211
21,88,267
21,89,204
21,90,218
21,91,218
21,92,257
21,93,207
21,94,207
21,95,222
21,96,204
21,97,220
21,98,208
21,99,222
21,100,210
21,101,206
21,102,202
21,103,282
21,104,205
21,105,201
21,106,191
21,107,201
21,108,205
21,109,201
21,110,193
21,111,200
21,112,198
21,113,186
21,114,202
21,115,189
21,116,198
21,117,188
21,118,197
21,119,215
21,120,195
21,121,182
21,122,201
21,123,174
21,124,214
21,125,170
21,126,192
21,127,181
21,128,188
21,129,157
21,130,185
21,131,156
21,132,169
21,133,152
21,134,133
21,135,162
21,136,114
21,137,139
21,138,133
21,139,155
21,140,130
21,141,136
21,142,122
21,143,1522
21,144,421
21,145,157
21,146,124
21,147,141
21,148,217
21,149,145
21,150,139
21,151,143
21,152,137
21,153,145
21,154,132
21,155,185
21,156,145
21,157,186
21,158,159
21,159,164
21,160,193
21,161,179
21,162,148
21,163,154
21,164,147
21,165,155
21,166,155
21,167,158
21,168,151
21,169,162
21,170,172
21,171,186
21,172,155
21,173,168
21,174,188
21,175,159
21,176,154
21,177,171
21,178,195
21,179,1851
21,180,164
21,181,199
21,182,167
21,183,212
21,184,177
21,185,201
21,186,149
21,187,174
21,188,193
21,189,187
21,190,150
21,191,210
21,192,164
21,193,186
21,194,151
21,195,186
21,196,159
21,197,214
21,198,194
21,199,185
21,200,169
21,201,203
21,202,177
21,203,201
21,204,165
21,205,209
21,206,174
21,207,213
21,208,174
21,209,220
21,210,1513
21,211,256
21,212,176
21,213,322
21,214,205
21,215,350
21,216,178
21,217,249
21,218,193
21,219,275
21,220,203
21,221,687
21,222,204
21,223,282
21,224,216
21,225,305
21,226,220
21,227,310
21,228,223
21,229,312
21,230,245
21,231,309
21,232,250
21,233,341
21,234,266
21,235,3500
21,236,286
21,237,369
21,238,364
21,239,392
21,240,334
21,241,403
21,242,363
21,243,432
21,244,376
21,245,632
21,246,467
21,247,473
21,248,421
21,249,508
21,250,444
21,251,519
21,252,479
21,253,525
21,254,551
21,255,512
21,256,428
22,1,286
22,2,326
22,3,304
22,4,330
22,5,304
22,6,330
22,7,333
22,8,565
22,9,325
22,10,365
22,11,322
22,12,352
22,13,389
22,14,364
22,15,344
22,16,370
22,17,325
22,18,359
22,19,323
22,20,354
22,21,313
22,22,367
22,23,2394
22,24,360
22,25,333
22,26,360
22,27,353
22,28,809
22,29,339
22,30,449
22,31,353
22,32,384
22,33,349
22,34,396
22,35,366
22,36,393
22,37,396
22,38,514
22,39,386
22,40,414
22,41,375
22,42,413
22,43,381
22,44,391
22,45,312
22,46,316
22,47,256
22,48,242
22,49,261
22,50,223
22,51,307
22,52,303
22,53,215
22,54,247
22,55,248
22,56,240
22,57,216
22,58,238
22,59,366
22,60,239
22,61,250
22,62,238
22,63,213
22,64,288
22,65,214
22,66,228
22,67,232
22,68,261
22,69,219
22,70,232
22,71,396
22,72,223
22,73,326
22,74,229
22,75,235
22,76,261
22,77,242
22,78,234
22,79,222
22,80,246
22,81,216
22,82,209
22,83,220
22,84,214
22,85,201
22,86,214
22,87,211
22,88,267
22,89,204
22,90,218
22,91,218
22,92,257
22,93,207
22,94,207
22,95,222
22,96,204
22,97,220
22,98,208
22,99,222
22,100,210
22,101,206
22,102,202
22,103,282
22,104,205
22,105,201
22,106,191
22,107,201
22,108,205
22,109,201
22,110,193
22,111,200
22,112,198
22,113,186
22,114,202
22,115,189
22,116,198
22,117,188
22,118,197
22,119,215
22,120,195
22,121,182
22,122,201
22,123,174
22,124,214
22,125,170
22,126,192
22,127,181
22,128,188
22,129,157
22,130,185
22,131,156
22,132,169
22,133,152
22,134,133
22,135,162
22,136,114
22,137,139
22,138,133
22,139,155
22,140,130
22,141,136
22,142,122
22,143,1522
22,144,421
22,145,157
22,146,124
22,147,141
22,148,217
22,149,145
22,150,139
22,151,143
22,152,137
22,153,145
22,154,132
22,155,185
22,156,145
22,157,186
22,158,159
22,159,164
22,160,193
22,161,179
22,162,148
22,163,154
22,164,147
22,165,155
22,166,155
22,167,158
22,168,151
22,169,162
22,170,172
22,171,186
22,172,155
22,173,168
22,174,188
22,175,159
22,176,154
22,177,171
22,178,195
22,179,1851
22,180,164
22,181,199
22,182,167
22,183,212
22,184,177
22,185,201
22,186,149
22,187,174
22,188,193
22,189,187
22,190,150
22,191,210
22,192,164
22,193,186
22,194,151
22,195,186
22,196,159
22,197,214
22,198,194
22,199,185
22,200,169
22,201,203
22,202,177
22,203,201
22,204,165
22,205,209
22,206,174
22,207,213
22,208,174
22,209,220
22,210,1513
22,211,256
22,212,176
22,213,322
22,214,205
22,215,350
22,216,178
22,217,249
22,218,193
22,219,275
22,220,203
22,221,687
22,222,204
22,223,282
22,224,216
22,225,305
22,226,220
22,227,310
22,228,223
22,229,312
22,230,245
22,231,309
22,232,250
22,233,341
22,234,266
22,235,3500
22,236,286
22,237,369
22,238,364
22,239,392
22,240,334
22,241,403
22,242,363
22,243,432
22,244,376
22,245,632
22,246,467
22,247,473
22,248,421
22,249,508
22,250,444
22,251,519
22,252,479
22,253,525
22,254,551
22,255,512
22,256,428
23,1,287
23,2,325
23,3,304
23,4,330
23,5,305
23,6,329
23,7,335
23,8,564
23,9,327
23,10,365
23,11,322
23,12,351
23,13,387
23,14,362
23,15,342
23,16,368
23,17,326
23,18,359
23,19,322
23,20,352
23,21,313
23,22,365
23,23,2445
23,24,360
23,25,333
23,26,359
23,27,351
23,28,808
23,29,338
23,30,451
23,31,354
23,32,382
23,33,350
23,34,398
23,35,365
23,36,393
23,37,397
23,38,516
23,39,387
23,40,413
23,41,376
23,42,416
23,43,382
23,44,392
23,45,311
23,46,317
23,47,258
23,48,242
23,49,262
23,50,222
23,51,306
23,52,308
23,53,215
23,54,245
23,55,247
23,56,241
23,57,216
23,58,239
23,59,365
23,60,237
23,61,248
23,62,238
23,63,212
23,64,288
23,65,214
23,66,227
23,67,234
23,68,263
23,69,220
23,70,232
23,71,395
23,72,224
23,73,326
23,74,228
23,75,235
23,76,261
23,77,241
23,78,233
23,79,222
23,80,245
23,81,215
23,82,209
23,83,219
23,84,213
23,85,199
23,86,214
23,87,210
23,88,268
23,89,205
23,90,220
23,91,218
23,92,258
23,93,207
23,94,207
23,95,221
23,96,203
23,97,220
23,98,207
23,99,222
23,100,210
23,101,205
23,102,201
23,103,269
23,104,205
23,105,202
23,106,191
23,107,201
23,108,205
23,109,201
23,110,194
23,111,201
23,112,199
23,113,187
23,114,202
23,115,191
23,116,198
23,117,188
23,118,197
23,119,214
23,120,194
23,121,183
23,122,200
23,123,173
23,124,213
23,125,170
23,126,191
23,127,180
23,128,186
23,129,156
23,130,184
23,131,156
23,132,166
23,133,152
23,134,133
23,135,163
23,136,113
23,137,139
23,138,134
23,139,155
23,140,129
23,141,135
23,142,121
23,143,1519
23,144,420
23,145,157
23,146,123
23,147,141
23,148,216
23,149,144
23,150,138
23,151,144
23,152,138
23,153,144
23,154,131
23,155,185
23,156,145
23,157,184
23,158,158
23,159,164
23,160,192
23,161,179
23,162,147
23,163,154
23,164,147
23,165,154
23,166,154
23,167,157
23,168,149
23,169,160
23,170,171
23,171,185
23,172,155
23,173,169
23,174,188
23,175,158
23,176,154
23,177,172
23,178,193
23,179,1851
23,180,163
23,181,200
23,182,166
23,183,209
23,184,175
23,185,200
23,186,148
23,187,174
23,188,192
23,189,188
23,190,150
23,191,210
23,192,165
23,193,188
23,194,152
23,195,188
23,196,159
23,197,214
23,198,191
23,199,184
23,200,168
23,201,203
23,202,177
23,203,200
23,204,165
23,205,209
23,206,174
23,207,214
23,208,173
23,209,222
23,210,1514
23,211,255
23,212,177
23,213,335
23,214,205
23,215,349
23,216,177
23,217,247
23,218,193
23,219,275
23,220,203
23,221,687
23,222,205
23,223,280
23,224,216
23,225,305
23,226,219
23,227,309
23,228,223
23,229,313
23,230,245
23,231,309
23,232,249
23,233,340
23,234,264
23,235,3495
23,236,287
23,237,370
23,238,362
23,239,391
23,240,335
23,241,403
23,242,363
23,243,430
23,244,376
23,245,640
23,246,467
23,247,472
23,248,424
23,249,509
23,250,445
23,251,518
23,252,479
23,253,524
23,254,544
23,255,511
23,256,430
24,1,287
24,2,325
24,3,304
24,4,330
24,5,305
24,6,329
24,7,335
24,8,564
24,9,327
24,10,365
24,11,322
24,12,351
24,13,387
24,14,362
24,15,342
24,16,368
24,17,326
24,18,359
24,19,322
24,20,352
24,21,313
24,22,365
24,23,2445
24,24,360
24,25,333
24,26,359
24,27,351
24,28,808
24,29,338
24,30,451
24,31,354
24,32,382
24,33,350
24,34,398
24,35,365
24,36,393
24,37,397
24,38,516
24,39,387
24,40,413
24,41,376
24,42,416
24,43,382
24,44,392
24,45,311
24,46,317
24,47,258
24,48,242
24,49,262
24,50,222
24,51,306
24,52,308
24,53,215
24,54,245
24,55,247
24,56,241
24,57,216
24,58,239
24,59,365
24,60,237
24,61,248
24,62,238
24,63,212
24,64,288
24,65,214
24,66,227
24,67,234
24,68,263
24,69,220
24,70,232
24,71,395
24,72,224
24,73,326
24,74,228
24,75,235
24,76,261
24,77,241
24,78,233
24,79,222
24,80,245
24,81,215
24,82,209
24,83,219
24,84,213
24,85,199
24,86,214
24,87,210
24,88,268
24,89,205
24,90,220
24,91,218
24,92,258
24,93,207
24,94,207
24,95,221
24,96,203
24,97,220
24,98,207
24,99,222
24,100,210
24,101,205
24,102,201
24,103,269
24,104,205
24,105,202
24,106,191
24,107,201
24,108,205
24,109,201
24,110,194
24,111,201
24,112,199
24,113,187
24,114,202
24,115,191
24,116,198
24,117,188
24,118,197
24,119,214
24,120,194
24,121,183
24,122,200
24,123,173
24,124,213
24,125,170
24,126,191
24,127,180
24,128,186
24,129,156
24,130,184
24,131,156
24,132,166
24,133,152
24,134,133
24,135,163
24,136,113
24,137,139
24,138,134
24,139,155
24,140,129
24,141,135
24,142,121
24,143,1519
24,144,420
24,145,157
24,146,123
24,147,141
24,148,216
24,149,144
24,150,138
24,151,144
24,152,138
24,153,144
24,154,131
24,155,185
24,156,145
24,157,184
24,158,158
24,159,164
24,160,192
24,161,179
24,162,147
24,163,154
24,164,147
24,165,154
24,166,154
24,167,157
24,168,149
24,169,160
24,170,171
24,171,185
24,172,155
24,173,169
24,174,188
24,175,158
24,176,154
24,177,172
24,178,193
24,179,1851
24,180,163
24,181,200
24,182,166
24,183,209
24,184,175
24,185,200
24,186,148
24,187,174
24,188,192
24,189,188
24,190,150
24,191,210
24,192,165
24,193,188
24,194,152
24,195,188
24,196,159
24,197,214
24,198,191
24,199,184
24,200,168
24,201,203
24,202,177
24,203,200
24,204,165
24,205,209
24,206,174
24,207,214
24,208,173
24,209,222
24,210,1514
24,211,255
24,212,177
24,213,335
24,214,205
24,215,349
24,216,177
24,217,247
24,218,193
24,219,275
24,220,203
24,221,687
24,222,205
24,223,280
24,224,216
24,225,305
24,226,219
24,227,309
24,228,223
24,229,313
24,230,245
24,231,309
24,232,249
24,233,340
24,234,264
24,235,3495
24,236,287
24,237,370
24,238,362
24,239,391
24,240,335
24,241,403
24,242,363
24,243,430
24,244,376
24,245,640
24,246,467
24,247,472
24,248,424
24,249,509
24,250,445
24,251,518
24,252,479
24,253,524
24,254,544
24,255,511
24,256,430
25,1,289
25,2,325
25,3,304
25,4,330
25,5,304
25,6,330
25,7,337
25,8,564
25,9,325
25,10,365
25,11,323
25,12,351
25,13,387
25,14,363
25,15,343
25,16,367
25,17,326
25,18,360
25,19,322
25,20,354
25,21,312
25,22,367
25,23,2396
25,24,361
25,25,337
25,26,362
25,27,352
25,28,806
25,29,338
25,30,448
25,31,355
25,32,383
25,33,350
25,34,398
25,35,366
25,36,393
25,37,397
25,38,516
25,39,388
25,40,415
25,41,376
25,42,416
25,43,383
25,44,392
25,45,311
25,46,317
25,47,258
25,48,242
25,49,262
25,50,223
25,51,306
25,52,301
25,53,216
25,54,246
25,55,249
25,56,242
25,57,216
25,58,238
25,59,366
25,60,238
25,61,251
25,62,239
25,63,215
25,64,287
25,65,216
25,66,228
25,67,235
25,68,261
25,69,222
25,70,232
25,71,395
25,72,223
25,73,324
25,74,229
25,75,235
25,76,260
25,77,241
25,78,234
25,79,223
25,80,246
25,81,216
25,82,210
25,83,219
25,84,214
25,85,200
25,86,212
25,87,211
25,88,267
25,89,207
25,90,219
25,91,219
25,92,256
25,93,207
25,94,207
25,95,224
25,96,203
25,97,221
25,98,207
25,99,222
25,100,210
25,101,205
25,102,201
25,103,268
25,104,204
25,105,201
25,106,191
25,107,200
25,108,203
25,109,201
25,110,194
25,111,202
25,112,198
25,113,186
25,114,202
25,115,191
25,116,197
25,117,189
25,118,198
25,119,217
25,120,195
25,121,183
25,122,199
25,123,174
25,124,212
25,125,170
25,126,192
25,127,182
25,128,186
25,129,157
25,130,183
25,131,156
25,132,166
25,133,151
25,134,132
25,135,163
25,136,114
25,137,140
25,138,133
25,139,156
25,140,130
25,141,137
25,142,121
25,143,1520
25,144,421
25,145,158
25,146,122
25,147,142
25,148,214
25,149,145
25,150,139
25,151,145
25,152,138
25,153,145
25,154,132
25,155,185
25,156,145
25,157,184
25,158,158
25,159,164
25,160,190
25,161,181
25,162,147
25,163,154
25,164,146
25,165,153
25,166,153
25,167,158
25,168,150
25,169,163
25,170,171
25,171,186
25,172,155
25,173,169
25,174,189
25,175,159
25,176,153
25,177,171
25,178,195
25,179,1855
25,180,163
25,181,197
25,182,167
25,183,209
25,184,176
25,185,200
25,186,148
25,187,174
25,188,192
25,189,188
25,190,150
25,191,210
25,192,163
25,193,187
25,194,151
25,195,187
25,196,159
25,197,216
25,198,197
25,199,185
25,200,169
25,201,202
25,202,176
25,203,200
25,204,165
25,205,209
25,206,174
25,207,215
25,208,174
25,209,222
25,210,1514
25,211,256
25,212,177
25,213,335
25,214,205
25,215,349
25,216,176
25,217,247
25,218,193
25,219,277
25,220,204
25,221,688
25,222,206
25,223,280
25,224,216
25,225,303
25,226,219
25,227,310
25,228,222
25,229,314
25,230,243
25,231,311
25,232,250
25,233,343
25,234,265
25,235,3499
25,236,286
25,237,369
25,238,360
25,239,393
25,240,335
25,241,403
25,242,363
25,243,433
25,244,377
25,245,639
25,246,500
25,247,474
25,248,423
25,249,507
25,250,444
25,251,517
25,252,481
25,253,524
25,254,544
25,255,513
25,256,430
26,1,289
26,2,325
26,3,304
26,4,330
26,5,304
26,6,330
26,7,337
26,8,564
26,9,325
26,10,365
26,11,323
26,12,351
26,13,387
26,14,363
26,15,343
26,16,367
26,17,326
26,18,360
26,19,322
26,20,354
26,21,312
26,22,367
26,23,2396
26,24,361
26,25,337
26,26,362
26,27,352
26,28,806
26,29,338
26,30,448
26,31,355
26,32,383
26,33,350
26,34,398
26,35,366
26,36,393
26,37,397
26,38,516
26,39,388
26,40,415
26,41,376
26,42,416
26,43,383
26,44,392
26,45,311
26,46,317
26,47,258
26,48,242
26,49,262
26,50,223
26,51,306
26,52,301
26,53,216
26,54,246
26,55,249
26,56,242
26,57,216
26,58,238
26,59,366
26,60,238
26,61,251
26,62,239
26,63,215
26,64,287
26,65,216
26,66,228
26,67,235
26,68,261
26,69,222
26,70,232
26,71,395
26,72,223
26,73,324
26,74,229
26,75,235
26,76,260
26,77,241
26,78,234
26,79,223
26,80,246
26,81,216
26,82,210
26,83,219
26,84,214
26,85,200
26,86,212
26,87,211
26,88,267
26,89,207
26,90,219
26,91,219
26,92,256
26,93,207
26,94,207
26,95,224
26,96,203
26,97,221
26,98,207
26,99,222
26,100,210
26,101,205
26,102,201
26,103,268
26,104,204
26,105,201
26,106,191
26,107,200
26,108,203
26,109,201
26,110,194
26,111,202
26,112,198
26,113,186
26,114,202
26,115,191
26,116,197
26,117,189
26,118,198
26,119,217
26,120,195
26,121,183
26,122,199
26,123,174
26,124,212
26,125,170
26,126,192
26,127,182
26,128,186
26,129,157
26,130,183
26,131,156
26,132,166
26,133,151
26,134,132
26,135,163
26,136,114
26,137,140
26,138,133
26,139,156
26,140,130
26,141,137
26,142,121
26,143,1520
26,144,421
26,145,158
26,146,122
26,147,142
26,148,214
26,149,145
26,150,139
26,151,145
26,152,138
26,153,145
26,154,132
26,155,185
26,156,145
26,157,184
26,158,158
26,159,164
26,160,190
26,161,181
26,162,147
26,163,154
26,164,146
26,165,153
26,166,153
26,167,158
26,168,150
26,169,163
26,170,171
26,171,186
26,172,155
26,173,169
26,174,189
26,175,159
26,176,153
26,177,171
26,178,195
26,179,1855
26,180,163
26,181,197
26,182,167
26,183,209
26,184,176
26,185,200
26,186,148
26,187,174
26,188,192
26,189,188
26,190,150
26,191,210
26,192,163
26,193,187
26,194,151
26,195,187
26,196,159
26,197,216
26,198,197
26,199,185
26,200,169
26,201,202
26,202,176
26,203,200
26,204,165
26,205,209
26,206,174
26,207,215
26,208,174
26,209,222
26,210,1514
26,211,256
26,212,177
26,213,335
26,214,205
26,215,349
26,216,176
26,217,247
26,218,193
26,219,277
26,220,204
26,221,688
26,222,206
26,223,280
26,224,216
26,225,303
26,226,219
26,227,310
26,228,222
26,229,314
26,230,243
26,231,311
26,232,250
26,233,343
26,234,265
26,235,3499
26,236,286
26,237,369
26,238,360
26,239,393
26,240,335
26,241,403
26,242,363
26,243,433
26,244,377
26,245,639
26,246,500
26,247,474
26,248,423
26,249,507
26,250,444
26,251,517
26,252,481
26,253,524
26,254,544
26,255,513
26,256,430
27,1,285
27,2,325
27,3,305
27,4,330
27,5,303
27,6,330
27,7,332
27,8,562
27,9,325
27,10,366
27,11,323
27,12,351
27,13,387
27,14,362
27,15,344
27,16,368
27,17,325
27,18,357
27,19,320
27,20,354
27,21,311
27,22,365
27,23,2393
27,24,361
27,25,334
27,26,360
27,27,354
27,28,808
27,29,339
27,30,449
27,31,354
27,32,382
27,33,351
27,34,397
27,35,367
27,36,394
27,37,398
27,38,518
27,39,389
27,40,415
27,41,377
27,42,417
27,43,383
27,44,393
27,45,317
27,46,317
27,47,257
27,48,242
27,49,261
27,50,224
27,51,306
27,52,302
27,53,216
27,54,247
27,55,249
27,56,242
27,57,217
27,58,240
27,59,365
27,60,239
27,61,248
27,62,238
27,63,214
27,64,286
27,65,215
27,66,227
27,67,232
27,68,262
27,69,224
27,70,232
27,71,394
27,72,224
27,73,324
27,74,228
27,75,234
27,76,260
27,77,241
27,78,233
27,79,223
27,80,247
27,81,216
27,82,209
27,83,219
27,84,213
27,85,200
27,86,214
27,87,210
27,88,266
27,89,205
27,90,220
27,91,218
27,92,255
27,93,206
27,94,206
27,95,221
27,96,205
27,97,220
27,98,208
27,99,223
27,100,211
27,101,204
27,102,201
27,103,267
27,104,206
27,105,202
27,106,192
27,107,201
27,108,204
27,109,200
27,110,200
27,111,220
27,112,198
27,113,185
27,114,202
27,115,190
27,116,198
27,117,188
27,118,198
27,119,216
27,120,196
27,121,182
27,122,200
27,123,173
27,124,213
27,125,171
27,126,192
27,127,180
27,128,186
27,129,156
27,130,183
27,131,155
27,132,164
27,133,150
27,134,133
27,135,163
27,136,113
27,137,139
27,138,133
27,139,155
27,140,131
27,141,137
27,142,121
27,143,1521
27,144,420
27,145,157
27,146,122
27,147,142
27,148,215
27,149,145
27,150,139
27,151,143
27,152,138
27,153,144
27,154,131
27,155,185
27,156,145
27,157,185
27,158,159
27,159,164
27,160,192
27,161,179
27,162,147
27,163,153
27,164,147
27,165,155
27,166,155
27,167,158
27,168,150
27,169,162
27,170,170
27,171,185
27,172,155
27,173,169
27,174,189
27,175,158
27,176,154
27,177,172
27,178,194
27,179,1851
27,180,163
27,181,195
27,182,164
27,183,209
27,184,175
27,185,200
27,186,148
27,187,173
27,188,192
27,189,188
27,190,150
27,191,210
27,192,166
27,193,186
27,194,150
27,195,187
27,196,159
27,197,214
27,198,192
27,199,184
27,200,169
27,201,201
27,202,177
27,203,201
27,204,165
27,205,208
27,206,174
27,207,214
27,208,174
27,209,223
27,210,1513
27,211,255
27,212,177
27,213,332
27,214,204
27,215,343
27,216,178
27,217,247
27,218,193
27,219,274
27,220,203
27,221,686
27,222,205
27,223,281
27,224,215
27,225,305
27,226,219
27,227,309
27,228,223
27,229,313
27,230,245
27,231,309
27,232,249
27,233,341
27,234,265
27,235,3480
27,236,286
27,237,369
27,238,361
27,239,393
27,240,334
27,241,403
27,242,363
27,243,431
27,244,374
27,245,636
27,246,472
27,247,472
27,248,422
27,249,507
27,250,445
27,251,519
27,252,481
27,253,524
27,254,542
27,255,511
27,256,430
28,1,285
28,2,325
28,3,305
28,4,330
28,5,303
28,6,330
28,7,332
28,8,562
28,9,325
28,10,366
28,11,323
28,12,351
28,13,387
28,14,362
28,15,344
28,16,368
28,17,325
28,18,357
28,19,320
28,20,354
28,21,311
28,22,365
28,23,2393
28,24,361
28,25,334
28,26,360
28,27,354
28,28,808
28,29,339
28,30,449
28,31,354
28,32,382
28,33,351
28,34,397
28,35,367
28,36,394
28,37,398
28,38,518
28,39,389
28,40,415
28,41,377
28,42,417
28,43,383
28,44,393
28,45,317
28,46,317
28,47,257
28,48,242
28,49,261
28,50,224
28,51,306
28,52,302
28,53,216
28,54,247
28,55,249
28,56,242
28,57,217
28,58,240
28,59,365
28,60,239
28,61,248
28,62,238
28,63,214
28,64,286
28,65,215
28,66,227
28,67,232
28,68,262
28,69,224
28,70,232
28,71,394
28,72,224
28,73,324
28,74,228
28,75,234
28,76,260
28,77,241
28,78,233
28,79,223
28,80,247
28,81,216
28,82,209
28,83,219
28,84,213
28,85,200
28,86,214
28,87,210
28,88,266
28,89,205
28,90,220
28,91,218
28,92,255
28,93,206
28,94,206
28,95,221
28,96,205
28,97,220
28,98,208
28,99,223
28,100,211
28,101,204
28,102,201
28,103,267
28,104,206
28,105,202
28,106,192
28,107,201
28,108,204
28,109,200
28,110,200
28,111,220
28,112,198
28,113,185
28,114,202
28,115,190
28,116,198
28,117,188
28,118,198
28,119,216
28,120,196
28,121,182
28,122,200
28,123,173
28,124,213
28,125,171
28,126,192
28,127,180
28,128,186
28,129,156
28,130,183
28,131,155
28,132,164
28,133,150
28,134,133
28,135,163
28,136,113
28,137,139
28,138,133
28,139,155
28,140,131
28,141,137
28,142,121
28,143,1521
28,144,420
28,145,157
28,146,122
28,147,142
28,148,215
28,149,145
28,150,139
28,151,143
28,152,138
28,153,144
28,154,131
28,155,185
28,156,145
28,157,185
28,158,159
28,159,164
28,160,192
28,161,179
28,162,147
28,163,153
28,164,147
28,165,155
28,166,155
28,167,158
28,168,150
28,169,162
28,170,170
28,171,185
28,172,155
28,173,169
28,174,189
28,175,158
28,176,154
28,177,172
28,178,194
28,179,1851
28,180,163
28,181,195
28,182,164
28,183,209
28,184,175
28,185,200
28,186,148
28,187,173
28,188,192
28,189,188
28,190,150
28,191,210
28,192,166
28,193,186
28,194,150
28,195,187
28,196,159
28,197,214
28,198,192
28,199,184
28,200,169
28,201,201
28,202,177
28,203,201
28,204,165
28,205,208
28,206,174
28,207,214
28,208,174
28,209,223
28,210,1513
28,211,255
28,212,177
28,213,332
28,214,204
28,215,343
28,216,178
28,217,247
28,218,193
28,219,274
28,220,203
28,221,686
28,222,205
28,223,281
28,224,215
28,225,305
28,226,219
28,227,309
28,228,223
28,229,313
28,230,245
28,231,309
28,232,249
28,233,341
28,234,265
28,235,3480
28,236,286
28,237,369
28,238,361
28,239,393
28,240,334
28,241,403
28,242,363
28,243,431
28,244,374
28,245,636
28,246,472
28,247,472
28,248,422
28,249,507
28,250,445
28,251,519
28,252,481
28,253,524
28,254,542
28,255,511
28,256,430
29,1,288
29,2,327
29,3,305
29,4,329
29,5,304
29,6,330
29,7,335
29,8,561
29,9,326
29,10,366
29,11,323
29,12,354
29,13,388
29,14,364
29,15,344
29,16,367
29,17,325
29,18,359
29,19,322
29,20,354
29,21,314
29,22,366
29,23,2404
29,24,361
29,25,336
29,26,361
29,27,355
29,28,809
29,29,342
29,30,442
29,31,355
29,32,383
29,33,352
29,34,399
29,35,367
29,36,395
29,37,399
29,38,519
29,39,389
29,40,417
29,41,376
29,42,418
29,43,384
29,44,395
29,45,314
29,46,319
29,47,259
29,48,244
29,49,259
29,50,223
29,51,307
29,52,304
29,53,217
29,54,247
29,55,250
29,56,243
29,57,217
29,58,240
29,59,366
29,60,241
29,61,250
29,62,239
29,63,216
29,64,290
29,65,215
29,66,229
29,67,234
29,68,262
29,69,221
29,70,233
29,71,398
29,72,224
29,73,326
29,74,230
29,75,234
29,76,260
29,77,242
29,78,234
29,79,223
29,80,246
29,81,216
29,82,210
29,83,219
29,84,214
29,85,201
29,86,215
29,87,211
29,88,269
29,89,206
29,90,220
29,91,219
29,92,254
29,93,207
29,94,207
29,95,221
29,96,203
29,97,221
29,98,207
29,99,222
29,100,211
29,101,206
29,102,202
29,103,278
29,104,206
29,105,202
29,106,192
29,107,200
29,108,204
29,109,201
29,110,193
29,111,201
29,112,199
29,113,187
29,114,201
29,115,191
29,116,198
29,117,190
29,118,200
29,119,216
29,120,196
29,121,183
29,122,200
29,123,174
29,124,214
29,125,172
29,126,193
29,127,181
29,128,185
29,129,157
29,130,185
29,131,156
29,132,165
29,133,151
29,134,133
29,135,162
29,136,114
29,137,140
29,138,134
29,139,155
29,140,130
29,141,137
29,142,121
29,143,1523
29,144,422
29,145,158
29,146,122
29,147,141
29,148,216
29,149,144
29,150,139
29,151,142
29,152,138
29,153,146
29,154,131
29,155,185
29,156,145
29,157,184
29,158,159
29,159,164
29,160,191
29,161,180
29,162,147
29,163,154
29,164,147
29,165,154
29,166,154
29,167,160
29,168,150
29,169,163
29,170,172
29,171,186
29,172,155
29,173,170
29,174,188
29,175,160
29,176,154
29,177,172
29,178,195
29,179,1866
29,180,164
29,181,195
29,182,166
29,183,210
29,184,177
29,185,200
29,186,148
29,187,176
29,188,192
29,189,189
29,190,151
29,191,211
29,192,164
29,193,187
29,194,151
29,195,187
29,196,159
29,197,214
29,198,193
29,199,185
29,200,169
29,201,203
29,202,177
29,203,200
29,204,166
29,205,209
29,206,173
29,207,214
29,208,174
29,209,222
29,210,1514
29,211,255
29,212,177
29,213,332
29,214,204
29,215,345
29,216,182
29,217,248
29,218,192
29,219,277
29,220,204
29,221,690
29,222,205
29,223,281
29,224,215
29,225,304
29,226,219
29,227,311
29,228,223
29,229,315
29,230,244
29,231,310
29,232,250
29,233,342
29,234,266
29,235,3478
29,236,287
29,237,370
29,238,362
29,239,393
29,240,333
29,241,404
29,242,363
29,243,433
29,244,377
29,245,635
29,246,469
29,247,471
29,248,424
29,249,507
29,250,443
29,251,518
29,252,480
29,253,525
29,254,548
29,255,512
29,256,431
30,1,288
30,2,327
30,3,305
30,4,329
30,5,304
30,6,330
30,7,335
30,8,561
30,9,326
30,10,366
30,11,323
30,12,354
30,13,388
30,14,364
30,15,344
30,16,367
30,17,325
30,18,359
30,19,322
30,20,354
30,21,314
30,22,366
30,23,2404
30,24,361
30,25,336
30,26,361
30,27,355
30,28,809
30,29,342
30,30,442
30,31,355
30,32,383
30,33,352
30,34,399
30,35,367
30,36,395
30,37,399
30,38,519
30,39,389
30,40,417
30,41,376
30,42,418
30,43,384
30,44,395
30,45,314
30,46,319
30,47,259
30,48,244
30,49,259
30,50,223
30,51,307
30,52,304
30,53,217
30,54,247
30,55,250
30,56,243
30,57,217
30,58,240
30,59,366
30,60,241
30,61,250
30,62,239
30,63,216
30,64,290
30,65,215
30,66,229
30,67,234
30,68,262
30,69,221
30,70,233
30,71,398
30,72,224
30,73,326
30,74,230
30,75,234
30,76,260
30,77,242
30,78,234
30,79,223
30,80,246
30,81,216
30,82,210
30,83,219
30,84,214
30,85,201
30,86,215
30,87,211
30,88,269
30,89,206
30,90,220
30,91,219
30,92,254
30,93,207
30,94,207
30,95,221
30,96,203
30,97,221
30,98,207
30,99,222
30,100,211
30,101,206
30,102,202
30,103,278
30,104,206
30,105,202
30,106,192
30,107,200
30,108,204
30,109,201
30,110,193
30,111,201
30,112,199
30,113,187
30,114,201
30,115,191
30,116,198
30,117,190
30,118,200
30,119,216
30,120,196
30,121,183
30,122,200
30,123,174
30,124,214
30,125,172
30,126,193
30,127,181
30,128,185
30,129,157
30,130,185
30,131,156
30,132,165
30,133,151
30,134,133
30,135,162
30,136,114
30,137,140
30,138,134
30,139,155
30,140,130
30,141,137
30,142,121
30,143,1523
30,144,422
30,145,158
30,146,122
30,147,141
30,148,216
30,149,144
30,150,139
30,151,142
30,152,138
30,153,146
30,154,131
30,155,185
30,156,145
30,157,184
30,158,159
30,159,164
30,160,191
30,161,180
30,162,147
30,163,154
30,164,147
30,165,154
30,166,154
30,167,160
30,168,150
30,169,163
30,170,172
30,171,186
30,172,155
30,173,170
30,174,188
30,175,160
30,176,154
30,177,172
30,178,195
30,179,1866
30,180,164
30,181,195
30,182,166
30,183,210
30,184,177
30,185,200
30,186,148
30,187,176
30,188,192
30,189,189
30,190,151
30,191,211
30,192,164
30,193,187
30,194,151
30,195,187
30,196,159
30,197,214
30,198,193
30,199,185
30,200,169
30,201,203
30,202,177
30,203,200
30,204,166
30,205,209
30,206,173
30,207,214
30,208,174
30,209,222
30,210,1514
30,211,255
30,212,177
30,213,332
30,214,204
30,215,345
30,216,182
30,217,248
30,218,192
30,219,277
30,220,204
30,221,690
30,222,205
30,223,281
30,224,215
30,225,304
30,226,219
30,227,311
30,228,223
30,229,315
30,230,244
30,231,310
30,232,250
30,233,342
30,234,266
30,235,3478
30,236,287
30,237,370
30,238,362
30,239,393
30,240,333
30,241,404
30,242,363
30,243,433
30,244,377
30,245,635
30,246,469
30,247,471
30,248,424
30,249,507
30,250,443
30,251,518
30,252,480
30,253,525
30,254,548
30,255,512
30,256,431
31,1,286
31,2,327
31,3,304
31,4,331
31,5,304
31,6,330
31,7,334
31,8,575
31,9,324
31,10,365
31,11,322
31,12,350
31,13,388
31,14,364
31,15,343
31,16,367
31,17,325
31,18,358
31,19,322
31,20,353
31,21,313
31,22,367
31,23,2393
31,24,359
31,25,334
31,26,360
31,27,358
31,28,808
31,29,339
31,30,440
31,31,355
31,32,383
31,33,352
31,34,398
31,35,367
31,36,395
31,37,399
31,38,518
31,39,389
31,40,415
31,41,377
31,42,420
31,43,384
31,44,393
31,45,314
31,46,319
31,47,259
31,48,243
31,49,262
31,50,223
31,51,306
31,52,304
31,53,217
31,54,247
31,55,250
31,56,242
31,57,218
31,58,239
31,59,365
31,60,241
31,61,251
31,62,239
31,63,215
31,64,288
31,65,215
31,66,228
31,67,234
31,68,260
31,69,221
31,70,232
31,71,394
31,72,226
31,73,328
31,74,227
31,75,236
31,76,248
31,77,241
31,78,233
31,79,223
31,80,246
31,81,216
31,82,210
31,83,219
31,84,214
31,85,201
31,86,213
31,87,212
31,88,267
31,89,206
31,90,219
31,91,218
31,92,256
31,93,207
31,94,207
31,95,222
31,96,203
31,97,221
31,98,207
31,99,223
31,100,211
31,101,206
31,102,201
31,103,274
31,104,206
31,105,202
31,106,191
31,107,201
31,108,204
31,109,201
31,110,193
31,111,202
31,112,198
31,113,187
31,114,201
31,115,191
31,116,197
31,117,189
31,118,197
31,119,216
31,120,194
31,121,183
31,122,201
31,123,174
31,124,214
31,125,171
31,126,192
31,127,181
31,128,186
31,129,157
31,130,183
31,131,157
31,132,167
31,133,151
31,134,132
31,135,162
31,136,112
31,137,139
31,138,133
31,139,155
31,140,130
31,141,136
31,142,122
31,143,1521
31,144,420
31,145,156
31,146,122
31,147,142
31,148,218
31,149,144
31,150,139
31,151,143
31,152,182
31,153,147
31,154,131
31,155,185
31,156,145
31,157,184
31,158,158
31,159,163
31,160,191
31,161,180
31,162,147
31,163,154
31,164,148
31,165,155
31,166,154
31,167,158
31,168,150
31,169,162
31,170,170
31,171,185
31,172,155
31,173,168
31,174,187
31,175,159
31,176,154
31,177,171
31,178,192
31,179,1849
31,180,164
31,181,194
31,182,166
31,183,209
31,184,175
31,185,200
31,186,147
31,187,173
31,188,192
31,189,188
31,190,149
31,191,209
31,192,164
31,193,186
31,194,151
31,195,187
31,196,159
31,197,214
31,198,191
31,199,185
31,200,168
31,201,203
31,202,178
31,203,200
31,204,165
31,205,207
31,206,174
31,207,213
31,208,173
31,209,221
31,210,1511
31,211,255
31,212,176
31,213,332
31,214,204
31,215,347
31,216,176
31,217,248
31,218,192
31,219,277
31,220,204
31,221,687
31,222,203
31,223,280
31,224,216
31,225,303
31,226,219
31,227,310
31,228,222
31,229,314
31,230,244
31,231,310
31,232,248
31,233,341
31,234,265
31,235,3472
31,236,286
31,237,369
31,238,360
31,239,390
31,240,333
31,241,404
31,242,362
31,243,432
31,244,377
31,245,635
31,246,469
31,247,471
31,248,423
31,249,508
31,250,444
31,251,518
31,252,479
31,253,524
31,254,549
31,255,511
31,256,431
32,1,286
32,2,327
32,3,304
32,4,331
32,5,304
32,6,330
32,7,334
32,8,575
32,9,324
32,10,365
32,11,322
32,12,350
32,13,388
32,14,364
32,15,343
32,16,367
32,17,325
32,18,358
32,19,322
32,20,353
32,21,313
32,22,367
32,23,2393
32,24,359
32,25,334
32,26,360
32,27,358
32,28,808
32,29,339
32,30,440
32,31,355
32,32,383
32,33,352
32,34,398
32,35,367
32,36,395
32,37,399
32,38,518
32,39,389
32,40,415
32,41,377
32,42,420
32,43,384
32,44,393
32,45,314
32,46,319
32,47,259
32,48,243
32,49,262
32,50,223
32,51,306
32,52,304
32,53,217
32,54,247
32,55,250
32,56,242
32,57,218
32,58,239
32,59,365
32,60,241
32,61,251
32,62,239
32,63,215
32,64,288
32,65,215
32,66,228
32,67,234
32,68,260
32,69,221
32,70,232
32,71,394
32,72,226
32,73,328
32,74,227
32,75,236
32,76,248
32,77,241
32,78,233
32,79,223
32,80,246
32,81,216
32,82,210
32,83,219
32,84,214
32,85,201
32,86,213
32,87,212
32,88,267
32,89,206
32,90,219
32,91,218
32,92,256
32,93,207
32,94,207
32,95,222
32,96,203
32,97,221
32,98,207
32,99,223
32,100,211
32,101,206
32,102,201
32,103,274
32,104,206
32,105,202
32,106,191
32,107,201
32,108,204
32,109,201
32,110,193
32,111,202
32,112,198
32,113,187
32,114,201
32,115,191
32,116,197
32,117,189
32,118,197
32,119,216
32,120,194
32,121,183
32,122,201
32,123,174
32,124,214
32,125,171
32,126,192
32,127,181
32,128,186
32,129,157
32,130,183
32,131,157
32,132,167
32,133,151
32,134,132
32,135,162
32,136,112
32,137,139
32,138,133
32,139,155
32,140,130
32,141,136
32,142,122
32,143,1521
32,144,420
32,145,156
32,146,122
32,147,142
32,148,218
32,149,144
32,150,139
32,151,143
32,152,182
32,153,147
32,154,131
32,155,185
32,156,145
32,157,184
32,158,158
32,159,163
32,160,191
32,161,180
32,162,147
32,163,154
32,164,148
32,165,155
32,166,154
32,167,158
32,168,150
32,169,162
32,170,170
32,171,185
32,172,155
32,173,168
32,174,187
32,175,159
32,176,154
32,177,171
32,178,192
32,179,1849
32,180,164
32,181,194
32,182,166
32,183,209
32,184,175
32,185,200
32,186,147
32,187,173
32,188,192
32,189,188
32,190,149
32,191,209
32,192,164
32,193,186
32,194,151
32,195,187
32,196,159
32,197,214
32,198,191
32,199,185
32,200,168
32,201,203
32,202,178
32,203,200
32,204,165
32,205,207
32,206,174
32,207,213
32,208,173
32,209,221
32,210,1511
32,211,255
32,212,176
32,213,332
32,214,204
32,215,347
32,216,176
32,217,248
32,218,192
32,219,277
32,220,204
32,221,687
32,222,203
32,223,280
32,224,216
32,225,303
32,226,219
32,227,310
32,228,222
32,229,314
32,230,244
32,231,310
32,232,248
32,233,341
32,234,265
32,235,3472
32,236,286
32,237,369
32,238,360
32,239,390
32,240,333
32,241,404
32,242,362
32,243,432
32,244,377
32,245,635
32,246,469
32,247,471
32,248,423
32,249,508
32,250,444
32,251,518
32,252,479
32,253,524
32,254,549
32,255,511
32,256,431
