Line,Band,Value
1,1,281
1,2,323
1,3,300
1,4,326
1,5,300
1,6,325
1,7,331
1,8,562
1,9,322
1,10,360
1,11,319
1,12,348
1,13,384
1,14,360
1,15,337
1,16,365
1,17,322
1,18,356
1,19,319
1,20,351
1,21,310
1,22,364
1,23,2397
1,24,360
1,25,331
1,26,359
1,27,358
1,28,810
1,29,339
1,30,461
1,31,360
1,32,390
1,33,359
1,34,408
1,35,377
1,36,409
1,37,413
1,38,533
1,39,407
1,40,434
1,41,395
1,42,439
1,43,411
1,44,419
1,45,337
1,46,345
1,47,283
1,48,251
1,49,274
1,50,231
1,51,318
1,52,328
1,53,241
1,54,270
1,55,274
1,56,263
1,57,237
1,58,261
1,59,383
1,60,259
1,61,270
1,62,257
1,63,233
1,64,309
1,65,231
1,66,245
1,67,249
1,68,279
1,69,236
1,70,247
1,71,409
1,72,239
1,73,348
1,74,243
1,75,249
1,76,261
1,77,255
1,78,246
1,79,235
1,80,259
1,81,228
1,82,223
1,83,232
1,84,225
1,85,213
1,86,224
1,87,222
1,88,280
1,89,218
1,90,230
1,91,226
1,92,266
1,93,215
1,94,218
1,95,231
1,96,213
1,97,229
1,98,219
1,99,231
1,100,219
1,101,215
1,102,211
1,103,289
1,104,215
1,105,209
1,106,200
1,107,207
1,108,214
1,109,209
1,110,202
1,111,208
1,112,206
1,113,193
1,114,209
1,115,198
1,116,206
1,117,195
1,118,205
1,119,222
1,120,203
1,121,189
1,122,206
1,123,179
1,124,222
1,125,175
1,126,199
1,127,186
1,128,192
1,129,162
1,130,188
1,131,161
1,132,172
1,133,155
1,134,138
1,135,161
1,136,116
1,137,141
1,138,137
1,139,157
1,140,133
1,141,137
1,142,123
1,143,1506
1,144,422
1,145,158
1,146,126
1,147,144
1,148,212
1,149,146
1,150,141
1,151,143
1,152,139
1,153,145
1,154,133
1,155,185
1,156,147
1,157,187
1,158,161
1,159,165
1,160,199
1,161,180
1,162,148
1,163,154
1,164,149
1,165,158
1,166,180
1,167,194
1,168,150
1,169,161
1,170,173
1,171,185
1,172,157
1,173,170
1,174,186
1,175,159
1,176,153
1,177,172
1,178,194
1,179,1842
1,180,164
1,181,189
1,182,165
1,183,209
1,184,175
1,185,199
1,186,148
1,187,173
1,188,191
1,189,188
1,190,149
1,191,209
1,192,164
1,193,186
1,194,151
1,195,186
1,196,159
1,197,211
1,198,191
1,199,184
1,200,168
1,201,202
1,202,176
1,203,199
1,204,164
1,205,207
1,206,173
1,207,211
1,208,172
1,209,219
1,210,1506
1,211,253
1,212,175
1,213,331
1,214,200
1,215,341
1,216,174
1,217,244
1,218,190
1,219,273
1,220,201
1,221,708
1,222,201
1,223,278
1,224,212
1,225,300
1,226,215
1,227,305
1,228,218
1,229,308
1,230,241
1,231,304
1,232,245
1,233,336
1,234,260
1,235,3463
1,236,278
1,237,362
1,238,353
1,239,382
1,240,326
1,241,395
1,242,353
1,243,423
1,244,366
1,245,619
1,246,453
1,247,461
1,248,412
1,249,496
1,250,434
1,251,506
1,252,468
1,253,511
1,254,541
1,255,498
1,256,419
2,1,281
2,2,323
2,3,300
2,4,326
2,5,300
2,6,325
2,7,331
2,8,562
2,9,322
2,10,360
2,11,319
2,12,348
2,13,384
2,14,360
2,15,337
2,16,365
2,17,322
2,18,356
2,19,319
2,20,351
2,21,310
2,22,364
2,23,2397
2,24,360
2,25,331
2,26,359
2,27,358
2,28,810
2,29,339
2,30,461
2,31,360
2,32,390
2,33,359
2,34,408
2,35,377
2,36,409
2,37,413
2,38,533
2,39,407
2,40,434
2,41,395
2,42,439
2,43,411
2,44,419
2,45,337
2,46,345
2,47,283
2,48,251
2,49,274
2,50,231
2,51,318
2,52,328
2,53,241
2,54,270
2,55,274
2,56,263
2,57,237
2,58,261
2,59,383
2,60,259
2,61,270
2,62,257
2,63,233
2,64,309
2,65,231
2,66,245
2,67,249
2,68,279
2,69,236
2,70,247
2,71,409
2,72,239
2,73,348
2,74,243
2,75,249
2,76,261
2,77,255
2,78,246
2,79,235
2,80,259
2,81,228
2,82,223
2,83,232
2,84,225
2,85,213
2,86,224
2,87,222
2,88,280
2,89,218
2,90,230
2,91,226
2,92,266
2,93,215
2,94,218
2,95,231
2,96,213
2,97,229
2,98,219
2,99,231
2,100,219
2,101,215
2,102,211
2,103,289
2,104,215
2,105,209
2,106,200
2,107,207
2,108,214
2,109,209
2,110,202
2,111,208
2,112,206
2,113,193
2,114,209
2,115,198
2,116,206
2,117,195
2,118,205
2,119,222
2,120,203
2,121,189
2,122,206
2,123,179
2,124,222
2,125,175
2,126,199
2,127,186
2,128,192
2,129,162
2,130,188
2,131,161
2,132,172
2,133,155
2,134,138
2,135,161
2,136,116
2,137,141
2,138,137
2,139,157
2,140,133
2,141,137
2,142,123
2,143,1506
2,144,422
2,145,158
2,146,126
2,147,144
2,148,212
2,149,146
2,150,141
2,151,143
2,152,139
2,153,145
2,154,133
2,155,185
2,156,147
2,157,187
2,158,161
2,159,165
2,160,199
2,161,180
2,162,148
2,163,154
2,164,149
2,165,158
2,166,180
2,167,194
2,168,150
2,169,161
2,170,173
2,171,185
2,172,157
2,173,170
2,174,186
2,175,159
2,176,153
2,177,172
2,178,194
2,179,1842
2,180,164
2,181,189
2,182,165
2,183,209
2,184,175
2,185,199
2,186,148
2,187,173
2,188,191
2,189,188
2,190,149
2,191,209
2,192,164
2,193,186
2,194,151
2,195,186
2,196,159
2,197,211
2,198,191
2,199,184
2,200,168
2,201,202
2,202,176
2,203,199
2,204,164
2,205,207
2,206,173
2,207,211
2,208,172
2,209,219
2,210,1506
2,211,253
2,212,175
2,213,331
2,214,200
2,215,341
2,216,174
2,217,244
2,218,190
2,219,273
2,220,201
2,221,708
2,222,201
2,223,278
2,224,212
2,225,300
2,226,215
2,227,305
2,228,218
2,229,308
2,230,241
2,231,304
2,232,245
2,233,336
2,234,260
2,235,3463
2,236,278
2,237,362
2,238,353
2,239,382
2,240,326
2,241,395
2,242,353
2,243,423
2,244,366
2,245,619
2,246,453
2,247,461
2,248,412
2,249,496
2,250,434
2,251,506
2,252,468
2,253,511
2,254,541
2,255,498
2,256,419
3,1,283
3,2,324
3,3,298
3,4,326
3,5,301
3,6,326
3,7,329
3,8,565
3,9,322
3,10,362
3,11,319
3,12,347
3,13,384
3,14,360
3,15,339
3,16,365
3,17,323
3,18,356
3,19,318
3,20,351
3,21,310
3,22,365
3,23,2401
3,24,359
3,25,334
3,26,360
3,27,353
3,28,810
3,29,340
3,30,460
3,31,359
3,32,391
3,33,358
3,34,410
3,35,379
3,36,409
3,37,414
3,38,531
3,39,404
3,40,435
3,41,397
3,42,439
3,43,412
3,44,420
3,45,338
3,46,342
3,47,283
3,48,252
3,49,270
3,50,232
3,51,319
3,52,325
3,53,240
3,54,269
3,55,275
3,56,264
3,57,238
3,58,260
3,59,382
3,60,260
3,61,270
3,62,259
3,63,232
3,64,307
3,65,231
3,66,245
3,67,248
3,68,278
3,69,237
3,70,249
3,71,411
3,72,239
3,73,349
3,74,245
3,75,249
3,76,276
3,77,257
3,78,248
3,79,235
3,80,262
3,81,230
3,82,222
3,83,232
3,84,226
3,85,213
3,86,225
3,87,223
3,88,282
3,89,217
3,90,231
3,91,228
3,92,265
3,93,215
3,94,219
3,95,231
3,96,214
3,97,231
3,98,219
3,99,233
3,100,220
3,101,215
3,102,212
3,103,282
3,104,215
3,105,212
3,106,201
3,107,209
3,108,215
3,109,208
3,110,202
3,111,209
3,112,206
3,113,194
3,114,209
3,115,198
3,116,205
3,117,196
3,118,206
3,119,223
3,120,202
3,121,189
3,122,207
3,123,180
3,124,221
3,125,178
3,126,199
3,127,187
3,128,192
3,129,161
3,130,189
3,131,163
3,132,171
3,133,156
3,134,138
3,135,161
3,136,116
3,137,142
3,138,136
3,139,157
3,140,133
3,141,139
3,142,124
3,143,1506
3,144,422
3,145,160
3,146,126
3,147,144
3,148,213
3,149,145
3,150,142
3,151,145
3,152,140
3,153,146
3,154,132
3,155,184
3,156,147
3,157,186
3,158,160
3,159,163
3,160,200
3,161,181
3,162,149
3,163,155
3,164,149
3,165,154
3,166,156
3,167,158
3,168,151
3,169,163
3,170,172
3,171,186
3,172,158
3,173,169
3,174,189
3,175,160
3,176,155
3,177,173
3,178,194
3,179,1843
3,180,163
3,181,190
3,182,166
3,183,209
3,184,176
3,185,200
3,186,149
3,187,173
3,188,193
3,189,188
3,190,150
3,191,210
3,192,165
3,193,186
3,194,152
3,195,185
3,196,159
3,197,213
3,198,191
3,199,183
3,200,168
3,201,202
3,202,177
3,203,198
3,204,164
3,205,206
3,206,173
3,207,212
3,208,172
3,209,221
3,210,1510
3,211,253
3,212,175
3,213,328
3,214,201
3,215,353
3,216,175
3,217,245
3,218,192
3,219,274
3,220,202
3,221,710
3,222,202
3,223,278
3,224,211
3,225,301
3,226,217
3,227,306
3,228,218
3,229,309
3,230,239
3,231,304
3,232,244
3,233,335
3,234,259
3,235,3471
3,236,279
3,237,363
3,238,354
3,239,383
3,240,327
3,241,395
3,242,353
3,243,422
3,244,366
3,245,619
3,246,442
3,247,461
3,248,413
3,249,498
3,250,433
3,251,507
3,252,469
3,253,512
3,254,534
3,255,499
3,256,419
4,1,283
4,2,324
4,3,298
4,4,326
4,5,301
4,6,326
4,7,329
4,8,565
4,9,322
4,10,362
4,11,319
4,12,347
4,13,384
4,14,360
4,15,339
4,16,365
4,17,323
4,18,356
4,19,318
4,20,351
4,21,310
4,22,365
4,23,2401
4,24,359
4,25,334
4,26,360
4,27,353
4,28,810
4,29,340
4,30,460
4,31,359
4,32,391
4,33,358
4,34,410
4,35,379
4,36,409
4,37,414
4,38,531
4,39,404
4,40,435
4,41,397
4,42,439
4,43,412
4,44,420
4,45,338
4,46,342
4,47,283
4,48,252
4,49,270
4,50,232
4,51,319
4,52,325
4,53,240
4,54,269
4,55,275
4,56,264
4,57,238
4,58,260
4,59,382
4,60,260
4,61,270
4,62,259
4,63,232
4,64,307
4,65,231
4,66,245
4,67,248
4,68,278
4,69,237
4,70,249
4,71,411
4,72,239
4,73,349
4,74,245
4,75,249
4,76,276
4,77,257
4,78,248
4,79,235
4,80,262
4,81,230
4,82,222
4,83,232
4,84,226
4,85,213
4,86,225
4,87,223
4,88,282
4,89,217
4,90,231
4,91,228
4,92,265
4,93,215
4,94,219
4,95,231
4,96,214
4,97,231
4,98,219
4,99,233
4,100,220
4,101,215
4,102,212
4,103,282
4,104,215
4,105,212
4,106,201
4,107,209
4,108,215
4,109,208
4,110,202
4,111,209
4,112,206
4,113,194
4,114,209
4,115,198
4,116,205
4,117,196
4,118,206
4,119,223
4,120,202
4,121,189
4,122,207
4,123,180
4,124,221
4,125,178
4,126,199
4,127,187
4,128,192
4,129,161
4,130,189
4,131,163
4,132,171
4,133,156
4,134,138
4,135,161
4,136,116
4,137,142
4,138,136
4,139,157
4,140,133
4,141,139
4,142,124
4,143,1506
4,144,422
4,145,160
4,146,126
4,147,144
4,148,213
4,149,145
4,150,142
4,151,145
4,152,140
4,153,146
4,154,132
4,155,184
4,156,147
4,157,186
4,158,160
4,159,163
4,160,200
4,161,181
4,162,149
4,163,155
4,164,149
4,165,154
4,166,156
4,167,158
4,168,151
4,169,163
4,170,172
4,171,186
4,172,158
4,173,169
4,174,189
4,175,160
4,176,155
4,177,173
4,178,194
4,179,1843
4,180,163
4,181,190
4,182,166
4,183,209
4,184,176
4,185,200
4,186,149
4,187,173
4,188,193
4,189,188
4,190,150
4,191,210
4,192,165
4,193,186
4,194,152
4,195,185
4,196,159
4,197,213
4,198,191
4,199,183
4,200,168
4,201,202
4,202,177
4,203,198
4,204,164
4,205,206
4,206,173
4,207,212
4,208,172
4,209,221
4,210,1510
4,211,253
4,212,175
4,213,328
4,214,201
4,215,353
4,216,175
4,217,245
4,218,192
4,219,274
4,220,202
4,221,710
4,222,202
4,223,278
4,224,211
4,225,301
4,226,217
4,227,306
4,228,218
4,229,309
4,230,239
4,231,304
4,232,244
4,233,335
4,234,259
4,235,3471
4,236,279
4,237,363
4,238,354
4,239,383
4,240,327
4,241,395
4,242,353
4,243,422
4,244,366
4,245,619
4,246,442
4,247,461
4,248,413
4,249,498
4,250,433
4,251,507
4,252,469
4,253,512
4,254,534
4,255,499
4,256,419
5,1,282
5,2,322
5,3,300
5,4,326
5,5,301
5,6,325
5,7,330
5,8,561
5,9,323
5,10,361
5,11,320
5,12,347
5,13,384
5,14,358
5,15,339
5,16,366
5,17,323
5,18,356
5,19,320
5,20,351
5,21,310
5,22,364
5,23,2399
5,24,358
5,25,331
5,26,358
5,27,354
5,28,808
5,29,340
5,30,454
5,31,360
5,32,390
5,33,360
5,34,409
5,35,379
5,36,408
5,37,413
5,38,531
5,39,408
5,40,435
5,41,398
5,42,439
5,43,413
5,44,421
5,45,338
5,46,344
5,47,282
5,48,251
5,49,271
5,50,231
5,51,318
5,52,325
5,53,241
5,54,269
5,55,274
5,56,265
5,57,238
5,58,260
5,59,385
5,60,260
5,61,269
5,62,259
5,63,234
5,64,310
5,65,233
5,66,245
5,67,248
5,68,276
5,69,236
5,70,249
5,71,411
5,72,239
5,73,349
5,74,244
5,75,248
5,76,275
5,77,256
5,78,245
5,79,235
5,80,257
5,81,228
5,82,222
5,83,233
5,84,225
5,85,211
5,86,225
5,87,223
5,88,279
5,89,218
5,90,230
5,91,230
5,92,266
5,93,218
5,94,218
5,95,232
5,96,214
5,97,229
5,98,217
5,99,232
5,100,220
5,101,215
5,102,211
5,103,290
5,104,214
5,105,209
5,106,200
5,107,209
5,108,213
5,109,211
5,110,202
5,111,210
5,112,206
5,113,194
5,114,208
5,115,197
5,116,205
5,117,196
5,118,205
5,119,221
5,120,201
5,121,189
5,122,207
5,123,179
5,124,222
5,125,178
5,126,198
5,127,187
5,128,192
5,129,162
5,130,188
5,131,162
5,132,170
5,133,157
5,134,136
5,135,160
5,136,115
5,137,143
5,138,136
5,139,159
5,140,133
5,141,139
5,142,122
5,143,1505
5,144,424
5,145,160
5,146,126
5,147,144
5,148,211
5,149,147
5,150,140
5,151,145
5,152,140
5,153,146
5,154,132
5,155,183
5,156,146
5,157,189
5,158,159
5,159,165
5,160,201
5,161,180
5,162,148
5,163,155
5,164,148
5,165,155
5,166,155
5,167,158
5,168,150
5,169,163
5,170,171
5,171,188
5,172,156
5,173,169
5,174,187
5,175,160
5,176,154
5,177,172
5,178,195
5,179,1846
5,180,164
5,181,191
5,182,166
5,183,210
5,184,175
5,185,200
5,186,149
5,187,174
5,188,193
5,189,188
5,190,150
5,191,210
5,192,164
5,193,186
5,194,151
5,195,185
5,196,157
5,197,214
5,198,190
5,199,184
5,200,169
5,201,201
5,202,176
5,203,198
5,204,163
5,205,207
5,206,172
5,207,212
5,208,173
5,209,221
5,210,1507
5,211,252
5,212,176
5,213,329
5,214,200
5,215,350
5,216,174
5,217,245
5,218,190
5,219,274
5,220,201
5,221,709
5,222,201
5,223,277
5,224,211
5,225,300
5,226,215
5,227,307
5,228,218
5,229,309
5,230,241
5,231,304
5,232,244
5,233,335
5,234,259
5,235,3459
5,236,278
5,237,366
5,238,353
5,239,383
5,240,327
5,241,396
5,242,351
5,243,423
5,244,365
5,245,620
5,246,450
5,247,462
5,248,414
5,249,494
5,250,434
5,251,507
5,252,466
5,253,512
5,254,540
5,255,499
5,256,419
6,1,282
6,2,322
6,3,300
6,4,326
6,5,301
6,6,325
6,7,330
6,8,561
6,9,323
6,10,361
6,11,320
6,12,347
6,13,384
6,14,358
6,15,339
6,16,366
6,17,323
6,18,356
6,19,320
6,20,351
6,21,310
6,22,364
6,23,2399
6,24,358
6,25,331
6,26,358
6,27,354
6,28,808
6,29,340
6,30,454
6,31,360
6,32,390
6,33,360
6,34,409
6,35,379
6,36,408
6,37,413
6,38,531
6,39,408
6,40,435
6,41,398
6,42,439
6,43,413
6,44,421
6,45,338
6,46,344
6,47,282
6,48,251
6,49,271
6,50,231
6,51,318
6,52,325
6,53,241
6,54,269
6,55,274
6,56,265
6,57,238
6,58,260
6,59,385
6,60,260
6,61,269
6,62,259
6,63,234
6,64,310
6,65,233
6,66,245
6,67,248
6,68,276
6,69,236
6,70,249
6,71,411
6,72,239
6,73,349
6,74,244
6,75,248
6,76,275
6,77,256
6,78,245
6,79,235
6,80,257
6,81,228
6,82,222
6,83,233
6,84,225
6,85,211
6,86,225
6,87,223
6,88,279
6,89,218
6,90,230
6,91,230
6,92,266
6,93,218
6,94,218
6,95,232
6,96,214
6,97,229
6,98,217
6,99,232
6,100,220
6,101,215
6,102,211
6,103,290
6,104,214
6,105,209
6,106,200
6,107,209
6,108,213
6,109,211
6,110,202
6,111,210
6,112,206
6,113,194
6,114,208
6,115,197
6,116,205
6,117,196
6,118,205
6,119,221
6,120,201
6,121,189
6,122,207
6,123,179
6,124,222
6,125,178
6,126,198
6,127,187
6,128,192
6,129,162
6,130,188
6,131,162
6,132,170
6,133,157
6,134,136
6,135,160
6,136,115
6,137,143
6,138,136
6,139,159
6,140,133
6,141,139
6,142,122
6,143,1505
6,144,424
6,145,160
6,146,126
6,147,144
6,148,211
6,149,147
6,150,140
6,151,145
6,152,140
6,153,146
6,154,132
6,155,183
6,156,146
6,157,189
6,158,159
6,159,165
6,160,201
6,161,180
6,162,148
6,163,155
6,164,148
6,165,155
6,166,155
6,167,158
6,168,150
6,169,163
6,170,171
6,171,188
6,172,156
6,173,169
6,174,187
6,175,160
6,176,154
6,177,172
6,178,195
6,179,1846
6,180,164
6,181,191
6,182,166
6,183,210
6,184,175
6,185,200
6,186,149
6,187,174
6,188,193
6,189,188
6,190,150
6,191,210
6,192,164
6,193,186
6,194,151
6,195,185
6,196,157
6,197,214
6,198,190
6,199,184
6,200,169
6,201,201
6,202,176
6,203,198
6,204,163
6,205,207
6,206,172
6,207,212
6,208,173
6,209,221
6,210,1507
6,211,252
6,212,176
6,213,329
6,214,200
6,215,350
6,216,174
6,217,245
6,218,190
6,219,274
6,220,201
6,221,709
6,222,201
6,223,277
6,224,211
6,225,300
6,226,215
6,227,307
6,228,218
6,229,309
6,230,241
6,231,304
6,232,244
6,233,335
6,234,259
6,235,3459
6,236,278
6,237,366
6,238,353
6,239,383
6,240,327
6,241,396
6,242,351
6,243,423
6,244,365
6,245,620
6,246,450
6,247,462
6,248,414
6,249,494
6,250,434
6,251,507
6,252,466
6,253,512
6,254,540
6,255,499
6,256,419
7,1,283
7,2,322
7,3,299
7,4,326
7,5,300
7,6,325
7,7,329
7,8,563
7,9,321
7,10,362
7,11,317
7,12,348
7,13,382
7,14,359
7,15,338
7,16,364
7,17,321
7,18,356
7,19,318
7,20,350
7,21,310
7,22,363
7,23,2398
7,24,358
7,25,332
7,26,358
7,27,354
7,28,806
7,29,339
7,30,457
7,31,359
7,32,390
7,33,359
7,34,409
7,35,378
7,36,409
7,37,414
7,38,531
7,39,405
7,40,434
7,41,395
7,42,441
7,43,411
7,44,419
7,45,337
7,46,343
7,47,282
7,48,251
7,49,277
7,50,231
7,51,317
7,52,331
7,53,238
7,54,270
7,55,272
7,56,264
7,57,236
7,58,260
7,59,383
7,60,260
7,61,269
7,62,258
7,63,230
7,64,308
7,65,231
7,66,246
7,67,247
7,68,277
7,69,234
7,70,247
7,71,410
7,72,239
7,73,345
7,74,244
7,75,248
7,76,274
7,77,255
7,78,245
7,79,235
7,80,260
7,81,229
7,82,223
7,83,230
7,84,226
7,85,210
7,86,224
7,87,221
7,88,281
7,89,217
7,90,229
7,91,227
7,92,264
7,93,214
7,94,218
7,95,231
7,96,213
7,97,229
7,98,216
7,99,231
7,100,222
7,101,214
7,102,212
7,103,282
7,104,214
7,105,209
7,106,199
7,107,210
7,108,214
7,109,209
7,110,203
7,111,208
7,112,206
7,113,193
7,114,208
7,115,196
7,116,204
7,117,195
7,118,205
7,119,223
7,120,202
7,121,187
7,122,207
7,123,179
7,124,222
7,125,176
7,126,200
7,127,188
7,128,193
7,129,161
7,130,188
7,131,161
7,132,173
7,133,154
7,134,137
7,135,159
7,136,115
7,137,142
7,138,137
7,139,157
7,140,133
7,141,136
7,142,124
7,143,1505
7,144,423
7,145,158
7,146,125
7,147,142
7,148,212
7,149,145
7,150,141
7,151,144
7,152,140
7,153,144
7,154,131
7,155,185
7,156,145
7,157,186
7,158,159
7,159,165
7,160,201
7,161,180
7,162,148
7,163,153
7,164,148
7,165,154
7,166,155
7,167,157
7,168,150
7,169,162
7,170,173
7,171,185
7,172,155
7,173,167
7,174,189
7,175,159
7,176,154
7,177,171
7,178,195
7,179,1840
7,180,164
7,181,190
7,182,166
7,183,209
7,184,175
7,185,197
7,186,149
7,187,173
7,188,191
7,189,187
7,190,150
7,191,208
7,192,164
7,193,186
7,194,151
7,195,185
7,196,158
7,197,211
7,198,190
7,199,182
7,200,168
7,201,199
7,202,176
7,203,198
7,204,164
7,205,206
7,206,173
7,207,211
7,208,172
7,209,219
7,210,1509
7,211,253
7,212,175
7,213,331
7,214,200
7,215,351
7,216,175
7,217,243
7,218,190
7,219,273
7,220,202
7,221,707
7,222,202
7,223,275
7,224,211
7,225,300
7,226,216
7,227,305
7,228,218
7,229,308
7,230,240
7,231,303
7,232,244
7,233,336
7,234,258
7,235,3466
7,236,280
7,237,361
7,238,355
7,239,380
7,240,327
7,241,395
7,242,360
7,243,455
7,244,366
7,245,620
7,246,455
7,247,460
7,248,412
7,249,499
7,250,431
7,251,504
7,252,467
7,253,511
7,254,539
7,255,499
7,256,419
8,1,283
8,2,322
8,3,299
8,4,326
8,5,300
8,6,325
8,7,329
8,8,563
8,9,321
8,10,362
8,11,317
8,12,348
8,13,382
8,14,359
8,15,338
8,16,364
8,17,321
8,18,356
8,19,318
8,20,350
8,21,310
8,22,363
8,23,2398
8,24,358
8,25,332
8,26,358
8,27,354
8,28,806
8,29,339
8,30,457
8,31,359
8,32,390
8,33,359
8,34,409
8,35,378
8,36,409
8,37,414
8,38,531
8,39,405
8,40,434
8,41,395
8,42,441
8,43,411
8,44,419
8,45,337
8,46,343
8,47,282
8,48,251
8,49,277
8,50,231
8,51,317
8,52,331
8,53,238
8,54,270
8,55,272
8,56,264
8,57,236
8,58,260
8,59,383
8,60,260
8,61,269
8,62,258
8,63,230
8,64,308
8,65,231
8,66,246
8,67,247
8,68,277
8,69,234
8,70,247
8,71,410
8,72,239
8,73,345
8,74,244
8,75,248
8,76,274
8,77,255
8,78,245
8,79,235
8,80,260
8,81,229
8,82,223
8,83,230
8,84,226
8,85,210
8,86,224
8,87,221
8,88,281
8,89,217
8,90,229
8,91,227
8,92,264
8,93,214
8,94,218
8,95,231
8,96,213
8,97,229
8,98,216
8,99,231
8,100,222
8,101,214
8,102,212
8,103,282
8,104,214
8,105,209
8,106,199
8,107,210
8,108,214
8,109,209
8,110,203
8,111,208
8,112,206
8,113,193
8,114,208
8,115,196
8,116,204
8,117,195
8,118,205
8,119,223
8,120,202
8,121,187
8,122,207
8,123,179
8,124,222
8,125,176
8,126,200
8,127,188
8,128,193
8,129,161
8,130,188
8,131,161
8,132,173
8,133,154
8,134,137
8,135,159
8,136,115
8,137,142
8,138,137
8,139,157
8,140,133
8,141,136
8,142,124
8,143,1505
8,144,423
8,145,158
8,146,125
8,147,142
8,148,212
8,149,145
8,150,141
8,151,144
8,152,140
8,153,144
8,154,131
8,155,185
8,156,145
8,157,186
8,158,159
8,159,165
8,160,201
8,161,180
8,162,148
8,163,153
8,164,148
8,165,154
8,166,155
8,167,157
8,168,150
8,169,162
8,170,173
8,171,185
8,172,155
8,173,167
8,174,189
8,175,159
8,176,154
8,177,171
8,178,195
8,179,1840
8,180,164
8,181,190
8,182,166
8,183,209
8,184,175
8,185,197
8,186,149
8,187,173
8,188,191
8,189,187
8,190,150
8,191,208
8,192,164
8,193,186
8,194,151
8,195,185
8,196,158
8,197,211
8,198,190
8,199,182
8,200,168
8,201,199
8,202,176
8,203,198
8,204,164
8,205,206
8,206,173
8,207,211
8,208,172
8,209,219
8,210,1509
8,211,253
8,212,175
8,213,331
8,214,200
8,215,351
8,216,175
8,217,243
8,218,190
8,219,273
8,220,202
8,221,707
8,222,202
8,223,275
8,224,211
8,225,300
8,226,216
8,227,305
8,228,218
8,229,308
8,230,240
8,231,303
8,232,244
8,233,336
8,234,258
8,235,3466
8,236,280
8,237,361
8,238,355
8,239,380
8,240,327
8,241,395
8,242,360
8,243,455
8,244,366
8,245,620
8,246,455
8,247,460
8,248,412
8,249,499
8,250,431
8,251,504
8,252,467
8,253,511
8,254,539
8,255,499
8,256,419
9,1,281
9,2,321
9,3,300
9,4,327
9,5,300
9,6,325
9,7,330
9,8,560
9,9,322
9,10,361
9,11,320
9,12,349
9,13,384
9,14,360
9,15,339
9,16,365
9,17,323
9,18,356
9,19,319
9,20,351
9,21,310
9,22,364
9,23,2401
9,24,359
9,25,332
9,26,359
9,27,353
9,28,807
9,29,339
9,30,458
9,31,360
9,32,390
9,33,359
9,34,409
9,35,378
9,36,409
9,37,413
9,38,535
9,39,408
9,40,435
9,41,397
9,42,440
9,43,413
9,44,420
9,45,338
9,46,343
9,47,284
9,48,252
9,49,273
9,50,231
9,51,318
9,52,328
9,53,240
9,54,268
9,55,273
9,56,264
9,57,235
9,58,260
9,59,385
9,60,261
9,61,270
9,62,257
9,63,234
9,64,306
9,65,232
9,66,245
9,67,249
9,68,277
9,69,237
9,70,248
9,71,411
9,72,241
9,73,346
9,74,245
9,75,249
9,76,275
9,77,256
9,78,247
9,79,235
9,80,261
9,81,229
9,82,223
9,83,231
9,84,227
9,85,211
9,86,225
9,87,223
9,88,280
9,89,217
9,90,231
9,91,227
9,92,265
9,93,216
9,94,218
9,95,232
9,96,214
9,97,230
9,98,215
9,99,230
9,100,220
9,101,216
9,102,210
9,103,283
9,104,215
9,105,211
9,106,201
9,107,209
9,108,214
9,109,209
9,110,203
9,111,209
9,112,206
9,113,194
9,114,209
9,115,197
9,116,205
9,117,196
9,118,205
9,119,222
9,120,202
9,121,189
9,122,207
9,123,180
9,124,222
9,125,177
9,126,201
9,127,187
9,128,193
9,129,162
9,130,188
9,131,162
9,132,174
9,133,155
9,134,137
9,135,160
9,136,116
9,137,142
9,138,137
9,139,157
9,140,132
9,141,138
9,142,123
9,143,1504
9,144,423
9,145,159
9,146,126
9,147,143
9,148,211
9,149,145
9,150,141
9,151,146
9,152,139
9,153,146
9,154,132
9,155,185
9,156,148
9,157,186
9,158,159
9,159,165
9,160,200
9,161,181
9,162,149
9,163,155
9,164,149
9,165,155
9,166,155
9,167,159
9,168,151
9,169,163
9,170,172
9,171,186
9,172,156
9,173,170
9,174,190
9,175,160
9,176,155
9,177,172
9,178,192
9,179,1848
9,180,165
9,181,193
9,182,167
9,183,207
9,184,176
9,185,198
9,186,148
9,187,174
9,188,191
9,189,189
9,190,149
9,191,210
9,192,165
9,193,187
9,194,151
9,195,186
9,196,158
9,197,214
9,198,189
9,199,183
9,200,167
9,201,202
9,202,177
9,203,198
9,204,164
9,205,208
9,206,174
9,207,211
9,208,173
9,209,219
9,210,1508
9,211,255
9,212,177
9,213,332
9,214,200
9,215,348
9,216,176
9,217,244
9,218,190
9,219,273
9,220,201
9,221,710
9,222,201
9,223,278
9,224,212
9,225,300
9,226,216
9,227,307
9,228,218
9,229,307
9,230,239
9,231,303
9,232,244
9,233,337
9,234,260
9,235,3470
9,236,280
9,237,361
9,238,351
9,239,382
9,240,326
9,241,397
9,242,355
9,243,424
9,244,367
9,245,624
9,246,455
9,247,461
9,248,413
9,249,499
9,250,433
9,251,507
9,252,467
9,253,511
9,254,539
9,255,498
9,256,419
10,1,281
10,2,321
10,3,300
10,4,327
10,5,300
10,6,325
10,7,330
10,8,560
10,9,322
10,10,361
10,11,320
10,12,349
10,13,384
10,14,360
10,15,339
10,16,365
10,17,323
10,18,356
10,19,319
10,20,351
10,21,310
10,22,364
10,23,2401
10,24,359
10,25,332
10,26,359
10,27,353
10,28,807
10,29,339
10,30,458
10,31,360
10,32,390
10,33,359
10,34,409
10,35,378
10,36,409
10,37,413
10,38,535
10,39,408
10,40,435
10,41,397
10,42,440
10,43,413
10,44,420
10,45,338
10,46,343
10,47,284
10,48,252
10,49,273
10,50,231
10,51,318
10,52,328
10,53,240
10,54,268
10,55,273
10,56,264
10,57,235
10,58,260
10,59,385
10,60,261
10,61,270
10,62,257
10,63,234
10,64,306
10,65,232
10,66,245
10,67,249
10,68,277
10,69,237
10,70,248
10,71,411
10,72,241
10,73,346
10,74,245
10,75,249
10,76,275
10,77,256
10,78,247
10,79,235
10,80,261
10,81,229
10,82,223
10,83,231
10,84,227
10,85,211
10,86,225
10,87,223
10,88,280
10,89,217
10,90,231
10,91,227
10,92,265
10,93,216
10,94,218
10,95,232
10,96,214
10,97,230
10,98,215
10,99,230
10,100,220
10,101,216
10,102,210
10,103,283
10,104,215
10,105,211
10,106,201
10,107,209
10,108,214
10,109,209
10,110,203
10,111,209
10,112,206
10,113,194
10,114,209
10,115,197
10,116,205
10,117,196
10,118,205
10,119,222
10,120,202
10,121,189
10,122,207
10,123,180
10,124,222
10,125,177
10,126,201
10,127,187
10,128,193
10,129,162
10,130,188
10,131,162
10,132,174
10,133,155
10,134,137
10,135,160
10,136,116
10,137,142
10,138,137
10,139,157
10,140,132
10,141,138
10,142,123
10,143,1504
10,144,423
10,145,159
10,146,126
10,147,143
10,148,211
10,149,145
10,150,141
10,151,146
10,152,139
10,153,146
10,154,132
10,155,185
10,156,148
10,157,186
10,158,159
10,159,165
10,160,200
10,161,181
10,162,149
10,163,155
10,164,149
10,165,155
10,166,155
10,167,159
10,168,151
10,169,163
10,170,172
10,171,186
10,172,156
10,173,170
10,174,190
10,175,160
10,176,155
10,177,172
10,178,192
10,179,1848
10,180,165
10,181,193
10,182,167
10,183,207
10,184,176
10,185,198
10,186,148
10,187,174
10,188,191
10,189,189
10,190,149
10,191,210
10,192,165
10,193,187
10,194,151
10,195,186
10,196,158
10,197,214
10,198,189
10,199,183
10,200,167
10,201,202
10,202,177
10,203,198
10,204,164
10,205,208
10,206,174
10,207,211
10,208,173
10,209,219
10,210,1508
10,211,255
10,212,177
10,213,332
10,214,200
10,215,348
10,216,176
10,217,244
10,218,190
10,219,273
10,220,201
10,221,710
10,222,201
10,223,278
10,224,212
10,225,300
10,226,216
10,227,307
10,228,218
10,229,307
10,230,239
10,231,303
10,232,244
10,233,337
10,234,260
10,235,3470
10,236,280
10,237,361
10,238,351
10,239,382
10,240,326
10,241,397
10,242,355
10,243,424
10,244,367
10,245,624
10,246,455
10,247,461
10,248,413
10,249,499
10,250,433
10,251,507
10,252,467
10,253,511
10,254,539
10,255,498
10,256,419
11,1,282
11,2,322
11,3,300
11,4,326
11,5,300
11,6,326
11,7,330
11,8,558
11,9,324
11,10,362
11,11,320
11,12,348
11,13,384
11,14,359
11,15,341
11,16,365
11,17,323
11,18,356
11,19,319
11,20,352
11,21,309
11,22,365
11,23,2399
11,24,358
11,25,333
11,26,360
11,27,353
11,28,808
11,29,340
11,30,463
11,31,360
11,32,389
11,33,361
11,34,409
11,35,378
11,36,410
11,37,414
11,38,533
11,39,408
11,40,437
11,41,397
11,42,441
11,43,414
11,44,420
11,45,340
11,46,341
11,47,282
11,48,252
11,49,278
11,50,232
11,51,314
11,52,331
11,53,240
11,54,270
11,55,273
11,56,263
11,57,239
11,58,261
11,59,384
11,60,259
11,61,270
11,62,257
11,63,233
11,64,306
11,65,231
11,66,245
11,67,247
11,68,279
11,69,235
11,70,247
11,71,410
11,72,239
11,73,348
11,74,244
11,75,251
11,76,275
11,77,256
11,78,248
11,79,236
11,80,261
11,81,229
11,82,221
11,83,233
11,84,225
11,85,211
11,86,223
11,87,223
11,88,280
11,89,217
11,90,231
11,91,228
11,92,265
11,93,216
11,94,217
11,95,232
11,96,214
11,97,229
11,98,219
11,99,229
11,100,220
11,101,216
11,102,210
11,103,281
11,104,214
11,105,211
11,106,200
11,107,209
11,108,213
11,109,210
11,110,204
11,111,210
11,112,206
11,113,195
11,114,208
11,115,198
11,116,206
11,117,196
11,118,204
11,119,223
11,120,203
11,121,190
11,122,208
11,123,180
11,124,221
11,125,176
11,126,199
11,127,188
11,128,192
11,129,162
11,130,188
11,131,163
11,132,170
11,133,156
11,134,138
11,135,161
11,136,116
11,137,142
11,138,136
11,139,157
11,140,132
11,141,138
11,142,123
11,143,1509
11,144,424
11,145,159
11,146,125
11,147,143
11,148,212
11,149,167
11,150,141
11,151,145
11,152,139
11,153,145
11,154,133
11,155,185
11,156,146
11,157,184
11,158,160
11,159,165
11,160,200
11,161,179
11,162,147
11,163,154
11,164,148
11,165,154
11,166,154
11,167,157
11,168,151
11,169,163
11,170,173
11,171,186
11,172,155
11,173,169
11,174,188
11,175,159
11,176,154
11,177,173
11,178,194
11,179,1843
11,180,165
11,181,191
11,182,166
11,183,212
11,184,177
11,185,199
11,186,148
11,187,174
11,188,190
11,189,188
11,190,149
11,191,209
11,192,164
11,193,186
11,194,151
11,195,186
11,196,159
11,197,211
11,198,190
11,199,184
11,200,168
11,201,202
11,202,177
11,203,198
11,204,164
11,205,208
11,206,173
11,207,212
11,208,173
11,209,220
11,210,1507
11,211,255
11,212,175
11,213,329
11,214,201
11,215,344
11,216,174
11,217,246
11,218,190
11,219,274
11,220,201
11,221,708
11,222,202
11,223,277
11,224,212
11,225,300
11,226,214
11,227,306
11,228,218
11,229,310
11,230,242
11,231,304
11,232,243
11,233,335
11,234,259
11,235,3459
11,236,279
11,237,361
11,238,353
11,239,385
11,240,326
11,241,395
11,242,354
11,243,422
11,244,366
11,245,621
11,246,454
11,247,460
11,248,412
11,249,496
11,250,432
11,251,507
11,252,468
11,253,512
11,254,529
11,255,498
11,256,419
12,1,282
12,2,322
12,3,300
12,4,326
12,5,300
12,6,326
12,7,330
12,8,558
12,9,324
12,10,362
12,11,320
12,12,348
12,13,384
12,14,359
12,15,341
12,16,365
12,17,323
12,18,356
12,19,319
12,20,352
12,21,309
12,22,365
12,23,2399
12,24,358
12,25,333
12,26,360
12,27,353
12,28,808
12,29,340
12,30,463
12,31,360
12,32,389
12,33,361
12,34,409
12,35,378
12,36,410
12,37,414
12,38,533
12,39,408
12,40,437
12,41,397
12,42,441
12,43,414
12,44,420
12,45,340
12,46,341
12,47,282
12,48,252
12,49,278
12,50,232
12,51,314
12,52,331
12,53,240
12,54,270
12,55,273
12,56,263
12,57,239
12,58,261
12,59,384
12,60,259
12,61,270
12,62,257
12,63,233
12,64,306
12,65,231
12,66,245
12,67,247
12,68,279
12,69,235
12,70,247
12,71,410
12,72,239
12,73,348
12,74,244
12,75,251
12,76,275
12,77,256
12,78,248
12,79,236
12,80,261
12,81,229
12,82,221
12,83,233
12,84,225
12,85,211
12,86,223
12,87,223
12,88,280
12,89,217
12,90,231
12,91,228
12,92,265
12,93,216
12,94,217
12,95,232
12,96,214
12,97,229
12,98,219
12,99,229
12,100,220
12,101,216
12,102,210
12,103,281
12,104,214
12,105,211
12,106,200
12,107,209
12,108,213
12,109,210
12,110,204
12,111,210
12,112,206
12,113,195
12,114,208
12,115,198
12,116,206
12,117,196
12,118,204
12,119,223
12,120,203
12,121,190
12,122,208
12,123,180
12,124,221
12,125,176
12,126,199
12,127,188
12,128,192
12,129,162
12,130,188
12,131,163
12,132,170
12,133,156
12,134,138
12,135,161
12,136,116
12,137,142
12,138,136
12,139,157
12,140,132
12,141,138
12,142,123
12,143,1509
12,144,424
12,145,159
12,146,125
12,147,143
12,148,212
12,149,167
12,150,141
12,151,145
12,152,139
12,153,145
12,154,133
12,155,185
12,156,146
12,157,184
12,158,160
12,159,165
12,160,200
12,161,179
12,162,147
12,163,154
12,164,148
12,165,154
12,166,154
12,167,157
12,168,151
12,169,163
12,170,173
12,171,186
12,172,155
12,173,169
12,174,188
12,175,159
12,176,154
12,177,173
12,178,194
12,179,1843
12,180,165
12,181,191
12,182,166
12,183,212
12,184,177
12,185,199
12,186,148
12,187,174
12,188,190
12,189,188
12,190,149
12,191,209
12,192,164
12,193,186
12,194,151
12,195,186
12,196,159
12,197,211
12,198,190
12,199,184
12,200,168
12,201,202
12,202,177
12,203,198
12,204,164
12,205,208
12,206,173
12,207,212
12,208,173
12,209,220
12,210,1507
12,211,255
12,212,175
12,213,329
12,214,201
12,215,344
12,216,174
12,217,246
12,218,190
12,219,274
12,220,201
12,221,708
12,222,202
12,223,277
12,224,212
12,225,300
12,226,214
12,227,306
12,228,218
12,229,310
12,230,242
12,231,304
12,232,243
12,233,335
12,234,259
12,235,3459
12,236,279
12,237,361
12,238,353
12,239,385
12,240,326
12,241,395
12,242,354
12,243,422
12,244,366
12,245,621
12,246,454
12,247,460
12,248,412
12,249,496
12,250,432
12,251,507
12,252,468
12,253,512
12,254,529
12,255,498
12,256,419
13,1,283
13,2,323
13,3,301
13,4,327
13,5,301
13,6,325
13,7,330
13,8,562
13,9,320
13,10,362
13,11,319
13,12,348
13,13,384
13,14,362
13,15,339
13,16,365
13,17,323
13,18,357
13,19,320
13,20,352
13,21,312
13,22,364
13,23,2401
13,24,359
13,25,332
13,26,359
13,27,353
13,28,810
13,29,341
13,30,461
13,31,359
13,32,391
13,33,360
13,34,409
13,35,380
13,36,409
13,37,413
13,38,533
13,39,409
13,40,436
13,41,398
13,42,440
13,43,413
13,44,420
13,45,338
13,46,343
13,47,283
13,48,253
13,49,272
13,50,231
13,51,312
13,52,327
13,53,240
13,54,271
13,55,271
13,56,265
13,57,238
13,58,261
13,59,384
13,60,260
13,61,270
13,62,258
13,63,232
13,64,306
13,65,232
13,66,246
13,67,247
13,68,279
13,69,238
13,70,248
13,71,411
13,72,239
13,73,345
13,74,245
13,75,250
13,76,276
13,77,255
13,78,247
13,79,237
13,80,261
13,81,229
13,82,225
13,83,231
13,84,227
13,85,211
13,86,225
13,87,223
13,88,280
13,89,217
13,90,231
13,91,229
13,92,268
13,93,216
13,94,218
13,95,232
13,96,215
13,97,230
13,98,219
13,99,231
13,100,221
13,101,215
13,102,212
13,103,282
13,104,215
13,105,210
13,106,200
13,107,209
13,108,215
13,109,209
13,110,203
13,111,210
13,112,207
13,113,193
13,114,209
13,115,197
13,116,206
13,117,196
13,118,205
13,119,223
13,120,203
13,121,190
13,122,208
13,123,180
13,124,222
13,125,177
13,126,199
13,127,187
13,128,193
13,129,163
13,130,188
13,131,163
13,132,170
13,133,155
13,134,138
13,135,160
13,136,116
13,137,142
13,138,137
13,139,158
13,140,134
13,141,139
13,142,124
13,143,1507
13,144,426
13,145,159
13,146,125
13,147,143
13,148,215
13,149,147
13,150,141
13,151,145
13,152,140
13,153,145
13,154,133
13,155,184
13,156,147
13,157,185
13,158,161
13,159,165
13,160,201
13,161,181
13,162,149
13,163,154
13,164,149
13,165,154
13,166,156
13,167,158
13,168,151
13,169,163
13,170,174
13,171,186
13,172,156
13,173,170
13,174,191
13,175,159
13,176,154
13,177,172
13,178,195
13,179,1843
13,180,166
13,181,194
13,182,166
13,183,208
13,184,177
13,185,199
13,186,149
13,187,173
13,188,193
13,189,188
13,190,150
13,191,209
13,192,165
13,193,185
13,194,152
13,195,186
13,196,159
13,197,213
13,198,191
13,199,184
13,200,170
13,201,202
13,202,178
13,203,199
13,204,164
13,205,208
13,206,174
13,207,212
13,208,174
13,209,220
13,210,1508
13,211,255
13,212,177
13,213,334
13,214,201
13,215,348
13,216,175
13,217,244
13,218,190
13,219,273
13,220,201
13,221,710
13,222,202
13,223,277
13,224,212
13,225,301
13,226,215
13,227,307
13,228,218
13,229,308
13,230,241
13,231,304
13,232,245
13,233,335
13,234,261
13,235,3465
13,236,279
13,237,361
13,238,353
13,239,383
13,240,326
13,241,396
13,242,355
13,243,422
13,244,368
13,245,619
13,246,451
13,247,462
13,248,414
13,249,496
13,250,432
13,251,506
13,252,468
13,253,512
13,254,540
13,255,498
13,256,418
14,1,283
14,2,323
14,3,301
14,4,327
14,5,301
14,6,325
14,7,330
14,8,562
14,9,320
14,10,362
14,11,319
14,12,348
14,13,384
14,14,362
14,15,339
14,16,365
14,17,323
14,18,357
14,19,320
14,20,352
14,21,312
14,22,364
14,23,2401
14,24,359
14,25,332
14,26,359
14,27,353
14,28,810
14,29,341
14,30,461
14,31,359
14,32,391
14,33,360
14,34,409
14,35,380
14,36,409
14,37,413
14,38,533
14,39,409
14,40,436
14,41,398
14,42,440
14,43,413
14,44,420
14,45,338
14,46,343
14,47,283
14,48,253
14,49,272
14,50,231
14,51,312
14,52,327
14,53,240
14,54,271
14,55,271
14,56,265
14,57,238
14,58,261
14,59,384
14,60,260
14,61,270
14,62,258
14,63,232
14,64,306
14,65,232
14,66,246
14,67,247
14,68,279
14,69,238
14,70,248
14,71,411
14,72,239
14,73,345
14,74,245
14,75,250
14,76,276
14,77,255
14,78,247
14,79,237
14,80,261
14,81,229
14,82,225
14,83,231
14,84,227
14,85,211
14,86,225
14,87,223
14,88,280
14,89,217
14,90,231
14,91,229
14,92,268
14,93,216
14,94,218
14,95,232
14,96,215
14,97,230
14,98,219
14,99,231
14,100,221
14,101,215
14,102,212
14,103,282
14,104,215
14,105,210
14,106,200
14,107,209
14,108,215
14,109,209
14,110,203
14,111,210
14,112,207
14,113,193
14,114,209
14,115,197
14,116,206
14,117,196
14,118,205
14,119,223
14,120,203
14,121,190
14,122,208
14,123,180
14,124,222
14,125,177
14,126,199
14,127,187
14,128,193
14,129,163
14,130,188
14,131,163
14,132,170
14,133,155
14,134,138
14,135,160
14,136,116
14,137,142
14,138,137
14,139,158
14,140,134
14,141,139
14,142,124
14,143,1507
14,144,426
14,145,159
14,146,125
14,147,143
14,148,215
14,149,147
14,150,141
14,151,145
14,152,140
14,153,145
14,154,133
14,155,184
14,156,147
14,157,185
14,158,161
14,159,165
14,160,201
14,161,181
14,162,149
14,163,154
14,164,149
14,165,154
14,166,156
14,167,158
14,168,151
14,169,163
14,170,174
14,171,186
14,172,156
14,173,170
14,174,191
14,175,159
14,176,154
14,177,172
14,178,195
14,179,1843
14,180,166
14,181,194
14,182,166
14,183,208
14,184,177
14,185,199
14,186,149
14,187,173
14,188,193
14,189,188
14,190,150
14,191,209
14,192,165
14,193,185
14,194,152
14,195,186
14,196,159
14,197,213
14,198,191
14,199,184
14,200,170
14,201,202
14,202,178
14,203,199
14,204,164
14,205,208
14,206,174
14,207,212
14,208,174
14,209,220
14,210,1508
14,211,255
14,212,177
14,213,334
14,214,201
14,215,348
14,216,175
14,217,244
14,218,190
14,219,273
14,220,201
14,221,710
14,222,202
14,223,277
14,224,212
14,225,301
14,226,215
14,227,307
14,228,218
14,229,308
14,230,241
14,231,304
14,232,245
14,233,335
14,234,261
14,235,3465
14,236,279
14,237,361
14,238,353
14,239,383
14,240,326
14,241,396
14,242,355
14,243,422
14,244,368
14,245,619
14,246,451
14,247,462
14,248,414
14,249,496
14,250,432
14,251,506
14,252,468
14,253,512
14,254,540
14,255,498
14,256,418
15,1,282
15,2,322
15,3,300
15,4,327
15,5,299
15,6,326
15,7,329
15,8,568
15,9,322
15,10,362
15,11,318
15,12,349
15,13,385
15,14,361
15,15,338
15,16,365
15,17,322
15,18,357
15,19,318
15,20,352
15,21,309
15,22,364
15,23,2396
15,24,359
15,25,333
15,26,360
15,27,354
15,28,808
15,29,340
15,30,458
15,31,359
15,32,390
15,33,360
15,34,410
15,35,379
15,36,409
15,37,413
15,38,535
15,39,406
15,40,438
15,41,397
15,42,442
15,43,413
15,44,420
15,45,337
15,46,343
15,47,283
15,48,253
15,49,271
15,50,231
15,51,321
15,52,327
15,53,240
15,54,270
15,55,271
15,56,264
15,57,236
15,58,261
15,59,385
15,60,261
15,61,269
15,62,258
15,63,232
15,64,306
15,65,231
15,66,246
15,67,248
15,68,279
15,69,258
15,70,250
15,71,410
15,72,240
15,73,347
15,74,244
15,75,248
15,76,274
15,77,256
15,78,247
15,79,236
15,80,260
15,81,229
15,82,224
15,83,232
15,84,227
15,85,213
15,86,224
15,87,222
15,88,281
15,89,218
15,90,231
15,91,228
15,92,265
15,93,215
15,94,219
15,95,231
15,96,214
15,97,229
15,98,220
15,99,230
15,100,220
15,101,215
15,102,212
15,103,281
15,104,214
15,105,209
15,106,200
15,107,208
15,108,214
15,109,210
15,110,203
15,111,208
15,112,206
15,113,193
15,114,209
15,115,205
15,116,208
15,117,195
15,118,206
15,119,223
15,120,202
15,121,189
15,122,206
15,123,179
15,124,222
15,125,177
15,126,201
15,127,187
15,128,194
15,129,162
15,130,188
15,131,162
15,132,169
15,133,155
15,134,138
15,135,161
15,136,117
15,137,141
15,138,137
15,139,157
15,140,133
15,141,139
15,142,125
15,143,1508
15,144,431
15,145,159
15,146,125
15,147,143
15,148,210
15,149,146
15,150,142
15,151,143
15,152,139
15,153,146
15,154,134
15,155,185
15,156,147
15,157,186
15,158,161
15,159,165
15,160,196
15,161,179
15,162,150
15,163,154
15,164,149
15,165,155
15,166,156
15,167,157
15,168,151
15,169,162
15,170,173
15,171,186
15,172,155
15,173,168
15,174,190
15,175,159
15,176,156
15,177,171
15,178,192
15,179,1846
15,180,164
15,181,193
15,182,167
15,183,210
15,184,175
15,185,199
15,186,150
15,187,173
15,188,194
15,189,187
15,190,151
15,191,208
15,192,164
15,193,186
15,194,150
15,195,185
15,196,159
15,197,213
15,198,189
15,199,183
15,200,170
15,201,200
15,202,177
15,203,198
15,204,164
15,205,207
15,206,173
15,207,212
15,208,173
15,209,220
15,210,1508
15,211,255
15,212,176
15,213,330
15,214,202
15,215,342
15,216,174
15,217,244
15,218,190
15,219,272
15,220,201
15,221,711
15,222,203
15,223,277
15,224,214
15,225,300
15,226,216
15,227,305
15,228,218
15,229,309
15,230,242
15,231,305
15,232,246
15,233,334
15,234,260
15,235,3463
15,236,279
15,237,360
15,238,354
15,239,382
15,240,327
15,241,396
15,242,354
15,243,422
15,244,366
15,245,618
15,246,452
15,247,459
15,248,411
15,249,498
15,250,434
15,251,505
15,252,469
15,253,512
15,254,538
15,255,500
15,256,420
16,1,282
16,2,322
16,3,300
16,4,327
16,5,299
16,6,326
16,7,329
16,8,568
16,9,322
16,10,362
16,11,318
16,12,349
16,13,385
16,14,361
16,15,338
16,16,365
16,17,322
16,18,357
16,19,318
16,20,352
16,21,309
16,22,364
16,23,2396
16,24,359
16,25,333
16,26,360
16,27,354
16,28,808
16,29,340
16,30,458
16,31,359
16,32,390
16,33,360
16,34,410
16,35,379
16,36,409
16,37,413
16,38,535
16,39,406
16,40,438
16,41,397
16,42,442
16,43,413
16,44,420
16,45,337
16,46,343
16,47,283
16,48,253
16,49,271
16,50,231
16,51,321
16,52,327
16,53,240
16,54,270
16,55,271
16,56,264
16,57,236
16,58,261
16,59,385
16,60,261
16,61,269
16,62,258
16,63,232
16,64,306
16,65,231
16,66,246
16,67,248
16,68,279
16,69,258
16,70,250
16,71,410
16,72,240
16,73,347
16,74,244
16,75,248
16,76,274
16,77,256
16,78,247
16,79,236
16,80,260
16,81,229
16,82,224
16,83,232
16,84,227
16,85,213
16,86,224
16,87,222
16,88,281
16,89,218
16,90,231
16,91,228
16,92,265
16,93,215
16,94,219
16,95,231
16,96,214
16,97,229
16,98,220
16,99,230
16,100,220
16,101,215
16,102,212
16,103,281
16,104,214
16,105,209
16,106,200
16,107,208
16,108,214
16,109,210
16,110,203
16,111,208
16,112,206
16,113,193
16,114,209
16,115,205
16,116,208
16,117,195
16,118,206
16,119,223
16,120,202
16,121,189
16,122,206
16,123,179
16,124,222
16,125,177
16,126,201
16,127,187
16,128,194
16,129,162
16,130,188
16,131,162
16,132,169
16,133,155
16,134,138
16,135,161
16,136,117
16,137,141
16,138,137
16,139,157
16,140,133
16,141,139
16,142,125
16,143,1508
16,144,431
16,145,159
16,146,125
16,147,143
16,148,210
16,149,146
16,150,142
16,151,143
16,152,139
16,153,146
16,154,134
16,155,185
16,156,147
16,157,186
16,158,161
16,159,165
16,160,196
16,161,179
16,162,150
16,163,154
16,164,149
16,165,155
16,166,156
16,167,157
16,168,151
16,169,162
16,170,173
16,171,186
16,172,155
16,173,168
16,174,190
16,175,159
16,176,156
16,177,171
16,178,192
16,179,1846
16,180,164
16,181,193
16,182,167
16,183,210
16,184,175
16,185,199
16,186,150
16,187,173
16,188,194
16,189,187
16,190,151
16,191,208
16,192,164
16,193,186
16,194,150
16,195,185
16,196,159
16,197,213
16,198,189
16,199,183
16,200,170
16,201,200
16,202,177
16,203,198
16,204,164
16,205,207
16,206,173
16,207,212
16,208,173
16,209,220
16,210,1508
16,211,255
16,212,176
16,213,330
16,214,202
16,215,342
16,216,174
16,217,244
16,218,190
16,219,272
16,220,201
16,221,711
16,222,203
16,223,277
16,224,214
16,225,300
16,226,216
16,227,305
16,228,218
16,229,309
16,230,242
16,231,305
16,232,246
16,233,334
16,234,260
16,235,3463
16,236,279
16,237,360
16,238,354
16,239,382
16,240,327
16,241,396
16,242,354
16,243,422
16,244,366
16,245,618
16,246,452
16,247,459
16,248,411
16,249,498
16,250,434
16,251,505
16,252,469
16,253,512
16,254,538
16,255,500
16,256,420
17,1,279
17,2,324
17,3,300
17,4,325
17,5,299
17,6,326
17,7,331
17,8,561
17,9,323
17,10,361
17,11,321
17,12,348
17,13,385
17,14,360
17,15,339
17,16,364
17,17,322
17,18,354
17,19,319
17,20,353
17,21,311
17,22,363
17,23,2398
17,24,359
17,25,332
17,26,360
17,27,354
17,28,810
17,29,340
17,30,459
17,31,359
17,32,390
17,33,359
17,34,409
17,35,379
17,36,410
17,37,416
17,38,536
17,39,409
17,40,437
17,41,397
17,42,442
17,43,413
17,44,421
17,45,338
17,46,344
17,47,283
17,48,251
17,49,269
17,50,233
17,51,318
17,52,330
17,53,241
17,54,270
17,55,271
17,56,265
17,57,237
17,58,261
17,59,386
17,60,260
17,61,270
17,62,258
17,63,233
17,64,310
17,65,233
17,66,246
17,67,247
17,68,277
17,69,238
17,70,248
17,71,410
17,72,240
17,73,348
17,74,244
17,75,250
17,76,274
17,77,257
17,78,247
17,79,236
17,80,260
17,81,230
17,82,223
17,83,232
17,84,226
17,85,213
17,86,225
17,87,223
17,88,281
17,89,218
17,90,231
17,91,230
17,92,264
17,93,218
17,94,218
17,95,231
17,96,214
17,97,229
17,98,217
17,99,232
17,100,219
17,101,213
17,102,210
17,103,288
17,104,214
17,105,209
17,106,201
17,107,210
17,108,214
17,109,210
17,110,202
17,111,210
17,112,207
17,113,194
17,114,210
17,115,198
17,116,206
17,117,196
17,118,204
17,119,223
17,120,201
17,121,189
17,122,205
17,123,179
17,124,220
17,125,177
17,126,199
17,127,188
17,128,193
17,129,162
17,130,187
17,131,162
17,132,169
17,133,156
17,134,136
17,135,161
17,136,116
17,137,142
17,138,137
17,139,158
17,140,132
17,141,137
17,142,122
17,143,1509
17,144,433
17,145,159
17,146,126
17,147,144
17,148,211
17,149,146
17,150,141
17,151,145
17,152,139
17,153,145
17,154,132
17,155,184
17,156,146
17,157,187
17,158,160
17,159,165
17,160,200
17,161,179
17,162,148
17,163,155
17,164,149
17,165,155
17,166,156
17,167,158
17,168,150
17,169,162
17,170,171
17,171,186
17,172,155
17,173,170
17,174,190
17,175,159
17,176,155
17,177,173
17,178,194
17,179,1843
17,180,165
17,181,191
17,182,165
17,183,212
17,184,175
17,185,200
17,186,148
17,187,173
17,188,193
17,189,189
17,190,149
17,191,207
17,192,164
17,193,186
17,194,150
17,195,187
17,196,159
17,197,213
17,198,190
17,199,185
17,200,168
17,201,202
17,202,177
17,203,198
17,204,163
17,205,206
17,206,172
17,207,211
17,208,172
17,209,219
17,210,1503
17,211,254
17,212,176
17,213,334
17,214,200
17,215,342
17,216,174
17,217,244
17,218,191
17,219,273
17,220,201
17,221,710
17,222,202
17,223,278
17,224,212
17,225,300
17,226,215
17,227,306
17,228,217
17,229,310
17,230,241
17,231,303
17,232,245
17,233,335
17,234,261
17,235,3457
17,236,279
17,237,361
17,238,353
17,239,385
17,240,327
17,241,395
17,242,353
17,243,422
17,244,366
17,245,621
17,246,452
17,247,460
17,248,413
17,249,499
17,250,434
17,251,506
17,252,467
17,253,510
17,254,537
17,255,499
17,256,418
18,1,279
18,2,324
18,3,300
18,4,325
18,5,299
18,6,326
18,7,331
18,8,561
18,9,323
18,10,361
18,11,321
18,12,348
18,13,385
18,14,360
18,15,339
18,16,364
18,17,322
18,18,354
18,19,319
18,20,353
18,21,311
18,22,363
18,23,2398
18,24,359
18,25,332
18,26,360
18,27,354
18,28,810
18,29,340
18,30,459
18,31,359
18,32,390
18,33,359
18,34,409
18,35,379
18,36,410
18,37,416
18,38,536
18,39,409
18,40,437
18,41,397
18,42,442
18,43,413
18,44,421
18,45,338
18,46,344
18,47,283
18,48,251
18,49,269
18,50,233
18,51,318
18,52,330
18,53,241
18,54,270
18,55,271
18,56,265
18,57,237
18,58,261
18,59,386
18,60,260
18,61,270
18,62,258
18,63,233
18,64,310
18,65,233
18,66,246
18,67,247
18,68,277
18,69,238
18,70,248
18,71,410
18,72,240
18,73,348
18,74,244
18,75,250
18,76,274
18,77,257
18,78,247
18,79,236
18,80,260
18,81,230
18,82,223
18,83,232
18,84,226
18,85,213
18,86,225
18,87,223
18,88,281
18,89,218
18,90,231
18,91,230
18,92,264
18,93,218
18,94,218
18,95,231
18,96,214
18,97,229
18,98,217
18,99,232
18,100,219
18,101,213
18,102,210
18,103,288
18,104,214
18,105,209
18,106,201
18,107,210
18,108,214
18,109,210
18,110,202
18,111,210
18,112,207
18,113,194
18,114,210
18,115,198
18,116,206
18,117,196
18,118,204
18,119,223
18,120,201
18,121,189
18,122,205
18,123,179
18,124,220
18,125,177
18,126,199
18,127,188
18,128,193
18,129,162
18,130,187
18,131,162
18,132,169
18,133,156
18,134,136
18,135,161
18,136,116
18,137,142
18,138,137
18,139,158
18,140,132
18,141,137
18,142,122
18,143,1509
18,144,433
18,145,159
18,146,126
18,147,144
18,148,211
18,149,146
18,150,141
18,151,145
18,152,139
18,153,145
18,154,132
18,155,184
18,156,146
18,157,187
18,158,160
18,159,165
18,160,200
18,161,179
18,162,148
18,163,155
18,164,149
18,165,155
18,166,156
18,167,158
18,168,150
18,169,162
18,170,171
18,171,186
18,172,155
18,173,170
18,174,190
18,175,159
18,176,155
18,177,173
18,178,194
18,179,1843
18,180,165
18,181,191
18,182,165
18,183,212
18,184,175
18,185,200
18,186,148
18,187,173
18,188,193
18,189,189
18,190,149
18,191,207
18,192,164
18,193,186
18,194,150
18,195,187
18,196,159
18,197,213
18,198,190
18,199,185
18,200,168
18,201,202
18,202,177
18,203,198
18,204,163
18,205,206
18,206,172
18,207,211
18,208,172
18,209,219
18,210,1503
18,211,254
18,212,176
18,213,334
18,214,200
18,215,342
18,216,174
18,217,244
18,218,191
18,219,273
18,220,201
18,221,710
18,222,202
18,223,278
18,224,212
18,225,300
18,226,215
18,227,306
18,228,217
18,229,310
18,230,241
18,231,303
18,232,245
18,233,335
18,234,261
18,235,3457
18,236,279
18,237,361
18,238,353
18,239,385
18,240,327
18,241,395
18,242,353
18,243,422
18,244,366
18,245,621
18,246,452
18,247,460
18,248,413
18,249,499
18,250,434
18,251,506
18,252,467
18,253,510
18,254,537
18,255,499
18,256,418
19,1,281
19,2,322
19,3,299
19,4,326
19,5,300
19,6,326
19,7,330
19,8,556
19,9,321
19,10,363
19,11,320
19,12,348
19,13,386
19,14,362
19,15,340
19,16,366
19,17,321
19,18,355
19,19,318
19,20,352
19,21,309
19,22,363
19,23,2400
19,24,358
19,25,333
19,26,360
19,27,352
19,28,808
19,29,342
19,30,467
19,31,359
19,32,387
19,33,359
19,34,409
19,35,379
19,36,408
19,37,416
19,38,534
19,39,408
19,40,437
19,41,397
19,42,439
19,43,411
19,44,420
19,45,338
19,46,344
19,47,282
19,48,251
19,49,269
19,50,232
19,51,319
19,52,323
19,53,240
19,54,269
19,55,274
19,56,263
19,57,237
19,58,261
19,59,384
19,60,259
19,61,270
19,62,258
19,63,234
19,64,306
19,65,231
19,66,245
19,67,248
19,68,279
19,69,238
19,70,249
19,71,409
19,72,241
19,73,348
19,74,243
19,75,250
19,76,275
19,77,255
19,78,249
19,79,236
19,80,262
19,81,228
19,82,224
19,83,232
19,84,226
19,85,212
19,86,225
19,87,222
19,88,279
19,89,217
19,90,229
19,91,227
19,92,267
19,93,215
19,94,218
19,95,233
19,96,214
19,97,228
19,98,218
19,99,232
19,100,220
19,101,214
19,102,210
19,103,283
19,104,215
19,105,210
19,106,200
19,107,208
19,108,214
19,109,210
19,110,202
19,111,209
19,112,206
19,113,193
19,114,209
19,115,197
19,116,206
19,117,196
19,118,205
19,119,222
19,120,202
19,121,190
19,122,206
19,123,180
19,124,221
19,125,176
19,126,200
19,127,187
19,128,193
19,129,161
19,130,189
19,131,162
19,132,170
19,133,156
19,134,137
19,135,161
19,136,115
19,137,142
19,138,136
19,139,157
19,140,133
19,141,139
19,142,124
19,143,1505
19,144,424
19,145,160
19,146,125
19,147,143
19,148,213
19,149,146
19,150,140
19,151,145
19,152,141
19,153,145
19,154,132
19,155,184
19,156,146
19,157,187
19,158,160
19,159,165
19,160,198
19,161,180
19,162,148
19,163,154
19,164,148
19,165,154
19,166,155
19,167,158
19,168,150
19,169,162
19,170,172
19,171,186
19,172,155
19,173,169
19,174,186
19,175,159
19,176,155
19,177,171
19,178,196
19,179,1845
19,180,164
19,181,191
19,182,165
19,183,209
19,184,176
19,185,198
19,186,148
19,187,173
19,188,193
19,189,188
19,190,149
19,191,209
19,192,164
19,193,186
19,194,150
19,195,184
19,196,159
19,197,212
19,198,190
19,199,183
19,200,169
19,201,201
19,202,178
19,203,198
19,204,162
19,205,206
19,206,172
19,207,212
19,208,172
19,209,219
19,210,1506
19,211,255
19,212,176
19,213,330
19,214,200
19,215,350
19,216,175
19,217,245
19,218,191
19,219,273
19,220,201
19,221,711
19,222,201
19,223,277
19,224,213
19,225,298
19,226,215
19,227,306
19,228,217
19,229,309
19,230,241
19,231,304
19,232,244
19,233,335
19,234,259
19,235,3466
19,236,279
19,237,361
19,238,352
19,239,382
19,240,327
19,241,396
19,242,354
19,243,423
19,244,367
19,245,619
19,246,451
19,247,459
19,248,413
19,249,495
19,250,431
19,251,505
19,252,468
19,253,511
19,254,539
19,255,498
19,256,418
20,1,281
20,2,322
20,3,299
20,4,326
20,5,300
20,6,326
20,7,330
20,8,556
20,9,321
20,10,363
20,11,320
20,12,348
20,13,386
20,14,362
20,15,340
20,16,366
20,17,321
20,18,355
20,19,318
20,20,352
20,21,309
20,22,363
20,23,2400
20,24,358
20,25,333
20,26,360
20,27,352
20,28,808
20,29,342
20,30,467
20,31,359
20,32,387
20,33,359
20,34,409
20,35,379
20,36,408
20,37,416
20,38,534
20,39,408
20,40,437
20,41,397
20,42,439
20,43,411
20,44,420
20,45,338
20,46,344
20,47,282
20,48,251
20,49,269
20,50,232
20,51,319
20,52,323
20,53,240
20,54,269
20,55,274
20,56,263
20,57,237
20,58,261
20,59,384
20,60,259
20,61,270
20,62,258
20,63,234
20,64,306
20,65,231
20,66,245
20,67,248
20,68,279
20,69,238
20,70,249
20,71,409
20,72,241
20,73,348
20,74,243
20,75,250
20,76,275
20,77,255
20,78,249
20,79,236
20,80,262
20,81,228
20,82,224
20,83,232
20,84,226
20,85,212
20,86,225
20,87,222
20,88,279
20,89,217
20,90,229
20,91,227
20,92,267
20,93,215
20,94,218
20,95,233
20,96,214
20,97,228
20,98,218
20,99,232
20,100,220
20,101,214
20,102,210
20,103,283
20,104,215
20,105,210
20,106,200
20,107,208
20,108,214
20,109,210
20,110,202
20,111,209
20,112,206
20,113,193
20,114,209
20,115,197
20,116,206
20,117,196
20,118,205
20,119,222
20,120,202
20,121,190
20,122,206
20,123,180
20,124,221
20,125,176
20,126,200
20,127,187
20,128,193
20,129,161
20,130,189
20,131,162
20,132,170
20,133,156
20,134,137
20,135,161
20,136,115
20,137,142
20,138,136
20,139,157
20,140,133
20,141,139
20,142,124
20,143,1505
20,144,424
20,145,160
20,146,125
20,147,143
20,148,213
20,149,146
20,150,140
20,151,145
20,152,141
20,153,145
20,154,132
20,155,184
20,156,146
20,157,187
20,158,160
20,159,165
20,160,198
20,161,180
20,162,148
20,163,154
20,164,148
20,165,154
20,166,155
20,167,158
20,168,150
20,169,162
20,170,172
20,171,186
20,172,155
20,173,169
20,174,186
20,175,159
20,176,155
20,177,171
20,178,196
20,179,1845
20,180,164
20,181,191
20,182,165
20,183,209
20,184,176
20,185,198
20,186,148
20,187,173
20,188,193
20,189,188
20,190,149
20,191,209
20,192,164
20,193,186
20,194,150
20,195,184
20,196,159
20,197,212
20,198,190
20,199,183
20,200,169
20,201,201
20,202,178
20,203,198
20,204,162
20,205,206
20,206,172
20,207,212
20,208,172
20,209,219
20,210,1506
20,211,255
20,212,176
20,213,330
20,214,200
20,215,350
20,216,175
20,217,245
20,218,191
20,219,273
20,220,201
20,221,711
20,222,201
20,223,277
20,224,213
20,225,298
20,226,215
20,227,306
20,228,217
20,229,309
20,230,241
20,231,304
20,232,244
20,233,335
20,234,259
20,235,3466
20,236,279
20,237,361
20,238,352
20,239,382
20,240,327
20,241,396
20,242,354
20,243,423
20,244,367
20,245,619
20,246,451
20,247,459
20,248,413
20,249,495
20,250,431
20,251,505
20,252,468
20,253,511
20,254,539
20,255,498
20,256,418
21,1,284
21,2,324
21,3,301
21,4,327
21,5,300
21,6,327
21,7,331
21,8,565
21,9,323
21,10,363
21,11,320
21,12,348
21,13,385
21,14,361
21,15,340
21,16,365
21,17,324
21,18,356
21,19,319
21,20,352
21,21,311
21,22,364
21,23,2406
21,24,360
21,25,334
21,26,359
21,27,353
21,28,808
21,29,340
21,30,448
21,31,362
21,32,389
21,33,359
21,34,409
21,35,379
21,36,409
21,37,416
21,38,537
21,39,408
21,40,437
21,41,397
21,42,442
21,43,413
21,44,420
21,45,339
21,46,344
21,47,283
21,48,251
21,49,270
21,50,232
21,51,320
21,52,328
21,53,241
21,54,271
21,55,274
21,56,264
21,57,238
21,58,261
21,59,385
21,60,261
21,61,270
21,62,258
21,63,234
21,64,311
21,65,233
21,66,247
21,67,248
21,68,278
21,69,239
21,70,248
21,71,413
21,72,240
21,73,350
21,74,246
21,75,251
21,76,275
21,77,256
21,78,248
21,79,237
21,80,263
21,81,229
21,82,223
21,83,233
21,84,227
21,85,213
21,86,227
21,87,222
21,88,280
21,89,218
21,90,231
21,91,229
21,92,268
21,93,215
21,94,220
21,95,232
21,96,214
21,97,230
21,98,218
21,99,231
21,100,221
21,101,215
21,102,211
21,103,283
21,104,216
21,105,210
21,106,200
21,107,210
21,108,214
21,109,212
21,110,204
21,111,210
21,112,206
21,113,195
21,114,209
21,115,198
21,116,206
21,117,196
21,118,206
21,119,223
21,120,203
21,121,190
21,122,208
21,123,180
21,124,221
21,125,177
21,126,200
21,127,188
21,128,192
21,129,162
21,130,190
21,131,163
21,132,169
21,133,156
21,134,138
21,135,161
21,136,117
21,137,141
21,138,137
21,139,158
21,140,134
21,141,138
21,142,124
21,143,1505
21,144,424
21,145,159
21,146,126
21,147,143
21,148,212
21,149,145
21,150,141
21,151,144
21,152,139
21,153,145
21,154,133
21,155,184
21,156,147
21,157,187
21,158,161
21,159,165
21,160,199
21,161,181
21,162,150
21,163,156
21,164,148
21,165,156
21,166,156
21,167,159
21,168,151
21,169,162
21,170,172
21,171,185
21,172,157
21,173,169
21,174,187
21,175,160
21,176,155
21,177,173
21,178,195
21,179,1842
21,180,164
21,181,190
21,182,165
21,183,210
21,184,176
21,185,200
21,186,148
21,187,174
21,188,192
21,189,189
21,190,149
21,191,209
21,192,164
21,193,185
21,194,151
21,195,186
21,196,159
21,197,214
21,198,191
21,199,185
21,200,168
21,201,201
21,202,177
21,203,199
21,204,164
21,205,206
21,206,174
21,207,213
21,208,173
21,209,220
21,210,1508
21,211,255
21,212,176
21,213,327
21,214,199
21,215,347
21,216,175
21,217,246
21,218,190
21,219,273
21,220,202
21,221,710
21,222,201
21,223,277
21,224,213
21,225,302
21,226,216
21,227,306
21,228,218
21,229,308
21,230,241
21,231,304
21,232,244
21,233,336
21,234,260
21,235,3451
21,236,280
21,237,361
21,238,354
21,239,383
21,240,328
21,241,397
21,242,354
21,243,423
21,244,367
21,245,623
21,246,457
21,247,461
21,248,413
21,249,498
21,250,431
21,251,507
21,252,467
21,253,513
21,254,533
21,255,501
21,256,418
22,1,284
22,2,324
22,3,301
22,4,327
22,5,300
22,6,327
22,7,331
22,8,565
22,9,323
22,10,363
22,11,320
22,12,348
22,13,385
22,14,361
22,15,340
22,16,365
22,17,324
22,18,356
22,19,319
22,20,352
22,21,311
22,22,364
22,23,2406
22,24,360
22,25,334
22,26,359
22,27,353
22,28,808
22,29,340
22,30,448
22,31,362
22,32,389
22,33,359
22,34,409
22,35,379
22,36,409
22,37,416
22,38,537
22,39,408
22,40,437
22,41,397
22,42,442
22,43,413
22,44,420
22,45,339
22,46,344
22,47,283
22,48,251
22,49,270
22,50,232
22,51,320
22,52,328
22,53,241
22,54,271
22,55,274
22,56,264
22,57,238
22,58,261
22,59,385
22,60,261
22,61,270
22,62,258
22,63,234
22,64,311
22,65,233
22,66,247
22,67,248
22,68,278
22,69,239
22,70,248
22,71,413
22,72,240
22,73,350
22,74,246
22,75,251
22,76,275
22,77,256
22,78,248
22,79,237
22,80,263
22,81,229
22,82,223
22,83,233
22,84,227
22,85,213
22,86,227
22,87,222
22,88,280
22,89,218
22,90,231
22,91,229
22,92,268
22,93,215
22,94,220
22,95,232
22,96,214
22,97,230
22,98,218
22,99,231
22,100,221
22,101,215
22,102,211
22,103,283
22,104,216
22,105,210
22,106,200
22,107,210
22,108,214
22,109,212
22,110,204
22,111,210
22,112,206
22,113,195
22,114,209
22,115,198
22,116,206
22,117,196
22,118,206
22,119,223
22,120,203
22,121,190
22,122,208
22,123,180
22,124,221
22,125,177
22,126,200
22,127,188
22,128,192
22,129,162
22,130,190
22,131,163
22,132,169
22,133,156
22,134,138
22,135,161
22,136,117
22,137,141
22,138,137
22,139,158
22,140,134
22,141,138
22,142,124
22,143,1505
22,144,424
22,145,159
22,146,126
22,147,143
22,148,212
22,149,145
22,150,141
22,151,144
22,152,139
22,153,145
22,154,133
22,155,184
22,156,147
22,157,187
22,158,161
22,159,165
22,160,199
22,161,181
22,162,150
22,163,156
22,164,148
22,165,156
22,166,156
22,167,159
22,168,151
22,169,162
22,170,172
22,171,185
22,172,157
22,173,169
22,174,187
22,175,160
22,176,155
22,177,173
22,178,195
22,179,1842
22,180,164
22,181,190
22,182,165
22,183,210
22,184,176
22,185,200
22,186,148
22,187,174
22,188,192
22,189,189
22,190,149
22,191,209
22,192,164
22,193,185
22,194,151
22,195,186
22,196,159
22,197,214
22,198,191
22,199,185
22,200,168
22,201,201
22,202,177
22,203,199
22,204,164
22,205,206
22,206,174
22,207,213
22,208,173
22,209,220
22,210,1508
22,211,255
22,212,176
22,213,327
22,214,199
22,215,347
22,216,175
22,217,246
22,218,190
22,219,273
22,220,202
22,221,710
22,222,201
22,223,277
22,224,213
22,225,302
22,226,216
22,227,306
22,228,218
22,229,308
22,230,241
22,231,304
22,232,244
22,233,336
22,234,260
22,235,3451
22,236,280
22,237,361
22,238,354
22,239,383
22,240,328
22,241,397
22,242,354
22,243,423
22,244,367
22,245,623
22,246,457
22,247,461
22,248,413
22,249,498
22,250,431
22,251,507
22,252,467
22,253,513
22,254,533
22,255,501
22,256,418
23,1,282
23,2,324
23,3,302
23,4,327
23,5,301
23,6,329
23,7,330
23,8,558
23,9,322
23,10,362
23,11,320
23,12,348
23,13,384
23,14,360
23,15,339
23,16,365
23,17,322
23,18,355
23,19,319
23,20,351
23,21,310
23,22,365
23,23,2399
23,24,359
23,25,331
23,26,360
23,27,354
23,28,808
23,29,340
23,30,465
23,31,361
23,32,389
23,33,360
23,34,409
23,35,380
23,36,409
23,37,416
23,38,538
23,39,407
23,40,437
23,41,397
23,42,442
23,43,413
23,44,420
23,45,338
23,46,345
23,47,283
23,48,251
23,49,270
23,50,232
23,51,320
23,52,327
23,53,241
23,54,271
23,55,274
23,56,264
23,57,238
23,58,260
23,59,384
23,60,261
23,61,271
23,62,258
23,63,232
23,64,308
23,65,232
23,66,246
23,67,248
23,68,279
23,69,236
23,70,249
23,71,412
23,72,239
23,73,347
23,74,243
23,75,249
23,76,276
23,77,256
23,78,248
23,79,236
23,80,262
23,81,228
23,82,224
23,83,232
23,84,227
23,85,212
23,86,226
23,87,223
23,88,281
23,89,217
23,90,231
23,91,229
23,92,270
23,93,217
23,94,218
23,95,233
23,96,214
23,97,230
23,98,214
23,99,231
23,100,221
23,101,215
23,102,213
23,103,285
23,104,216
23,105,209
23,106,201
23,107,211
23,108,214
23,109,211
23,110,203
23,111,209
23,112,209
23,113,194
23,114,210
23,115,198
23,116,206
23,117,197
23,118,205
23,119,222
23,120,202
23,121,190
23,122,207
23,123,180
23,124,222
23,125,176
23,126,199
23,127,187
23,128,194
23,129,162
23,130,188
23,131,163
23,132,170
23,133,156
23,134,138
23,135,161
23,136,117
23,137,142
23,138,138
23,139,157
23,140,133
23,141,138
23,142,123
23,143,1508
23,144,424
23,145,159
23,146,125
23,147,143
23,148,214
23,149,147
23,150,141
23,151,144
23,152,140
23,153,147
23,154,133
23,155,185
23,156,147
23,157,186
23,158,160
23,159,166
23,160,200
23,161,180
23,162,148
23,163,154
23,164,148
23,165,155
23,166,156
23,167,158
23,168,151
23,169,162
23,170,174
23,171,185
23,172,157
23,173,169
23,174,187
23,175,159
23,176,155
23,177,173
23,178,193
23,179,1841
23,180,164
23,181,193
23,182,165
23,183,208
23,184,176
23,185,199
23,186,148
23,187,174
23,188,194
23,189,188
23,190,151
23,191,209
23,192,164
23,193,186
23,194,151
23,195,185
23,196,160
23,197,212
23,198,191
23,199,182
23,200,168
23,201,201
23,202,178
23,203,199
23,204,163
23,205,206
23,206,174
23,207,212
23,208,173
23,209,220
23,210,1509
23,211,254
23,212,175
23,213,330
23,214,201
23,215,350
23,216,175
23,217,245
23,218,191
23,219,273
23,220,201
23,221,713
23,222,202
23,223,277
23,224,212
23,225,302
23,226,216
23,227,307
23,228,217
23,229,309
23,230,241
23,231,305
23,232,245
23,233,336
23,234,259
23,235,3456
23,236,280
23,237,362
23,238,356
23,239,383
23,240,327
23,241,395
23,242,353
23,243,425
23,244,367
23,245,618
23,246,457
23,247,460
23,248,413
23,249,499
23,250,433
23,251,507
23,252,468
23,253,512
23,254,538
23,255,497
23,256,417
24,1,282
24,2,324
24,3,302
24,4,327
24,5,301
24,6,329
24,7,330
24,8,558
24,9,322
24,10,362
24,11,320
24,12,348
24,13,384
24,14,360
24,15,339
24,16,365
24,17,322
24,18,355
24,19,319
24,20,351
24,21,310
24,22,365
24,23,2399
24,24,359
24,25,331
24,26,360
24,27,354
24,28,808
24,29,340
24,30,465
24,31,361
24,32,389
24,33,360
24,34,409
24,35,380
24,36,409
24,37,416
24,38,538
24,39,407
24,40,437
24,41,397
24,42,442
24,43,413
24,44,420
24,45,338
24,46,345
24,47,283
24,48,251
24,49,270
24,50,232
24,51,320
24,52,327
24,53,241
24,54,271
24,55,274
24,56,264
24,57,238
24,58,260
24,59,384
24,60,261
24,61,271
24,62,258
24,63,232
24,64,308
24,65,232
24,66,246
24,67,248
24,68,279
24,69,236
24,70,249
24,71,412
24,72,239
24,73,347
24,74,243
24,75,249
24,76,276
24,77,256
24,78,248
24,79,236
24,80,262
24,81,228
24,82,224
24,83,232
24,84,227
24,85,212
24,86,226
24,87,223
24,88,281
24,89,217
24,90,231
24,91,229
24,92,270
24,93,217
24,94,218
24,95,233
24,96,214
24,97,230
24,98,214
24,99,231
24,100,221
24,101,215
24,102,213
24,103,285
24,104,216
24,105,209
24,106,201
24,107,211
24,108,214
24,109,211
24,110,203
24,111,209
24,112,209
24,113,194
24,114,210
24,115,198
24,116,206
24,117,197
24,118,205
24,119,222
24,120,202
24,121,190
24,122,207
24,123,180
24,124,222
24,125,176
24,126,199
24,127,187
24,128,194
24,129,162
24,130,188
24,131,163
24,132,170
24,133,156
24,134,138
24,135,161
24,136,117
24,137,142
24,138,138
24,139,157
24,140,133
24,141,138
24,142,123
24,143,1508
24,144,424
24,145,159
24,146,125
24,147,143
24,148,214
24,149,147
24,150,141
24,151,144
24,152,140
24,153,147
24,154,133
24,155,185
24,156,147
24,157,186
24,158,160
24,159,166
24,160,200
24,161,180
24,162,148
24,163,154
24,164,148
24,165,155
24,166,156
24,167,158
24,168,151
24,169,162
24,170,174
24,171,185
24,172,157
24,173,169
24,174,187
24,175,159
24,176,155
24,177,173
24,178,193
24,179,1841
24,180,164
24,181,193
24,182,165
24,183,208
24,184,176
24,185,199
24,186,148
24,187,174
24,188,194
24,189,188
24,190,151
24,191,209
24,192,164
24,193,186
24,194,151
24,195,185
24,196,160
24,197,212
24,198,191
24,199,182
24,200,168
24,201,201
24,202,178
24,203,199
24,204,163
24,205,206
24,206,174
24,207,212
24,208,173
24,209,220
24,210,1509
24,211,254
24,212,175
24,213,330
24,214,201
24,215,350
24,216,175
24,217,245
24,218,191
24,219,273
24,220,201
24,221,713
24,222,202
24,223,277
24,224,212
24,225,302
24,226,216
24,227,307
24,228,217
24,229,309
24,230,241
24,231,305
24,232,245
24,233,336
24,234,259
24,235,3456
24,236,280
24,237,362
24,238,356
24,239,383
24,240,327
24,241,395
24,242,353
24,243,425
24,244,367
24,245,618
24,246,457
24,247,460
24,248,413
24,249,499
24,250,433
24,251,507
24,252,468
24,253,512
24,254,538
24,255,497
24,256,417
25,1,285
25,2,324
25,3,300
25,4,326
25,5,302
25,6,328
25,7,329
25,8,561
25,9,323
25,10,363
25,11,321
25,12,348
25,13,384
25,14,362
25,15,341
25,16,365
25,17,322
25,18,357
25,19,319
25,20,351
25,21,311
25,22,365
25,23,2401
25,24,358
25,25,335
25,26,360
25,27,353
25,28,810
25,29,341
25,30,452
25,31,360
25,32,390
25,33,360
25,34,410
25,35,378
25,36,410
25,37,417
25,38,537
25,39,408
25,40,438
25,41,397
25,42,442
25,43,413
25,44,420
25,45,340
25,46,345
25,47,284
25,48,252
25,49,270
25,50,232
25,51,317
25,52,324
25,53,242
25,54,270
25,55,275
25,56,266
25,57,239
25,58,260
25,59,386
25,60,262
25,61,272
25,62,257
25,63,234
25,64,309
25,65,234
25,66,246
25,67,250
25,68,278
25,69,238
25,70,250
25,71,414
25,72,242
25,73,346
25,74,244
25,75,251
25,76,276
25,77,256
25,78,247
25,79,237
25,80,261
25,81,229
25,82,223
25,83,232
25,84,227
25,85,213
25,86,227
25,87,223
25,88,282
25,89,217
25,90,231
25,91,229
25,92,268
25,93,217
25,94,219
25,95,233
25,96,214
25,97,229
25,98,217
25,99,231
25,100,220
25,101,215
25,102,212
25,103,284
25,104,214
25,105,211
25,106,200
25,107,210
25,108,215
25,109,209
25,110,203
25,111,210
25,112,206
25,113,195
25,114,210
25,115,198
25,116,206
25,117,196
25,118,207
25,119,222
25,120,202
25,121,189
25,122,209
25,123,180
25,124,222
25,125,177
25,126,200
25,127,188
25,128,193
25,129,162
25,130,189
25,131,162
25,132,172
25,133,156
25,134,138
25,135,161
25,136,117
25,137,142
25,138,137
25,139,157
25,140,133
25,141,139
25,142,124
25,143,1509
25,144,425
25,145,159
25,146,126
25,147,144
25,148,212
25,149,145
25,150,139
25,151,146
25,152,139
25,153,146
25,154,134
25,155,187
25,156,147
25,157,186
25,158,160
25,159,165
25,160,198
25,161,181
25,162,149
25,163,157
25,164,149
25,165,155
25,166,155
25,167,158
25,168,151
25,169,162
25,170,173
25,171,185
25,172,157
25,173,170
25,174,187
25,175,159
25,176,156
25,177,173
25,178,193
25,179,1843
25,180,164
25,181,197
25,182,165
25,183,212
25,184,177
25,185,200
25,186,148
25,187,174
25,188,192
25,189,188
25,190,150
25,191,209
25,192,164
25,193,186
25,194,151
25,195,186
25,196,159
25,197,213
25,198,189
25,199,184
25,200,169
25,201,201
25,202,178
25,203,199
25,204,164
25,205,207
25,206,173
25,207,212
25,208,173
25,209,219
25,210,1507
25,211,254
25,212,175
25,213,328
25,214,201
25,215,349
25,216,175
25,217,244
25,218,190
25,219,273
25,220,201
25,221,707
25,222,203
25,223,278
25,224,211
25,225,302
25,226,216
25,227,307
25,228,217
25,229,310
25,230,242
25,231,305
25,232,245
25,233,336
25,234,260
25,235,3442
25,236,280
25,237,363
25,238,353
25,239,383
25,240,327
25,241,397
25,242,354
25,243,423
25,244,365
25,245,619
25,246,454
25,247,461
25,248,413
25,249,494
25,250,433
25,251,507
25,252,468
25,253,513
25,254,533
25,255,498
25,256,419
26,1,285
26,2,324
26,3,300
26,4,326
26,5,302
26,6,328
26,7,329
26,8,561
26,9,323
26,10,363
26,11,321
26,12,348
26,13,384
26,14,362
26,15,341
26,16,365
26,17,322
26,18,357
26,19,319
26,20,351
26,21,311
26,22,365
26,23,2401
26,24,358
26,25,335
26,26,360
26,27,353
26,28,810
26,29,341
26,30,452
26,31,360
26,32,390
26,33,360
26,34,410
26,35,378
26,36,410
26,37,417
26,38,537
26,39,408
26,40,438
26,41,397
26,42,442
26,43,413
26,44,420
26,45,340
26,46,345
26,47,284
26,48,252
26,49,270
26,50,232
26,51,317
26,52,324
26,53,242
26,54,270
26,55,275
26,56,266
26,57,239
26,58,260
26,59,386
26,60,262
26,61,272
26,62,257
26,63,234
26,64,309
26,65,234
26,66,246
26,67,250
26,68,278
26,69,238
26,70,250
26,71,414
26,72,242
26,73,346
26,74,244
26,75,251
26,76,276
26,77,256
26,78,247
26,79,237
26,80,261
26,81,229
26,82,223
26,83,232
26,84,227
26,85,213
26,86,227
26,87,223
26,88,282
26,89,217
26,90,231
26,91,229
26,92,268
26,93,217
26,94,219
26,95,233
26,96,214
26,97,229
26,98,217
26,99,231
26,100,220
26,101,215
26,102,212
26,103,284
26,104,214
26,105,211
26,106,200
26,107,210
26,108,215
26,109,209
26,110,203
26,111,210
26,112,206
26,113,195
26,114,210
26,115,198
26,116,206
26,117,196
26,118,207
26,119,222
26,120,202
26,121,189
26,122,209
26,123,180
26,124,222
26,125,177
26,126,200
26,127,188
26,128,193
26,129,162
26,130,189
26,131,162
26,132,172
26,133,156
26,134,138
26,135,161
26,136,117
26,137,142
26,138,137
26,139,157
26,140,133
26,141,139
26,142,124
26,143,1509
26,144,425
26,145,159
26,146,126
26,147,144
26,148,212
26,149,145
26,150,139
26,151,146
26,152,139
26,153,146
26,154,134
26,155,187
26,156,147
26,157,186
26,158,160
26,159,165
26,160,198
26,161,181
26,162,149
26,163,157
26,164,149
26,165,155
26,166,155
26,167,158
26,168,151
26,169,162
26,170,173
26,171,185
26,172,157
26,173,170
26,174,187
26,175,159
26,176,156
26,177,173
26,178,193
26,179,1843
26,180,164
26,181,197
26,182,165
26,183,212
26,184,177
26,185,200
26,186,148
26,187,174
26,188,192
26,189,188
26,190,150
26,191,209
26,192,164
26,193,186
26,194,151
26,195,186
26,196,159
26,197,213
26,198,189
26,199,184
26,200,169
26,201,201
26,202,178
26,203,199
26,204,164
26,205,207
26,206,173
26,207,212
26,208,173
26,209,219
26,210,1507
26,211,254
26,212,175
26,213,328
26,214,201
26,215,349
26,216,175
26,217,244
26,218,190
26,219,273
26,220,201
26,221,707
26,222,203
26,223,278
26,224,211
26,225,302
26,226,216
26,227,307
26,228,217
26,229,310
26,230,242
26,231,305
26,232,245
26,233,336
26,234,260
26,235,3442
26,236,280
26,237,363
26,238,353
26,239,383
26,240,327
26,241,397
26,242,354
26,243,423
26,244,365
26,245,619
26,246,454
26,247,461
26,248,413
26,249,494
26,250,433
26,251,507
26,252,468
26,253,513
26,254,533
26,255,498
26,256,419
27,1,282
27,2,323
27,3,301
27,4,326
27,5,301
27,6,327
27,7,329
27,8,561
27,9,321
27,10,365
27,11,318
27,12,348
27,13,384
27,14,360
27,15,337
27,16,365
27,17,323
27,18,357
27,19,319
27,20,352
27,21,309
27,22,364
27,23,2396
27,24,360
27,25,332
27,26,358
27,27,353
27,28,807
27,29,340
27,30,466
27,31,360
27,32,390
27,33,359
27,34,410
27,35,380
27,36,410
27,37,415
27,38,538
27,39,409
27,40,436
27,41,397
27,42,442
27,43,412
27,44,419
27,45,339
27,46,343
27,47,284
27,48,252
27,49,271
27,50,231
27,51,319
27,52,325
27,53,242
27,54,270
27,55,275
27,56,265
27,57,237
27,58,261
27,59,384
27,60,260
27,61,269
27,62,258
27,63,234
27,64,307
27,65,233
27,66,246
27,67,250
27,68,278
27,69,236
27,70,249
27,71,411
27,72,241
27,73,341
27,74,244
27,75,250
27,76,277
27,77,256
27,78,248
27,79,236
27,80,263
27,81,229
27,82,223
27,83,233
27,84,226
27,85,213
27,86,227
27,87,222
27,88,280
27,89,217
27,90,232
27,91,228
27,92,269
27,93,217
27,94,218
27,95,233
27,96,214
27,97,232
27,98,218
27,99,232
27,100,220
27,101,215
27,102,211
27,103,278
27,104,215
27,105,210
27,106,200
27,107,210
27,108,213
27,109,210
27,110,202
27,111,209
27,112,207
27,113,195
27,114,210
27,115,198
27,116,206
27,117,197
27,118,205
27,119,223
27,120,202
27,121,191
27,122,209
27,123,181
27,124,222
27,125,177
27,126,199
27,127,188
27,128,192
27,129,161
27,130,189
27,131,163
27,132,171
27,133,156
27,134,138
27,135,161
27,136,117
27,137,142
27,138,136
27,139,158
27,140,134
27,141,139
27,142,124
27,143,1506
27,144,424
27,145,160
27,146,125
27,147,144
27,148,210
27,149,152
27,150,142
27,151,145
27,152,139
27,153,146
27,154,133
27,155,186
27,156,147
27,157,183
27,158,161
27,159,166
27,160,199
27,161,181
27,162,149
27,163,156
27,164,148
27,165,155
27,166,156
27,167,160
27,168,151
27,169,162
27,170,173
27,171,185
27,172,157
27,173,169
27,174,185
27,175,160
27,176,155
27,177,171
27,178,195
27,179,1845
27,180,164
27,181,194
27,182,166
27,183,209
27,184,175
27,185,199
27,186,149
27,187,174
27,188,192
27,189,188
27,190,150
27,191,209
27,192,164
27,193,186
27,194,152
27,195,185
27,196,160
27,197,212
27,198,188
27,199,184
27,200,169
27,201,202
27,202,179
27,203,198
27,204,164
27,205,207
27,206,174
27,207,212
27,208,193
27,209,221
27,210,1511
27,211,254
27,212,175
27,213,333
27,214,199
27,215,346
27,216,175
27,217,245
27,218,191
27,219,272
27,220,201
27,221,706
27,222,202
27,223,277
27,224,212
27,225,311
27,226,245
27,227,308
27,228,219
27,229,310
27,230,242
27,231,304
27,232,244
27,233,335
27,234,259
27,235,3465
27,236,279
27,237,363
27,238,353
27,239,384
27,240,326
27,241,395
27,242,353
27,243,423
27,244,368
27,245,620
27,246,455
27,247,462
27,248,413
27,249,496
27,250,431
27,251,507
27,252,467
27,253,510
27,254,539
27,255,499
27,256,418
28,1,282
28,2,323
28,3,301
28,4,326
28,5,301
28,6,327
28,7,329
28,8,561
28,9,321
28,10,365
28,11,318
28,12,348
28,13,384
28,14,360
28,15,337
28,16,365
28,17,323
28,18,357
28,19,319
28,20,352
28,21,309
28,22,364
28,23,2396
28,24,360
28,25,332
28,26,358
28,27,353
28,28,807
28,29,340
28,30,466
28,31,360
28,32,390
28,33,359
28,34,410
28,35,380
28,36,410
28,37,415
28,38,538
28,39,409
28,40,436
28,41,397
28,42,442
28,43,412
28,44,419
28,45,339
28,46,343
28,47,284
28,48,252
28,49,271
28,50,231
28,51,319
28,52,325
28,53,242
28,54,270
28,55,275
28,56,265
28,57,237
28,58,261
28,59,384
28,60,260
28,61,269
28,62,258
28,63,234
28,64,307
28,65,233
28,66,246
28,67,250
28,68,278
28,69,236
28,70,249
28,71,411
28,72,241
28,73,341
28,74,244
28,75,250
28,76,277
28,77,256
28,78,248
28,79,236
28,80,263
28,81,229
28,82,223
28,83,233
28,84,226
28,85,213
28,86,227
28,87,222
28,88,280
28,89,217
28,90,232
28,91,228
28,92,269
28,93,217
28,94,218
28,95,233
28,96,214
28,97,232
28,98,218
28,99,232
28,100,220
28,101,215
28,102,211
28,103,278
28,104,215
28,105,210
28,106,200
28,107,210
28,108,213
28,109,210
28,110,202
28,111,209
28,112,207
28,113,195
28,114,210
28,115,198
28,116,206
28,117,197
28,118,205
28,119,223
28,120,202
28,121,191
28,122,209
28,123,181
28,124,222
28,125,177
28,126,199
28,127,188
28,128,192
28,129,161
28,130,189
28,131,163
28,132,171
28,133,156
28,134,138
28,135,161
28,136,117
28,137,142
28,138,136
28,139,158
28,140,134
28,141,139
28,142,124
28,143,1506
28,144,424
28,145,160
28,146,125
28,147,144
28,148,210
28,149,152
28,150,142
28,151,145
28,152,139
28,153,146
28,154,133
28,155,186
28,156,147
28,157,183
28,158,161
28,159,166
28,160,199
28,161,181
28,162,149
28,163,156
28,164,148
28,165,155
28,166,156
28,167,160
28,168,151
28,169,162
28,170,173
28,171,185
28,172,157
28,173,169
28,174,185
28,175,160
28,176,155
28,177,171
28,178,195
28,179,1845
28,180,164
28,181,194
28,182,166
28,183,209
28,184,175
28,185,199
28,186,149
28,187,174
28,188,192
28,189,188
28,190,150
28,191,209
28,192,164
28,193,186
28,194,152
28,195,185
28,196,160
28,197,212
28,198,188
28,199,184
28,200,169
28,201,202
28,202,179
28,203,198
28,204,164
28,205,207
28,206,174
28,207,212
28,208,193
28,209,221
28,210,1511
28,211,254
28,212,175
28,213,333
28,214,199
28,215,346
28,216,175
28,217,245
28,218,191
28,219,272
28,220,201
28,221,706
28,222,202
28,223,277
28,224,212
28,225,311
28,226,245
28,227,308
28,228,219
28,229,310
28,230,242
28,231,304
28,232,244
28,233,335
28,234,259
28,235,3465
28,236,279
28,237,363
28,238,353
28,239,384
28,240,326
28,241,395
28,242,353
28,243,423
28,244,368
28,245,620
28,246,455
28,247,462
28,248,413
28,249,496
28,250,431
28,251,507
28,252,467
28,253,510
28,254,539
28,255,499
28,256,418
29,1,283
29,2,323
29,3,299
29,4,326
29,5,303
29,6,327
29,7,331
29,8,564
29,9,321
29,10,362
29,11,320
29,12,347
29,13,385
29,14,361
29,15,340
29,16,364
29,17,321
29,18,357
29,19,319
29,20,352
29,21,310
29,22,362
29,23,2401
29,24,359
29,25,334
29,26,360
29,27,354
29,28,809
29,29,340
29,30,466
29,31,359
29,32,388
29,33,359
29,34,408
29,35,379
29,36,410
29,37,416
29,38,537
29,39,410
29,40,436
29,41,398
29,42,441
29,43,413
29,44,421
29,45,339
29,46,344
29,47,283
29,48,251
29,49,269
29,50,231
29,51,319
29,52,325
29,53,239
29,54,270
29,55,274
29,56,265
29,57,239
29,58,259
29,59,384
29,60,260
29,61,271
29,62,258
29,63,233
29,64,306
29,65,233
29,66,244
29,67,247
29,68,279
29,69,237
29,70,249
29,71,412
29,72,240
29,73,346
29,74,245
29,75,250
29,76,274
29,77,256
29,78,246
29,79,237
29,80,260
29,81,230
29,82,222
29,83,233
29,84,226
29,85,213
29,86,226
29,87,223
29,88,279
29,89,218
29,90,231
29,91,229
29,92,270
29,93,217
29,94,218
29,95,232
29,96,214
29,97,229
29,98,215
29,99,231
29,100,220
29,101,216
29,102,211
29,103,282
29,104,214
29,105,210
29,106,198
29,107,209
29,108,213
29,109,211
29,110,202
29,111,209
29,112,207
29,113,195
29,114,209
29,115,197
29,116,205
29,117,195
29,118,204
29,119,222
29,120,201
29,121,190
29,122,207
29,123,179
29,124,221
29,125,177
29,126,199
29,127,187
29,128,192
29,129,163
29,130,189
29,131,162
29,132,170
29,133,157
29,134,137
29,135,161
29,136,116
29,137,142
29,138,136
29,139,158
29,140,134
29,141,139
29,142,124
29,143,1511
29,144,423
29,145,159
29,146,125
29,147,144
29,148,211
29,149,146
29,150,139
29,151,144
29,152,139
29,153,146
29,154,133
29,155,186
29,156,146
29,157,185
29,158,159
29,159,166
29,160,199
29,161,180
29,162,148
29,163,155
29,164,148
29,165,155
29,166,155
29,167,158
29,168,151
29,169,163
29,170,172
29,171,185
29,172,155
29,173,169
29,174,186
29,175,159
29,176,155
29,177,172
29,178,191
29,179,1846
29,180,164
29,181,196
29,182,165
29,183,210
29,184,175
29,185,199
29,186,148
29,187,174
29,188,191
29,189,189
29,190,150
29,191,208
29,192,164
29,193,186
29,194,150
29,195,186
29,196,158
29,197,214
29,198,189
29,199,184
29,200,168
29,201,202
29,202,178
29,203,199
29,204,164
29,205,205
29,206,173
29,207,212
29,208,173
29,209,220
29,210,1508
29,211,252
29,212,174
29,213,330
29,214,199
29,215,345
29,216,174
29,217,245
29,218,189
29,219,273
29,220,201
29,221,714
29,222,202
29,223,286
29,224,223
29,225,306
29,226,216
29,227,306
29,228,218
29,229,309
29,230,241
29,231,304
29,232,244
29,233,335
29,234,259
29,235,3452
29,236,278
29,237,363
29,238,353
29,239,382
29,240,326
29,241,396
29,242,353
29,243,423
29,244,366
29,245,623
29,246,459
29,247,462
29,248,411
29,249,499
29,250,433
29,251,508
29,252,469
29,253,512
29,254,541
29,255,498
29,256,418
30,1,283
30,2,323
30,3,299
30,4,326
30,5,303
30,6,327
30,7,331
30,8,564
30,9,321
30,10,362
30,11,320
30,12,347
30,13,385
30,14,361
30,15,340
30,16,364
30,17,321
30,18,357
30,19,319
30,20,352
30,21,310
30,22,362
30,23,2401
30,24,359
30,25,334
30,26,360
30,27,354
30,28,809
30,29,340
30,30,466
30,31,359
30,32,388
30,33,359
30,34,408
30,35,379
30,36,410
30,37,416
30,38,537
30,39,410
30,40,436
30,41,398
30,42,441
30,43,413
30,44,421
30,45,339
30,46,344
30,47,283
30,48,251
30,49,269
30,50,231
30,51,319
30,52,325
30,53,239
30,54,270
30,55,274
30,56,265
30,57,239
30,58,259
30,59,384
30,60,260
30,61,271
30,62,258
30,63,233
30,64,306
30,65,233
30,66,244
30,67,247
30,68,279
30,69,237
30,70,249
30,71,412
30,72,240
30,73,346
30,74,245
30,75,250
30,76,274
30,77,256
30,78,246
30,79,237
30,80,260
30,81,230
30,82,222
30,83,233
30,84,226
30,85,213
30,86,226
30,87,223
30,88,279
30,89,218
30,90,231
30,91,229
30,92,270
30,93,217
30,94,218
30,95,232
30,96,214
30,97,229
30,98,215
30,99,231
30,100,220
30,101,216
30,102,211
30,103,282
30,104,214
30,105,210
30,106,198
30,107,209
30,108,213
30,109,211
30,110,202
30,111,209
30,112,207
30,113,195
30,114,209
30,115,197
30,116,205
30,117,195
30,118,204
30,119,222
30,120,201
30,121,190
30,122,207
30,123,179
30,124,221
30,125,177
30,126,199
30,127,187
30,128,192
30,129,163
30,130,189
30,131,162
30,132,170
30,133,157
30,134,137
30,135,161
30,136,116
30,137,142
30,138,136
30,139,158
30,140,134
30,141,139
30,142,124
30,143,1511
30,144,423
30,145,159
30,146,125
30,147,144
30,148,211
30,149,146
30,150,139
30,151,144
30,152,139
30,153,146
30,154,133
30,155,186
30,156,146
30,157,185
30,158,159
30,159,166
30,160,199
30,161,180
30,162,148
30,163,155
30,164,148
30,165,155
30,166,155
30,167,158
30,168,151
30,169,163
30,170,172
30,171,185
30,172,155
30,173,169
30,174,186
30,175,159
30,176,155
30,177,172
30,178,191
30,179,1846
30,180,164
30,181,196
30,182,165
30,183,210
30,184,175
30,185,199
30,186,148
30,187,174
30,188,191
30,189,189
30,190,150
30,191,208
30,192,164
30,193,186
30,194,150
30,195,186
30,196,158
30,197,214
30,198,189
30,199,184
30,200,168
30,201,202
30,202,178
30,203,199
30,204,164
30,205,205
30,206,173
30,207,212
30,208,173
30,209,220
30,210,1508
30,211,252
30,212,174
30,213,330
30,214,199
30,215,345
30,216,174
30,217,245
30,218,189
30,219,273
30,220,201
30,221,714
30,222,202
30,223,286
30,224,223
30,225,306
30,226,216
30,227,306
30,228,218
30,229,309
30,230,241
30,231,304
30,232,244
30,233,335
30,234,259
30,235,3452
30,236,278
30,237,363
30,238,353
30,239,382
30,240,326
30,241,396
30,242,353
30,243,423
30,244,366
30,245,623
30,246,459
30,247,462
30,248,411
30,249,499
30,250,433
30,251,508
30,252,469
30,253,512
30,254,541
30,255,498
30,256,418
31,1,282
31,2,323
31,3,299
31,4,327
31,5,301
31,6,328
31,7,329
31,8,561
31,9,322
31,10,362
31,11,319
31,12,348
31,13,382
31,14,362
31,15,338
31,16,363
31,17,322
31,18,356
31,19,319
31,20,351
31,21,311
31,22,364
31,23,2400
31,24,359
31,25,331
31,26,359
31,27,353
31,28,807
31,29,340
31,30,459
31,31,361
31,32,388
31,33,360
31,34,410
31,35,378
31,36,410
31,37,417
31,38,536
31,39,407
31,40,437
31,41,399
31,42,442
31,43,414
31,44,421
31,45,338
31,46,344
31,47,283
31,48,252
31,49,266
31,50,231
31,51,318
31,52,327
31,53,241
31,54,270
31,55,276
31,56,264
31,57,238
31,58,261
31,59,385
31,60,261
31,61,271
31,62,259
31,63,232
31,64,307
31,65,233
31,66,247
31,67,254
31,68,278
31,69,236
31,70,250
31,71,413
31,72,240
31,73,344
31,74,244
31,75,251
31,76,277
31,77,256
31,78,248
31,79,236
31,80,262
31,81,229
31,82,223
31,83,232
31,84,227
31,85,212
31,86,226
31,87,222
31,88,282
31,89,217
31,90,231
31,91,230
31,92,266
31,93,217
31,94,219
31,95,231
31,96,215
31,97,231
31,98,220
31,99,231
31,100,221
31,101,215
31,102,212
31,103,281
31,104,214
31,105,210
31,106,200
31,107,209
31,108,214
31,109,211
31,110,203
31,111,209
31,112,207
31,113,193
31,114,209
31,115,199
31,116,206
31,117,196
31,118,205
31,119,225
31,120,203
31,121,189
31,122,208
31,123,179
31,124,222
31,125,177
31,126,200
31,127,187
31,128,193
31,129,163
31,130,189
31,131,163
31,132,171
31,133,156
31,134,138
31,135,161
31,136,117
31,137,142
31,138,137
31,139,157
31,140,133
31,141,139
31,142,123
31,143,1507
31,144,423
31,145,158
31,146,126
31,147,144
31,148,211
31,149,146
31,150,140
31,151,146
31,152,139
31,153,146
31,154,133
31,155,187
31,156,147
31,157,187
31,158,161
31,159,164
31,160,199
31,161,180
31,162,148
31,163,155
31,164,147
31,165,155
31,166,155
31,167,158
31,168,150
31,169,163
31,170,172
31,171,186
31,172,156
31,173,170
31,174,190
31,175,160
31,176,155
31,177,173
31,178,196
31,179,1842
31,180,165
31,181,195
31,182,167
31,183,210
31,184,176
31,185,200
31,186,149
31,187,173
31,188,193
31,189,188
31,190,149
31,191,208
31,192,164
31,193,186
31,194,150
31,195,188
31,196,159
31,197,213
31,198,191
31,199,183
31,200,168
31,201,201
31,202,177
31,203,199
31,204,165
31,205,208
31,206,173
31,207,212
31,208,174
31,209,220
31,210,1507
31,211,254
31,212,176
31,213,336
31,214,202
31,215,347
31,216,175
31,217,245
31,218,192
31,219,273
31,220,201
31,221,713
31,222,203
31,223,278
31,224,214
31,225,304
31,226,215
31,227,305
31,228,218
31,229,308
31,230,241
31,231,304
31,232,246
31,233,335
31,234,259
31,235,3450
31,236,280
31,237,362
31,238,353
31,239,382
31,240,326
31,241,396
31,242,356
31,243,423
31,244,368
31,245,619
31,246,449
31,247,462
31,248,412
31,249,493
31,250,433
31,251,508
31,252,467
31,253,512
31,254,541
31,255,499
31,256,418
32,1,282
32,2,323
32,3,299
32,4,327
32,5,301
32,6,328
32,7,329
32,8,561
32,9,322
32,10,362
32,11,319
32,12,348
32,13,382
32,14,362
32,15,338
32,16,363
32,17,322
32,18,356
32,19,319
32,20,351
32,21,311
32,22,364
32,23,2400
32,24,359
32,25,331
32,26,359
32,27,353
32,28,807
32,29,340
32,30,459
32,31,361
32,32,388
32,33,360
32,34,410
32,35,378
32,36,410
32,37,417
32,38,536
32,39,407
32,40,437
32,41,399
32,42,442
32,43,414
32,44,421
32,45,338
32,46,344
32,47,283
32,48,252
32,49,266
32,50,231
32,51,318
32,52,327
32,53,241
32,54,270
32,55,276
32,56,264
32,57,238
32,58,261
32,59,385
32,60,261
32,61,271
32,62,259
32,63,232
32,64,307
32,65,233
32,66,247
32,67,254
32,68,278
32,69,236
32,70,250
32,71,413
32,72,240
32,73,344
32,74,244
32,75,251
32,76,277
32,77,256
32,78,248
32,79,236
32,80,262
32,81,229
32,82,223
32,83,232
32,84,227
32,85,212
32,86,226
32,87,222
32,88,282
32,89,217
32,90,231
32,91,230
32,92,266
32,93,217
32,94,219
32,95,231
32,96,215
32,97,231
32,98,220
32,99,231
32,100,221
32,101,215
32,102,212
32,103,281
32,104,214
32,105,210
32,106,200
32,107,209
32,108,214
32,109,211
32,110,203
32,111,209
32,112,207
32,113,193
32,114,209
32,115,199
32,116,206
32,117,196
32,118,205
32,119,225
32,120,203
32,121,189
32,122,208
32,123,179
32,124,222
32,125,177
32,126,200
32,127,187
32,128,193
32,129,163
32,130,189
32,131,163
32,132,171
32,133,156
32,134,138
32,135,161
32,136,117
32,137,142
32,138,137
32,139,157
32,140,133
32,141,139
32,142,123
32,143,1507
32,144,423
32,145,158
32,146,126
32,147,144
32,148,211
32,149,146
32,150,140
32,151,146
32,152,139
32,153,146
32,154,133
32,155,187
32,156,147
32,157,187
32,158,161
32,159,164
32,160,199
32,161,180
32,162,148
32,163,155
32,164,147
32,165,155
32,166,155
32,167,158
32,168,150
32,169,163
32,170,172
32,171,186
32,172,156
32,173,170
32,174,190
32,175,160
32,176,155
32,177,173
32,178,196
32,179,1842
32,180,165
32,181,195
32,182,167
32,183,210
32,184,176
32,185,200
32,186,149
32,187,173
32,188,193
32,189,188
32,190,149
32,191,208
32,192,164
32,193,186
32,194,150
32,195,188
32,196,159
32,197,213
32,198,191
32,199,183
32,200,168
32,201,201
32,202,177
32,203,199
32,204,165
32,205,208
32,206,173
32,207,212
32,208,174
32,209,220
32,210,1507
32,211,254
32,212,176
32,213,336
32,214,202
32,215,347
32,216,175
32,217,245
32,218,192
32,219,273
32,220,201
32,221,713
32,222,203
32,223,278
32,224,214
32,225,304
32,226,215
32,227,305
32,228,218
32,229,308
32,230,241
32,231,304
32,232,246
32,233,335
32,234,259
32,235,3450
32,236,280
32,237,362
32,238,353
32,239,382
32,240,326
32,241,396
32,242,356
32,243,423
32,244,368
32,245,619
32,246,449
32,247,462
32,248,412
32,249,493
32,250,433
32,251,508
32,252,467
32,253,512
32,254,541
32,255,499
32,256,418
