Line,Band,Value
1,1,284
1,2,324
1,3,299
1,4,330
1,5,302
1,6,346
1,7,335
1,8,566
1,9,325
1,10,365
1,11,322
1,12,351
1,13,387
1,14,362
1,15,343
1,16,367
1,17,326
1,18,358
1,19,322
1,20,354
1,21,314
1,22,370
1,23,2409
1,24,361
1,25,337
1,26,363
1,27,357
1,28,815
1,29,347
1,30,463
1,31,372
1,32,402
1,33,373
1,34,424
1,35,398
1,36,428
1,37,437
1,38,560
1,39,433
1,40,462
1,41,423
1,42,468
1,43,445
1,44,447
1,45,364
1,46,370
1,47,311
1,48,261
1,49,282
1,50,240
1,51,327
1,52,352
1,53,259
1,54,287
1,55,291
1,56,282
1,57,253
1,58,277
1,59,399
1,60,275
1,61,284
1,62,270
1,63,246
1,64,320
1,65,246
1,66,258
1,67,261
1,68,292
1,69,249
1,70,259
1,71,423
1,72,251
1,73,357
1,74,254
1,75,260
1,76,285
1,77,266
1,78,256
1,79,246
1,80,271
1,81,239
1,82,233
1,83,242
1,84,235
1,85,223
1,86,234
1,87,232
1,88,288
1,89,226
1,90,239
1,91,236
1,92,271
1,93,226
1,94,226
1,95,241
1,96,221
1,97,238
1,98,222
1,99,239
1,100,227
1,101,223
1,102,218
1,103,286
1,104,222
1,105,217
1,106,206
1,107,215
1,108,219
1,109,215
1,110,208
1,111,213
1,112,213
1,113,200
1,114,216
1,115,203
1,116,211
1,117,201
1,118,210
1,119,228
1,120,207
1,121,195
1,122,212
1,123,185
1,124,225
1,125,182
1,126,202
1,127,191
1,128,196
1,129,167
1,130,195
1,131,167
1,132,175
1,133,160
1,134,141
1,135,164
1,136,117
1,137,143
1,138,138
1,139,159
1,140,135
1,141,140
1,142,125
1,143,1519
1,144,427
1,145,160
1,146,126
1,147,145
1,148,213
1,149,148
1,150,143
1,151,147
1,152,141
1,153,147
1,154,132
1,155,188
1,156,148
1,157,187
1,158,161
1,159,166
1,160,192
1,161,183
1,162,150
1,163,156
1,164,149
1,165,156
1,166,156
1,167,159
1,168,151
1,169,164
1,170,173
1,171,187
1,172,157
1,173,169
1,174,194
1,175,161
1,176,155
1,177,173
1,178,193
1,179,1843
1,180,165
1,181,191
1,182,165
1,183,211
1,184,175
1,185,199
1,186,149
1,187,173
1,188,192
1,189,188
1,190,150
1,191,209
1,192,165
1,193,186
1,194,151
1,195,186
1,196,159
1,197,215
1,198,202
1,199,184
1,200,168
1,201,201
1,202,176
1,203,199
1,204,164
1,205,207
1,206,173
1,207,211
1,208,173
1,209,220
1,210,1505
1,211,254
1,212,176
1,213,333
1,214,200
1,215,353
1,216,175
1,217,246
1,218,191
1,219,273
1,220,202
1,221,703
1,222,201
1,223,277
1,224,211
1,225,296
1,226,216
1,227,306
1,228,220
1,229,310
1,230,241
1,231,305
1,232,245
1,233,338
1,234,261
1,235,3470
1,236,280
1,237,363
1,238,356
1,239,382
1,240,327
1,241,397
1,242,355
1,243,424
1,244,368
1,245,626
1,246,456
1,247,463
1,248,415
1,249,496
1,250,434
1,251,508
1,252,469
1,253,514
1,254,541
1,255,501
1,256,420
2,1,284
2,2,324
2,3,299
2,4,330
2,5,302
2,6,346
2,7,335
2,8,566
2,9,325
2,10,365
2,11,322
2,12,351
2,13,387
2,14,362
2,15,343
2,16,367
2,17,326
2,18,358
2,19,322
2,20,354
2,21,314
2,22,370
2,23,2409
2,24,361
2,25,337
2,26,363
2,27,357
2,28,815
2,29,347
2,30,463
2,31,372
2,32,402
2,33,373
2,34,424
2,35,398
2,36,428
2,37,437
2,38,560
2,39,433
2,40,462
2,41,423
2,42,468
2,43,445
2,44,447
2,45,364
2,46,370
2,47,311
2,48,261
2,49,282
2,50,240
2,51,327
2,52,352
2,53,259
2,54,287
2,55,291
2,56,282
2,57,253
2,58,277
2,59,399
2,60,275
2,61,284
2,62,270
2,63,246
2,64,320
2,65,246
2,66,258
2,67,261
2,68,292
2,69,249
2,70,259
2,71,423
2,72,251
2,73,357
2,74,254
2,75,260
2,76,285
2,77,266
2,78,256
2,79,246
2,80,271
2,81,239
2,82,233
2,83,242
2,84,235
2,85,223
2,86,234
2,87,232
2,88,288
2,89,226
2,90,239
2,91,236
2,92,271
2,93,226
2,94,226
2,95,241
2,96,221
2,97,238
2,98,222
2,99,239
2,100,227
2,101,223
2,102,218
2,103,286
2,104,222
2,105,217
2,106,206
2,107,215
2,108,219
2,109,215
2,110,208
2,111,213
2,112,213
2,113,200
2,114,216
2,115,203
2,116,211
2,117,201
2,118,210
2,119,228
2,120,207
2,121,195
2,122,212
2,123,185
2,124,225
2,125,182
2,126,202
2,127,191
2,128,196
2,129,167
2,130,195
2,131,167
2,132,175
2,133,160
2,134,141
2,135,164
2,136,117
2,137,143
2,138,138
2,139,159
2,140,135
2,141,140
2,142,125
2,143,1519
2,144,427
2,145,160
2,146,126
2,147,145
2,148,213
2,149,148
2,150,143
2,151,147
2,152,141
2,153,147
2,154,132
2,155,188
2,156,148
2,157,187
2,158,161
2,159,166
2,160,192
2,161,183
2,162,150
2,163,156
2,164,149
2,165,156
2,166,156
2,167,159
2,168,151
2,169,164
2,170,173
2,171,187
2,172,157
2,173,169
2,174,194
2,175,161
2,176,155
2,177,173
2,178,193
2,179,1843
2,180,165
2,181,191
2,182,165
2,183,211
2,184,175
2,185,199
2,186,149
2,187,173
2,188,192
2,189,188
2,190,150
2,191,209
2,192,165
2,193,186
2,194,151
2,195,186
2,196,159
2,197,215
2,198,202
2,199,184
2,200,168
2,201,201
2,202,176
2,203,199
2,204,164
2,205,207
2,206,173
2,207,211
2,208,173
2,209,220
2,210,1505
2,211,254
2,212,176
2,213,333
2,214,200
2,215,353
2,216,175
2,217,246
2,218,191
2,219,273
2,220,202
2,221,703
2,222,201
2,223,277
2,224,211
2,225,296
2,226,216
2,227,306
2,228,220
2,229,310
2,230,241
2,231,305
2,232,245
2,233,338
2,234,261
2,235,3470
2,236,280
2,237,363
2,238,356
2,239,382
2,240,327
2,241,397
2,242,355
2,243,424
2,244,368
2,245,626
2,246,456
2,247,463
2,248,415
2,249,496
2,250,434
2,251,508
2,252,469
2,253,514
2,254,541
2,255,501
2,256,420
3,1,285
3,2,325
3,3,300
3,4,328
3,5,302
3,6,328
3,7,333
3,8,561
3,9,324
3,10,365
3,11,323
3,12,351
3,13,387
3,14,363
3,15,344
3,16,368
3,17,326
3,18,358
3,19,322
3,20,354
3,21,313
3,22,367
3,23,2402
3,24,363
3,25,337
3,26,363
3,27,355
3,28,816
3,29,348
3,30,462
3,31,372
3,32,403
3,33,376
3,34,425
3,35,398
3,36,430
3,37,436
3,38,556
3,39,433
3,40,462
3,41,425
3,42,469
3,43,446
3,44,447
3,45,365
3,46,369
3,47,310
3,48,262
3,49,276
3,50,238
3,51,326
3,52,348
3,53,258
3,54,288
3,55,290
3,56,281
3,57,261
3,58,277
3,59,399
3,60,275
3,61,284
3,62,273
3,63,246
3,64,320
3,65,246
3,66,260
3,67,262
3,68,290
3,69,248
3,70,260
3,71,422
3,72,251
3,73,359
3,74,255
3,75,261
3,76,285
3,77,267
3,78,257
3,79,246
3,80,271
3,81,240
3,82,233
3,83,241
3,84,236
3,85,222
3,86,234
3,87,231
3,88,289
3,89,227
3,90,239
3,91,238
3,92,276
3,93,225
3,94,226
3,95,240
3,96,222
3,97,238
3,98,225
3,99,239
3,100,228
3,101,222
3,102,219
3,103,288
3,104,221
3,105,217
3,106,205
3,107,215
3,108,221
3,109,216
3,110,210
3,111,216
3,112,214
3,113,200
3,114,216
3,115,203
3,116,211
3,117,201
3,118,211
3,119,227
3,120,209
3,121,194
3,122,212
3,123,185
3,124,226
3,125,181
3,126,203
3,127,192
3,128,198
3,129,168
3,130,194
3,131,166
3,132,175
3,133,160
3,134,142
3,135,163
3,136,119
3,137,145
3,138,139
3,139,159
3,140,135
3,141,139
3,142,126
3,143,1518
3,144,427
3,145,161
3,146,126
3,147,146
3,148,213
3,149,148
3,150,142
3,151,145
3,152,141
3,153,148
3,154,133
3,155,188
3,156,147
3,157,187
3,158,162
3,159,165
3,160,197
3,161,184
3,162,150
3,163,155
3,164,150
3,165,156
3,166,155
3,167,159
3,168,151
3,169,164
3,170,173
3,171,187
3,172,157
3,173,171
3,174,189
3,175,161
3,176,156
3,177,174
3,178,195
3,179,1848
3,180,165
3,181,193
3,182,166
3,183,215
3,184,176
3,185,201
3,186,149
3,187,174
3,188,192
3,189,187
3,190,151
3,191,210
3,192,165
3,193,186
3,194,152
3,195,186
3,196,159
3,197,213
3,198,191
3,199,184
3,200,170
3,201,201
3,202,177
3,203,199
3,204,165
3,205,207
3,206,174
3,207,213
3,208,173
3,209,221
3,210,1508
3,211,256
3,212,176
3,213,333
3,214,201
3,215,355
3,216,175
3,217,245
3,218,192
3,219,273
3,220,201
3,221,713
3,222,202
3,223,279
3,224,213
3,225,297
3,226,216
3,227,305
3,228,218
3,229,310
3,230,242
3,231,305
3,232,247
3,233,338
3,234,262
3,235,3440
3,236,282
3,237,364
3,238,356
3,239,385
3,240,327
3,241,397
3,242,357
3,243,424
3,244,370
3,245,626
3,246,446
3,247,462
3,248,414
3,249,498
3,250,434
3,251,509
3,252,471
3,253,515
3,254,537
3,255,502
3,256,421
4,1,285
4,2,325
4,3,300
4,4,328
4,5,302
4,6,328
4,7,333
4,8,561
4,9,324
4,10,365
4,11,323
4,12,351
4,13,387
4,14,363
4,15,344
4,16,368
4,17,326
4,18,358
4,19,322
4,20,354
4,21,313
4,22,367
4,23,2402
4,24,363
4,25,337
4,26,363
4,27,355
4,28,816
4,29,348
4,30,462
4,31,372
4,32,403
4,33,376
4,34,425
4,35,398
4,36,430
4,37,436
4,38,556
4,39,433
4,40,462
4,41,425
4,42,469
4,43,446
4,44,447
4,45,365
4,46,369
4,47,310
4,48,262
4,49,276
4,50,238
4,51,326
4,52,348
4,53,258
4,54,288
4,55,290
4,56,281
4,57,261
4,58,277
4,59,399
4,60,275
4,61,284
4,62,273
4,63,246
4,64,320
4,65,246
4,66,260
4,67,262
4,68,290
4,69,248
4,70,260
4,71,422
4,72,251
4,73,359
4,74,255
4,75,261
4,76,285
4,77,267
4,78,257
4,79,246
4,80,271
4,81,240
4,82,233
4,83,241
4,84,236
4,85,222
4,86,234
4,87,231
4,88,289
4,89,227
4,90,239
4,91,238
4,92,276
4,93,225
4,94,226
4,95,240
4,96,222
4,97,238
4,98,225
4,99,239
4,100,228
4,101,222
4,102,219
4,103,288
4,104,221
4,105,217
4,106,205
4,107,215
4,108,221
4,109,216
4,110,210
4,111,216
4,112,214
4,113,200
4,114,216
4,115,203
4,116,211
4,117,201
4,118,211
4,119,227
4,120,209
4,121,194
4,122,212
4,123,185
4,124,226
4,125,181
4,126,203
4,127,192
4,128,198
4,129,168
4,130,194
4,131,166
4,132,175
4,133,160
4,134,142
4,135,163
4,136,119
4,137,145
4,138,139
4,139,159
4,140,135
4,141,139
4,142,126
4,143,1518
4,144,427
4,145,161
4,146,126
4,147,146
4,148,213
4,149,148
4,150,142
4,151,145
4,152,141
4,153,148
4,154,133
4,155,188
4,156,147
4,157,187
4,158,162
4,159,165
4,160,197
4,161,184
4,162,150
4,163,155
4,164,150
4,165,156
4,166,155
4,167,159
4,168,151
4,169,164
4,170,173
4,171,187
4,172,157
4,173,171
4,174,189
4,175,161
4,176,156
4,177,174
4,178,195
4,179,1848
4,180,165
4,181,193
4,182,166
4,183,215
4,184,176
4,185,201
4,186,149
4,187,174
4,188,192
4,189,187
4,190,151
4,191,210
4,192,165
4,193,186
4,194,152
4,195,186
4,196,159
4,197,213
4,198,191
4,199,184
4,200,170
4,201,201
4,202,177
4,203,199
4,204,165
4,205,207
4,206,174
4,207,213
4,208,173
4,209,221
4,210,1508
4,211,256
4,212,176
4,213,333
4,214,201
4,215,355
4,216,175
4,217,245
4,218,192
4,219,273
4,220,201
4,221,713
4,222,202
4,223,279
4,224,213
4,225,297
4,226,216
4,227,305
4,228,218
4,229,310
4,230,242
4,231,305
4,232,247
4,233,338
4,234,262
4,235,3440
4,236,282
4,237,364
4,238,356
4,239,385
4,240,327
4,241,397
4,242,357
4,243,424
4,244,370
4,245,626
4,246,446
4,247,462
4,248,414
4,249,498
4,250,434
4,251,509
4,252,471
4,253,515
4,254,537
4,255,502
4,256,421
5,1,285
5,2,325
5,3,300
5,4,328
5,5,302
5,6,328
5,7,332
5,8,560
5,9,323
5,10,366
5,11,323
5,12,351
5,13,387
5,14,363
5,15,341
5,16,367
5,17,325
5,18,359
5,19,321
5,20,354
5,21,311
5,22,367
5,23,2405
5,24,362
5,25,336
5,26,363
5,27,355
5,28,815
5,29,347
5,30,463
5,31,371
5,32,402
5,33,375
5,34,426
5,35,399
5,36,429
5,37,437
5,38,559
5,39,432
5,40,462
5,41,424
5,42,468
5,43,445
5,44,449
5,45,365
5,46,371
5,47,309
5,48,261
5,49,276
5,50,239
5,51,330
5,52,347
5,53,260
5,54,288
5,55,290
5,56,280
5,57,254
5,58,275
5,59,402
5,60,274
5,61,284
5,62,272
5,63,247
5,64,318
5,65,245
5,66,258
5,67,262
5,68,291
5,69,249
5,70,259
5,71,423
5,72,251
5,73,328
5,74,256
5,75,262
5,76,286
5,77,265
5,78,259
5,79,245
5,80,272
5,81,239
5,82,234
5,83,242
5,84,234
5,85,223
5,86,233
5,87,232
5,88,288
5,89,227
5,90,239
5,91,238
5,92,275
5,93,225
5,94,227
5,95,239
5,96,219
5,97,238
5,98,223
5,99,238
5,100,226
5,101,222
5,102,218
5,103,287
5,104,222
5,105,216
5,106,206
5,107,217
5,108,219
5,109,217
5,110,208
5,111,216
5,112,212
5,113,199
5,114,215
5,115,203
5,116,210
5,117,202
5,118,209
5,119,227
5,120,206
5,121,195
5,122,211
5,123,186
5,124,226
5,125,181
5,126,202
5,127,191
5,128,197
5,129,166
5,130,193
5,131,166
5,132,175
5,133,160
5,134,141
5,135,164
5,136,118
5,137,144
5,138,138
5,139,160
5,140,134
5,141,139
5,142,126
5,143,1519
5,144,425
5,145,162
5,146,126
5,147,146
5,148,214
5,149,148
5,150,141
5,151,146
5,152,141
5,153,148
5,154,133
5,155,187
5,156,148
5,157,187
5,158,160
5,159,166
5,160,198
5,161,182
5,162,150
5,163,156
5,164,149
5,165,156
5,166,155
5,167,159
5,168,152
5,169,163
5,170,174
5,171,186
5,172,157
5,173,170
5,174,191
5,175,161
5,176,154
5,177,173
5,178,195
5,179,1847
5,180,165
5,181,190
5,182,165
5,183,215
5,184,175
5,185,200
5,186,148
5,187,174
5,188,191
5,189,188
5,190,149
5,191,211
5,192,166
5,193,186
5,194,152
5,195,187
5,196,159
5,197,213
5,198,192
5,199,184
5,200,168
5,201,201
5,202,178
5,203,199
5,204,164
5,205,208
5,206,174
5,207,211
5,208,173
5,209,222
5,210,1507
5,211,254
5,212,176
5,213,333
5,214,201
5,215,349
5,216,176
5,217,246
5,218,191
5,219,273
5,220,202
5,221,706
5,222,200
5,223,279
5,224,213
5,225,295
5,226,217
5,227,305
5,228,217
5,229,311
5,230,241
5,231,306
5,232,246
5,233,338
5,234,260
5,235,3470
5,236,282
5,237,364
5,238,356
5,239,383
5,240,327
5,241,396
5,242,354
5,243,426
5,244,368
5,245,623
5,246,462
5,247,463
5,248,415
5,249,501
5,250,436
5,251,507
5,252,470
5,253,513
5,254,535
5,255,501
5,256,420
6,1,285
6,2,325
6,3,300
6,4,328
6,5,302
6,6,328
6,7,332
6,8,560
6,9,323
6,10,366
6,11,323
6,12,351
6,13,387
6,14,363
6,15,341
6,16,367
6,17,325
6,18,359
6,19,321
6,20,354
6,21,311
6,22,367
6,23,2405
6,24,362
6,25,336
6,26,363
6,27,355
6,28,815
6,29,347
6,30,463
6,31,371
6,32,402
6,33,375
6,34,426
6,35,399
6,36,429
6,37,437
6,38,559
6,39,432
6,40,462
6,41,424
6,42,468
6,43,445
6,44,449
6,45,365
6,46,371
6,47,309
6,48,261
6,49,276
6,50,239
6,51,330
6,52,347
6,53,260
6,54,288
6,55,290
6,56,280
6,57,254
6,58,275
6,59,402
6,60,274
6,61,284
6,62,272
6,63,247
6,64,318
6,65,245
6,66,258
6,67,262
6,68,291
6,69,249
6,70,259
6,71,423
6,72,251
6,73,328
6,74,256
6,75,262
6,76,286
6,77,265
6,78,259
6,79,245
6,80,272
6,81,239
6,82,234
6,83,242
6,84,234
6,85,223
6,86,233
6,87,232
6,88,288
6,89,227
6,90,239
6,91,238
6,92,275
6,93,225
6,94,227
6,95,239
6,96,219
6,97,238
6,98,223
6,99,238
6,100,226
6,101,222
6,102,218
6,103,287
6,104,222
6,105,216
6,106,206
6,107,217
6,108,219
6,109,217
6,110,208
6,111,216
6,112,212
6,113,199
6,114,215
6,115,203
6,116,210
6,117,202
6,118,209
6,119,227
6,120,206
6,121,195
6,122,211
6,123,186
6,124,226
6,125,181
6,126,202
6,127,191
6,128,197
6,129,166
6,130,193
6,131,166
6,132,175
6,133,160
6,134,141
6,135,164
6,136,118
6,137,144
6,138,138
6,139,160
6,140,134
6,141,139
6,142,126
6,143,1519
6,144,425
6,145,162
6,146,126
6,147,146
6,148,214
6,149,148
6,150,141
6,151,146
6,152,141
6,153,148
6,154,133
6,155,187
6,156,148
6,157,187
6,158,160
6,159,166
6,160,198
6,161,182
6,162,150
6,163,156
6,164,149
6,165,156
6,166,155
6,167,159
6,168,152
6,169,163
6,170,174
6,171,186
6,172,157
6,173,170
6,174,191
6,175,161
6,176,154
6,177,173
6,178,195
6,179,1847
6,180,165
6,181,190
6,182,165
6,183,215
6,184,175
6,185,200
6,186,148
6,187,174
6,188,191
6,189,188
6,190,149
6,191,211
6,192,166
6,193,186
6,194,152
6,195,187
6,196,159
6,197,213
6,198,192
6,199,184
6,200,168
6,201,201
6,202,178
6,203,199
6,204,164
6,205,208
6,206,174
6,207,211
6,208,173
6,209,222
6,210,1507
6,211,254
6,212,176
6,213,333
6,214,201
6,215,349
6,216,176
6,217,246
6,218,191
6,219,273
6,220,202
6,221,706
6,222,200
6,223,279
6,224,213
6,225,295
6,226,217
6,227,305
6,228,217
6,229,311
6,230,241
6,231,306
6,232,246
6,233,338
6,234,260
6,235,3470
6,236,282
6,237,364
6,238,356
6,239,383
6,240,327
6,241,396
6,242,354
6,243,426
6,244,368
6,245,623
6,246,462
6,247,463
6,248,415
6,249,501
6,250,436
6,251,507
6,252,470
6,253,513
6,254,535
6,255,501
6,256,420
7,1,283
7,2,323
7,3,300
7,4,329
7,5,303
7,6,328
7,7,332
7,8,553
7,9,323
7,10,364
7,11,322
7,12,352
7,13,386
7,14,362
7,15,342
7,16,366
7,17,325
7,18,360
7,19,322
7,20,353
7,21,312
7,22,366
7,23,2407
7,24,361
7,25,337
7,26,363
7,27,356
7,28,814
7,29,347
7,30,454
7,31,370
7,32,402
7,33,376
7,34,425
7,35,398
7,36,428
7,37,437
7,38,557
7,39,432
7,40,463
7,41,423
7,42,468
7,43,445
7,44,447
7,45,365
7,46,370
7,47,310
7,48,261
7,49,276
7,50,240
7,51,325
7,52,347
7,53,258
7,54,287
7,55,290
7,56,281
7,57,254
7,58,276
7,59,402
7,60,275
7,61,284
7,62,273
7,63,247
7,64,322
7,65,245
7,66,258
7,67,261
7,68,287
7,69,248
7,70,260
7,71,420
7,72,250
7,73,357
7,74,255
7,75,260
7,76,288
7,77,265
7,78,258
7,79,246
7,80,272
7,81,238
7,82,234
7,83,243
7,84,236
7,85,221
7,86,234
7,87,232
7,88,294
7,89,233
7,90,241
7,91,239
7,92,275
7,93,226
7,94,227
7,95,240
7,96,221
7,97,236
7,98,225
7,99,239
7,100,227
7,101,221
7,102,218
7,103,290
7,104,222
7,105,217
7,106,207
7,107,216
7,108,219
7,109,214
7,110,209
7,111,216
7,112,213
7,113,200
7,114,214
7,115,203
7,116,211
7,117,201
7,118,210
7,119,228
7,120,208
7,121,194
7,122,211
7,123,185
7,124,226
7,125,180
7,126,204
7,127,192
7,128,198
7,129,167
7,130,193
7,131,166
7,132,172
7,133,159
7,134,141
7,135,162
7,136,118
7,137,143
7,138,138
7,139,159
7,140,135
7,141,140
7,142,126
7,143,1519
7,144,424
7,145,160
7,146,126
7,147,145
7,148,215
7,149,147
7,150,142
7,151,145
7,152,141
7,153,147
7,154,134
7,155,188
7,156,147
7,157,185
7,158,161
7,159,166
7,160,192
7,161,183
7,162,149
7,163,155
7,164,149
7,165,156
7,166,155
7,167,159
7,168,151
7,169,163
7,170,173
7,171,186
7,172,156
7,173,169
7,174,193
7,175,160
7,176,155
7,177,173
7,178,194
7,179,1847
7,180,165
7,181,191
7,182,165
7,183,212
7,184,175
7,185,199
7,186,149
7,187,175
7,188,191
7,189,188
7,190,149
7,191,210
7,192,164
7,193,184
7,194,151
7,195,186
7,196,159
7,197,214
7,198,192
7,199,184
7,200,168
7,201,201
7,202,177
7,203,199
7,204,164
7,205,207
7,206,173
7,207,212
7,208,173
7,209,222
7,210,1507
7,211,254
7,212,177
7,213,331
7,214,202
7,215,347
7,216,175
7,217,245
7,218,191
7,219,275
7,220,202
7,221,708
7,222,202
7,223,277
7,224,212
7,225,295
7,226,217
7,227,307
7,228,221
7,229,310
7,230,241
7,231,306
7,232,246
7,233,338
7,234,259
7,235,3472
7,236,279
7,237,363
7,238,354
7,239,384
7,240,328
7,241,395
7,242,355
7,243,423
7,244,367
7,245,623
7,246,466
7,247,462
7,248,414
7,249,499
7,250,435
7,251,509
7,252,469
7,253,514
7,254,535
7,255,502
7,256,419
8,1,283
8,2,323
8,3,300
8,4,329
8,5,303
8,6,328
8,7,332
8,8,553
8,9,323
8,10,364
8,11,322
8,12,352
8,13,386
8,14,362
8,15,342
8,16,366
8,17,325
8,18,360
8,19,322
8,20,353
8,21,312
8,22,366
8,23,2407
8,24,361
8,25,337
8,26,363
8,27,356
8,28,814
8,29,347
8,30,454
8,31,370
8,32,402
8,33,376
8,34,425
8,35,398
8,36,428
8,37,437
8,38,557
8,39,432
8,40,463
8,41,423
8,42,468
8,43,445
8,44,447
8,45,365
8,46,370
8,47,310
8,48,261
8,49,276
8,50,240
8,51,325
8,52,347
8,53,258
8,54,287
8,55,290
8,56,281
8,57,254
8,58,276
8,59,402
8,60,275
8,61,284
8,62,273
8,63,247
8,64,322
8,65,245
8,66,258
8,67,261
8,68,287
8,69,248
8,70,260
8,71,420
8,72,250
8,73,357
8,74,255
8,75,260
8,76,288
8,77,265
8,78,258
8,79,246
8,80,272
8,81,238
8,82,234
8,83,243
8,84,236
8,85,221
8,86,234
8,87,232
8,88,294
8,89,233
8,90,241
8,91,239
8,92,275
8,93,226
8,94,227
8,95,240
8,96,221
8,97,236
8,98,225
8,99,239
8,100,227
8,101,221
8,102,218
8,103,290
8,104,222
8,105,217
8,106,207
8,107,216
8,108,219
8,109,214
8,110,209
8,111,216
8,112,213
8,113,200
8,114,214
8,115,203
8,116,211
8,117,201
8,118,210
8,119,228
8,120,208
8,121,194
8,122,211
8,123,185
8,124,226
8,125,180
8,126,204
8,127,192
8,128,198
8,129,167
8,130,193
8,131,166
8,132,172
8,133,159
8,134,141
8,135,162
8,136,118
8,137,143
8,138,138
8,139,159
8,140,135
8,141,140
8,142,126
8,143,1519
8,144,424
8,145,160
8,146,126
8,147,145
8,148,215
8,149,147
8,150,142
8,151,145
8,152,141
8,153,147
8,154,134
8,155,188
8,156,147
8,157,185
8,158,161
8,159,166
8,160,192
8,161,183
8,162,149
8,163,155
8,164,149
8,165,156
8,166,155
8,167,159
8,168,151
8,169,163
8,170,173
8,171,186
8,172,156
8,173,169
8,174,193
8,175,160
8,176,155
8,177,173
8,178,194
8,179,1847
8,180,165
8,181,191
8,182,165
8,183,212
8,184,175
8,185,199
8,186,149
8,187,175
8,188,191
8,189,188
8,190,149
8,191,210
8,192,164
8,193,184
8,194,151
8,195,186
8,196,159
8,197,214
8,198,192
8,199,184
8,200,168
8,201,201
8,202,177
8,203,199
8,204,164
8,205,207
8,206,173
8,207,212
8,208,173
8,209,222
8,210,1507
8,211,254
8,212,177
8,213,331
8,214,202
8,215,347
8,216,175
8,217,245
8,218,191
8,219,275
8,220,202
8,221,708
8,222,202
8,223,277
8,224,212
8,225,295
8,226,217
8,227,307
8,228,221
8,229,310
8,230,241
8,231,306
8,232,246
8,233,338
8,234,259
8,235,3472
8,236,279
8,237,363
8,238,354
8,239,384
8,240,328
8,241,395
8,242,355
8,243,423
8,244,367
8,245,623
8,246,466
8,247,462
8,248,414
8,249,499
8,250,435
8,251,509
8,252,469
8,253,514
8,254,535
8,255,502
8,256,419
9,1,285
9,2,325
9,3,301
9,4,328
9,5,304
9,6,328
9,7,332
9,8,558
9,9,325
9,10,365
9,11,321
9,12,351
9,13,388
9,14,363
9,15,343
9,16,369
9,17,325
9,18,358
9,19,322
9,20,355
9,21,314
9,22,366
9,23,2403
9,24,363
9,25,339
9,26,365
9,27,355
9,28,815
9,29,347
9,30,453
9,31,371
9,32,403
9,33,374
9,34,426
9,35,397
9,36,430
9,37,437
9,38,558
9,39,432
9,40,462
9,41,425
9,42,469
9,43,446
9,44,447
9,45,365
9,46,370
9,47,310
9,48,262
9,49,283
9,50,239
9,51,327
9,52,349
9,53,258
9,54,288
9,55,292
9,56,281
9,57,254
9,58,276
9,59,400
9,60,275
9,61,286
9,62,271
9,63,247
9,64,324
9,65,246
9,66,260
9,67,271
9,68,297
9,69,250
9,70,259
9,71,421
9,72,251
9,73,358
9,74,254
9,75,262
9,76,287
9,77,267
9,78,258
9,79,245
9,80,273
9,81,239
9,82,233
9,83,242
9,84,235
9,85,223
9,86,233
9,87,231
9,88,289
9,89,226
9,90,239
9,91,239
9,92,278
9,93,225
9,94,229
9,95,240
9,96,221
9,97,237
9,98,225
9,99,241
9,100,229
9,101,222
9,102,219
9,103,288
9,104,222
9,105,218
9,106,207
9,107,216
9,108,219
9,109,215
9,110,209
9,111,216
9,112,213
9,113,202
9,114,216
9,115,203
9,116,211
9,117,202
9,118,211
9,119,227
9,120,207
9,121,196
9,122,212
9,123,185
9,124,226
9,125,182
9,126,203
9,127,192
9,128,197
9,129,168
9,130,194
9,131,166
9,132,175
9,133,159
9,134,141
9,135,163
9,136,119
9,137,146
9,138,142
9,139,162
9,140,138
9,141,141
9,142,125
9,143,1518
9,144,425
9,145,161
9,146,127
9,147,145
9,148,213
9,149,148
9,150,142
9,151,146
9,152,144
9,153,148
9,154,133
9,155,189
9,156,149
9,157,186
9,158,162
9,159,166
9,160,194
9,161,182
9,162,149
9,163,155
9,164,150
9,165,156
9,166,156
9,167,159
9,168,151
9,169,163
9,170,174
9,171,187
9,172,157
9,173,169
9,174,193
9,175,160
9,176,155
9,177,173
9,178,193
9,179,1850
9,180,165
9,181,192
9,182,165
9,183,211
9,184,176
9,185,200
9,186,147
9,187,175
9,188,191
9,189,187
9,190,150
9,191,208
9,192,164
9,193,185
9,194,151
9,195,186
9,196,159
9,197,214
9,198,191
9,199,184
9,200,168
9,201,201
9,202,177
9,203,199
9,204,164
9,205,207
9,206,173
9,207,213
9,208,173
9,209,221
9,210,1510
9,211,254
9,212,177
9,213,334
9,214,202
9,215,345
9,216,175
9,217,246
9,218,190
9,219,273
9,220,202
9,221,710
9,222,202
9,223,279
9,224,213
9,225,297
9,226,217
9,227,306
9,228,219
9,229,310
9,230,242
9,231,305
9,232,247
9,233,339
9,234,261
9,235,3451
9,236,281
9,237,362
9,238,358
9,239,382
9,240,328
9,241,397
9,242,354
9,243,424
9,244,368
9,245,624
9,246,467
9,247,464
9,248,415
9,249,500
9,250,434
9,251,509
9,252,472
9,253,514
9,254,540
9,255,501
9,256,421
10,1,285
10,2,325
10,3,301
10,4,328
10,5,304
10,6,328
10,7,332
10,8,558
10,9,325
10,10,365
10,11,321
10,12,351
10,13,388
10,14,363
10,15,343
10,16,369
10,17,325
10,18,358
10,19,322
10,20,355
10,21,314
10,22,366
10,23,2403
10,24,363
10,25,339
10,26,365
10,27,355
10,28,815
10,29,347
10,30,453
10,31,371
10,32,403
10,33,374
10,34,426
10,35,397
10,36,430
10,37,437
10,38,558
10,39,432
10,40,462
10,41,425
10,42,469
10,43,446
10,44,447
10,45,365
10,46,370
10,47,310
10,48,262
10,49,283
10,50,239
10,51,327
10,52,349
10,53,258
10,54,288
10,55,292
10,56,281
10,57,254
10,58,276
10,59,400
10,60,275
10,61,286
10,62,271
10,63,247
10,64,324
10,65,246
10,66,260
10,67,271
10,68,297
10,69,250
10,70,259
10,71,421
10,72,251
10,73,358
10,74,254
10,75,262
10,76,287
10,77,267
10,78,258
10,79,245
10,80,273
10,81,239
10,82,233
10,83,242
10,84,235
10,85,223
10,86,233
10,87,231
10,88,289
10,89,226
10,90,239
10,91,239
10,92,278
10,93,225
10,94,229
10,95,240
10,96,221
10,97,237
10,98,225
10,99,241
10,100,229
10,101,222
10,102,219
10,103,288
10,104,222
10,105,218
10,106,207
10,107,216
10,108,219
10,109,215
10,110,209
10,111,216
10,112,213
10,113,202
10,114,216
10,115,203
10,116,211
10,117,202
10,118,211
10,119,227
10,120,207
10,121,196
10,122,212
10,123,185
10,124,226
10,125,182
10,126,203
10,127,192
10,128,197
10,129,168
10,130,194
10,131,166
10,132,175
10,133,159
10,134,141
10,135,163
10,136,119
10,137,146
10,138,142
10,139,162
10,140,138
10,141,141
10,142,125
10,143,1518
10,144,425
10,145,161
10,146,127
10,147,145
10,148,213
10,149,148
10,150,142
10,151,146
10,152,144
10,153,148
10,154,133
10,155,189
10,156,149
10,157,186
10,158,162
10,159,166
10,160,194
10,161,182
10,162,149
10,163,155
10,164,150
10,165,156
10,166,156
10,167,159
10,168,151
10,169,163
10,170,174
10,171,187
10,172,157
10,173,169
10,174,193
10,175,160
10,176,155
10,177,173
10,178,193
10,179,1850
10,180,165
10,181,192
10,182,165
10,183,211
10,184,176
10,185,200
10,186,147
10,187,175
10,188,191
10,189,187
10,190,150
10,191,208
10,192,164
10,193,185
10,194,151
10,195,186
10,196,159
10,197,214
10,198,191
10,199,184
10,200,168
10,201,201
10,202,177
10,203,199
10,204,164
10,205,207
10,206,173
10,207,213
10,208,173
10,209,221
10,210,1510
10,211,254
10,212,177
10,213,334
10,214,202
10,215,345
10,216,175
10,217,246
10,218,190
10,219,273
10,220,202
10,221,710
10,222,202
10,223,279
10,224,213
10,225,297
10,226,217
10,227,306
10,228,219
10,229,310
10,230,242
10,231,305
10,232,247
10,233,339
10,234,261
10,235,3451
10,236,281
10,237,362
10,238,358
10,239,382
10,240,328
10,241,397
10,242,354
10,243,424
10,244,368
10,245,624
10,246,467
10,247,464
10,248,415
10,249,500
10,250,434
10,251,509
10,252,472
10,253,514
10,254,540
10,255,501
10,256,421
11,1,282
11,2,323
11,3,303
11,4,330
11,5,304
11,6,328
11,7,332
11,8,560
11,9,323
11,10,365
11,11,323
11,12,351
11,13,386
11,14,364
11,15,342
11,16,368
11,17,326
11,18,358
11,19,322
11,20,356
11,21,312
11,22,368
11,23,2452
11,24,364
11,25,337
11,26,364
11,27,362
11,28,818
11,29,347
11,30,455
11,31,373
11,32,404
11,33,376
11,34,426
11,35,399
11,36,431
11,37,437
11,38,561
11,39,432
11,40,462
11,41,425
11,42,471
11,43,447
11,44,450
11,45,365
11,46,370
11,47,310
11,48,262
11,49,276
11,50,239
11,51,330
11,52,348
11,53,257
11,54,288
11,55,289
11,56,281
11,57,254
11,58,277
11,59,399
11,60,274
11,61,284
11,62,273
11,63,247
11,64,323
11,65,245
11,66,258
11,67,260
11,68,290
11,69,249
11,70,261
11,71,422
11,72,250
11,73,354
11,74,256
11,75,262
11,76,287
11,77,266
11,78,257
11,79,246
11,80,272
11,81,240
11,82,233
11,83,241
11,84,237
11,85,222
11,86,236
11,87,233
11,88,289
11,89,225
11,90,239
11,91,237
11,92,275
11,93,224
11,94,226
11,95,239
11,96,222
11,97,236
11,98,223
11,99,240
11,100,228
11,101,221
11,102,219
11,103,288
11,104,221
11,105,217
11,106,207
11,107,215
11,108,221
11,109,215
11,110,209
11,111,213
11,112,213
11,113,199
11,114,213
11,115,203
11,116,211
11,117,202
11,118,210
11,119,230
11,120,207
11,121,195
11,122,213
11,123,186
11,124,226
11,125,182
11,126,204
11,127,191
11,128,197
11,129,167
11,130,194
11,131,166
11,132,174
11,133,161
11,134,141
11,135,163
11,136,119
11,137,144
11,138,139
11,139,159
11,140,134
11,141,142
11,142,126
11,143,1519
11,144,424
11,145,159
11,146,126
11,147,145
11,148,210
11,149,146
11,150,142
11,151,146
11,152,142
11,153,146
11,154,134
11,155,189
11,156,147
11,157,186
11,158,162
11,159,165
11,160,191
11,161,182
11,162,150
11,163,156
11,164,149
11,165,157
11,166,155
11,167,159
11,168,151
11,169,162
11,170,174
11,171,186
11,172,156
11,173,170
11,174,191
11,175,162
11,176,155
11,177,174
11,178,191
11,179,1846
11,180,165
11,181,191
11,182,167
11,183,211
11,184,175
11,185,200
11,186,150
11,187,174
11,188,192
11,189,188
11,190,150
11,191,210
11,192,165
11,193,185
11,194,151
11,195,185
11,196,160
11,197,213
11,198,191
11,199,184
11,200,170
11,201,201
11,202,177
11,203,199
11,204,165
11,205,207
11,206,173
11,207,211
11,208,174
11,209,220
11,210,1508
11,211,254
11,212,175
11,213,332
11,214,202
11,215,346
11,216,176
11,217,245
11,218,189
11,219,273
11,220,201
11,221,706
11,222,202
11,223,278
11,224,214
11,225,296
11,226,216
11,227,307
11,228,218
11,229,310
11,230,241
11,231,306
11,232,246
11,233,338
11,234,261
11,235,3478
11,236,280
11,237,362
11,238,356
11,239,382
11,240,328
11,241,397
11,242,357
11,243,425
11,244,369
11,245,622
11,246,466
11,247,461
11,248,415
11,249,501
11,250,435
11,251,509
11,252,471
11,253,514
11,254,543
11,255,502
11,256,420
12,1,282
12,2,323
12,3,303
12,4,330
12,5,304
12,6,328
12,7,332
12,8,560
12,9,323
12,10,365
12,11,323
12,12,351
12,13,386
12,14,364
12,15,342
12,16,368
12,17,326
12,18,358
12,19,322
12,20,356
12,21,312
12,22,368
12,23,2452
12,24,364
12,25,337
12,26,364
12,27,362
12,28,818
12,29,347
12,30,455
12,31,373
12,32,404
12,33,376
12,34,426
12,35,399
12,36,431
12,37,437
12,38,561
12,39,432
12,40,462
12,41,425
12,42,471
12,43,447
12,44,450
12,45,365
12,46,370
12,47,310
12,48,262
12,49,276
12,50,239
12,51,330
12,52,348
12,53,257
12,54,288
12,55,289
12,56,281
12,57,254
12,58,277
12,59,399
12,60,274
12,61,284
12,62,273
12,63,247
12,64,323
12,65,245
12,66,258
12,67,260
12,68,290
12,69,249
12,70,261
12,71,422
12,72,250
12,73,354
12,74,256
12,75,262
12,76,287
12,77,266
12,78,257
12,79,246
12,80,272
12,81,240
12,82,233
12,83,241
12,84,237
12,85,222
12,86,236
12,87,233
12,88,289
12,89,225
12,90,239
12,91,237
12,92,275
12,93,224
12,94,226
12,95,239
12,96,222
12,97,236
12,98,223
12,99,240
12,100,228
12,101,221
12,102,219
12,103,288
12,104,221
12,105,217
12,106,207
12,107,215
12,108,221
12,109,215
12,110,209
12,111,213
12,112,213
12,113,199
12,114,213
12,115,203
12,116,211
12,117,202
12,118,210
12,119,230
12,120,207
12,121,195
12,122,213
12,123,186
12,124,226
12,125,182
12,126,204
12,127,191
12,128,197
12,129,167
12,130,194
12,131,166
12,132,174
12,133,161
12,134,141
12,135,163
12,136,119
12,137,144
12,138,139
12,139,159
12,140,134
12,141,142
12,142,126
12,143,1519
12,144,424
12,145,159
12,146,126
12,147,145
12,148,210
12,149,146
12,150,142
12,151,146
12,152,142
12,153,146
12,154,134
12,155,189
12,156,147
12,157,186
12,158,162
12,159,165
12,160,191
12,161,182
12,162,150
12,163,156
12,164,149
12,165,157
12,166,155
12,167,159
12,168,151
12,169,162
12,170,174
12,171,186
12,172,156
12,173,170
12,174,191
12,175,162
12,176,155
12,177,174
12,178,191
12,179,1846
12,180,165
12,181,191
12,182,167
12,183,211
12,184,175
12,185,200
12,186,150
12,187,174
12,188,192
12,189,188
12,190,150
12,191,210
12,192,165
12,193,185
12,194,151
12,195,185
12,196,160
12,197,213
12,198,191
12,199,184
12,200,170
12,201,201
12,202,177
12,203,199
12,204,165
12,205,207
12,206,173
12,207,211
12,208,174
12,209,220
12,210,1508
12,211,254
12,212,175
12,213,332
12,214,202
12,215,346
12,216,176
12,217,245
12,218,189
12,219,273
12,220,201
12,221,706
12,222,202
12,223,278
12,224,214
12,225,296
12,226,216
12,227,307
12,228,218
12,229,310
12,230,241
12,231,306
12,232,246
12,233,338
12,234,261
12,235,3478
12,236,280
12,237,362
12,238,356
12,239,382
12,240,328
12,241,397
12,242,357
12,243,425
12,244,369
12,245,622
12,246,466
12,247,461
12,248,415
12,249,501
12,250,435
12,251,509
12,252,471
12,253,514
12,254,543
12,255,502
12,256,420
13,1,285
13,2,323
13,3,302
13,4,328
13,5,304
13,6,328
13,7,333
13,8,559
13,9,323
13,10,365
13,11,321
13,12,351
13,13,387
13,14,362
13,15,344
13,16,368
13,17,325
13,18,357
13,19,323
13,20,353
13,21,314
13,22,367
13,23,2407
13,24,362
13,25,336
13,26,362
13,27,358
13,28,815
13,29,348
13,30,465
13,31,372
13,32,399
13,33,376
13,34,426
13,35,398
13,36,430
13,37,437
13,38,557
13,39,433
13,40,461
13,41,426
13,42,469
13,43,447
13,44,449
13,45,425
13,46,371
13,47,312
13,48,263
13,49,277
13,50,239
13,51,321
13,52,352
13,53,259
13,54,288
13,55,288
13,56,281
13,57,255
13,58,276
13,59,400
13,60,275
13,61,283
13,62,271
13,63,248
13,64,322
13,65,248
13,66,258
13,67,262
13,68,290
13,69,251
13,70,260
13,71,421
13,72,251
13,73,357
13,74,254
13,75,261
13,76,286
13,77,267
13,78,259
13,79,246
13,80,273
13,81,239
13,82,233
13,83,241
13,84,236
13,85,222
13,86,235
13,87,233
13,88,289
13,89,227
13,90,240
13,91,238
13,92,273
13,93,225
13,94,227
13,95,241
13,96,222
13,97,238
13,98,223
13,99,239
13,100,227
13,101,222
13,102,217
13,103,291
13,104,220
13,105,218
13,106,206
13,107,217
13,108,220
13,109,215
13,110,208
13,111,216
13,112,211
13,113,200
13,114,214
13,115,204
13,116,210
13,117,202
13,118,210
13,119,226
13,120,206
13,121,195
13,122,211
13,123,185
13,124,227
13,125,182
13,126,202
13,127,191
13,128,197
13,129,166
13,130,194
13,131,167
13,132,175
13,133,159
13,134,141
13,135,165
13,136,118
13,137,144
13,138,138
13,139,160
13,140,134
13,141,140
13,142,125
13,143,1521
13,144,424
13,145,161
13,146,125
13,147,144
13,148,210
13,149,146
13,150,140
13,151,146
13,152,139
13,153,147
13,154,133
13,155,189
13,156,147
13,157,187
13,158,161
13,159,166
13,160,196
13,161,182
13,162,149
13,163,156
13,164,148
13,165,157
13,166,155
13,167,158
13,168,151
13,169,163
13,170,172
13,171,186
13,172,156
13,173,170
13,174,193
13,175,161
13,176,154
13,177,173
13,178,191
13,179,1849
13,180,164
13,181,191
13,182,165
13,183,214
13,184,174
13,185,200
13,186,148
13,187,174
13,188,191
13,189,188
13,190,150
13,191,211
13,192,164
13,193,186
13,194,150
13,195,186
13,196,158
13,197,214
13,198,190
13,199,183
13,200,169
13,201,202
13,202,175
13,203,199
13,204,164
13,205,207
13,206,173
13,207,213
13,208,172
13,209,221
13,210,1508
13,211,256
13,212,175
13,213,332
13,214,202
13,215,340
13,216,175
13,217,246
13,218,189
13,219,274
13,220,199
13,221,703
13,222,201
13,223,278
13,224,210
13,225,296
13,226,215
13,227,308
13,228,219
13,229,312
13,230,242
13,231,305
13,232,244
13,233,338
13,234,262
13,235,3467
13,236,280
13,237,363
13,238,355
13,239,384
13,240,327
13,241,397
13,242,354
13,243,423
13,244,368
13,245,624
13,246,465
13,247,464
13,248,414
13,249,499
13,250,434
13,251,508
13,252,469
13,253,512
13,254,534
13,255,502
13,256,420
14,1,285
14,2,323
14,3,302
14,4,328
14,5,304
14,6,328
14,7,333
14,8,559
14,9,323
14,10,365
14,11,321
14,12,351
14,13,387
14,14,362
14,15,344
14,16,368
14,17,325
14,18,357
14,19,323
14,20,353
14,21,314
14,22,367
14,23,2407
14,24,362
14,25,336
14,26,362
14,27,358
14,28,815
14,29,348
14,30,465
14,31,372
14,32,399
14,33,376
14,34,426
14,35,398
14,36,430
14,37,437
14,38,557
14,39,433
14,40,461
14,41,426
14,42,469
14,43,447
14,44,449
14,45,425
14,46,371
14,47,312
14,48,263
14,49,277
14,50,239
14,51,321
14,52,352
14,53,259
14,54,288
14,55,288
14,56,281
14,57,255
14,58,276
14,59,400
14,60,275
14,61,283
14,62,271
14,63,248
14,64,322
14,65,248
14,66,258
14,67,262
14,68,290
14,69,251
14,70,260
14,71,421
14,72,251
14,73,357
14,74,254
14,75,261
14,76,286
14,77,267
14,78,259
14,79,246
14,80,273
14,81,239
14,82,233
14,83,241
14,84,236
14,85,222
14,86,235
14,87,233
14,88,289
14,89,227
14,90,240
14,91,238
14,92,273
14,93,225
14,94,227
14,95,241
14,96,222
14,97,238
14,98,223
14,99,239
14,100,227
14,101,222
14,102,217
14,103,291
14,104,220
14,105,218
14,106,206
14,107,217
14,108,220
14,109,215
14,110,208
14,111,216
14,112,211
14,113,200
14,114,214
14,115,204
14,116,210
14,117,202
14,118,210
14,119,226
14,120,206
14,121,195
14,122,211
14,123,185
14,124,227
14,125,182
14,126,202
14,127,191
14,128,197
14,129,166
14,130,194
14,131,167
14,132,175
14,133,159
14,134,141
14,135,165
14,136,118
14,137,144
14,138,138
14,139,160
14,140,134
14,141,140
14,142,125
14,143,1521
14,144,424
14,145,161
14,146,125
14,147,144
14,148,210
14,149,146
14,150,140
14,151,146
14,152,139
14,153,147
14,154,133
14,155,189
14,156,147
14,157,187
14,158,161
14,159,166
14,160,196
14,161,182
14,162,149
14,163,156
14,164,148
14,165,157
14,166,155
14,167,158
14,168,151
14,169,163
14,170,172
14,171,186
14,172,156
14,173,170
14,174,193
14,175,161
14,176,154
14,177,173
14,178,191
14,179,1849
14,180,164
14,181,191
14,182,165
14,183,214
14,184,174
14,185,200
14,186,148
14,187,174
14,188,191
14,189,188
14,190,150
14,191,211
14,192,164
14,193,186
14,194,150
14,195,186
14,196,158
14,197,214
14,198,190
14,199,183
14,200,169
14,201,202
14,202,175
14,203,199
14,204,164
14,205,207
14,206,173
14,207,213
14,208,172
14,209,221
14,210,1508
14,211,256
14,212,175
14,213,332
14,214,202
14,215,340
14,216,175
14,217,246
14,218,189
14,219,274
14,220,199
14,221,703
14,222,201
14,223,278
14,224,210
14,225,296
14,226,215
14,227,308
14,228,219
14,229,312
14,230,242
14,231,305
14,232,244
14,233,338
14,234,262
14,235,3467
14,236,280
14,237,363
14,238,355
14,239,384
14,240,327
14,241,397
14,242,354
14,243,423
14,244,368
14,245,624
14,246,465
14,247,464
14,248,414
14,249,499
14,250,434
14,251,508
14,252,469
14,253,512
14,254,534
14,255,502
14,256,420
15,1,284
15,2,324
15,3,302
15,4,330
15,5,304
15,6,329
15,7,334
15,8,559
15,9,324
15,10,365
15,11,324
15,12,351
15,13,386
15,14,362
15,15,343
15,16,369
15,17,326
15,18,360
15,19,322
15,20,356
15,21,314
15,22,369
15,23,2403
15,24,362
15,25,339
15,26,364
15,27,357
15,28,817
15,29,348
15,30,454
15,31,371
15,32,402
15,33,377
15,34,428
15,35,398
15,36,431
15,37,437
15,38,558
15,39,433
15,40,463
15,41,425
15,42,470
15,43,447
15,44,449
15,45,366
15,46,371
15,47,312
15,48,263
15,49,285
15,50,240
15,51,327
15,52,349
15,53,259
15,54,289
15,55,289
15,56,281
15,57,256
15,58,278
15,59,401
15,60,275
15,61,286
15,62,272
15,63,248
15,64,322
15,65,246
15,66,260
15,67,264
15,68,290
15,69,249
15,70,261
15,71,421
15,72,249
15,73,359
15,74,255
15,75,263
15,76,293
15,77,269
15,78,259
15,79,245
15,80,274
15,81,239
15,82,235
15,83,243
15,84,235
15,85,222
15,86,234
15,87,233
15,88,289
15,89,227
15,90,241
15,91,238
15,92,281
15,93,225
15,94,228
15,95,240
15,96,221
15,97,238
15,98,227
15,99,240
15,100,228
15,101,223
15,102,219
15,103,295
15,104,222
15,105,217
15,106,206
15,107,216
15,108,220
15,109,215
15,110,209
15,111,216
15,112,212
15,113,200
15,114,215
15,115,204
15,116,211
15,117,202
15,118,211
15,119,228
15,120,207
15,121,195
15,122,211
15,123,186
15,124,227
15,125,182
15,126,204
15,127,192
15,128,198
15,129,167
15,130,194
15,131,166
15,132,174
15,133,160
15,134,141
15,135,163
15,136,119
15,137,145
15,138,140
15,139,159
15,140,135
15,141,142
15,142,126
15,143,1518
15,144,426
15,145,160
15,146,126
15,147,145
15,148,211
15,149,148
15,150,142
15,151,148
15,152,141
15,153,148
15,154,135
15,155,189
15,156,148
15,157,187
15,158,161
15,159,166
15,160,198
15,161,183
15,162,149
15,163,156
15,164,150
15,165,157
15,166,157
15,167,159
15,168,152
15,169,164
15,170,173
15,171,188
15,172,158
15,173,171
15,174,191
15,175,160
15,176,155
15,177,174
15,178,195
15,179,1848
15,180,165
15,181,193
15,182,166
15,183,211
15,184,176
15,185,200
15,186,148
15,187,174
15,188,193
15,189,189
15,190,151
15,191,210
15,192,164
15,193,186
15,194,152
15,195,186
15,196,159
15,197,214
15,198,190
15,199,184
15,200,170
15,201,201
15,202,177
15,203,199
15,204,164
15,205,207
15,206,175
15,207,213
15,208,173
15,209,222
15,210,1509
15,211,254
15,212,177
15,213,333
15,214,201
15,215,347
15,216,175
15,217,247
15,218,191
15,219,273
15,220,202
15,221,705
15,222,203
15,223,279
15,224,213
15,225,296
15,226,217
15,227,307
15,228,219
15,229,309
15,230,241
15,231,306
15,232,246
15,233,338
15,234,261
15,235,3445
15,236,279
15,237,364
15,238,356
15,239,384
15,240,328
15,241,396
15,242,355
15,243,424
15,244,368
15,245,628
15,246,461
15,247,464
15,248,414
15,249,501
15,250,435
15,251,509
15,252,471
15,253,514
15,254,534
15,255,502
15,256,422
16,1,284
16,2,324
16,3,302
16,4,330
16,5,304
16,6,329
16,7,334
16,8,559
16,9,324
16,10,365
16,11,324
16,12,351
16,13,386
16,14,362
16,15,343
16,16,369
16,17,326
16,18,360
16,19,322
16,20,356
16,21,314
16,22,369
16,23,2403
16,24,362
16,25,339
16,26,364
16,27,357
16,28,817
16,29,348
16,30,454
16,31,371
16,32,402
16,33,377
16,34,428
16,35,398
16,36,431
16,37,437
16,38,558
16,39,433
16,40,463
16,41,425
16,42,470
16,43,447
16,44,449
16,45,366
16,46,371
16,47,312
16,48,263
16,49,285
16,50,240
16,51,327
16,52,349
16,53,259
16,54,289
16,55,289
16,56,281
16,57,256
16,58,278
16,59,401
16,60,275
16,61,286
16,62,272
16,63,248
16,64,322
16,65,246
16,66,260
16,67,264
16,68,290
16,69,249
16,70,261
16,71,421
16,72,249
16,73,359
16,74,255
16,75,263
16,76,293
16,77,269
16,78,259
16,79,245
16,80,274
16,81,239
16,82,235
16,83,243
16,84,235
16,85,222
16,86,234
16,87,233
16,88,289
16,89,227
16,90,241
16,91,238
16,92,281
16,93,225
16,94,228
16,95,240
16,96,221
16,97,238
16,98,227
16,99,240
16,100,228
16,101,223
16,102,219
16,103,295
16,104,222
16,105,217
16,106,206
16,107,216
16,108,220
16,109,215
16,110,209
16,111,216
16,112,212
16,113,200
16,114,215
16,115,204
16,116,211
16,117,202
16,118,211
16,119,228
16,120,207
16,121,195
16,122,211
16,123,186
16,124,227
16,125,182
16,126,204
16,127,192
16,128,198
16,129,167
16,130,194
16,131,166
16,132,174
16,133,160
16,134,141
16,135,163
16,136,119
16,137,145
16,138,140
16,139,159
16,140,135
16,141,142
16,142,126
16,143,1518
16,144,426
16,145,160
16,146,126
16,147,145
16,148,211
16,149,148
16,150,142
16,151,148
16,152,141
16,153,148
16,154,135
16,155,189
16,156,148
16,157,187
16,158,161
16,159,166
16,160,198
16,161,183
16,162,149
16,163,156
16,164,150
16,165,157
16,166,157
16,167,159
16,168,152
16,169,164
16,170,173
16,171,188
16,172,158
16,173,171
16,174,191
16,175,160
16,176,155
16,177,174
16,178,195
16,179,1848
16,180,165
16,181,193
16,182,166
16,183,211
16,184,176
16,185,200
16,186,148
16,187,174
16,188,193
16,189,189
16,190,151
16,191,210
16,192,164
16,193,186
16,194,152
16,195,186
16,196,159
16,197,214
16,198,190
16,199,184
16,200,170
16,201,201
16,202,177
16,203,199
16,204,164
16,205,207
16,206,175
16,207,213
16,208,173
16,209,222
16,210,1509
16,211,254
16,212,177
16,213,333
16,214,201
16,215,347
16,216,175
16,217,247
16,218,191
16,219,273
16,220,202
16,221,705
16,222,203
16,223,279
16,224,213
16,225,296
16,226,217
16,227,307
16,228,219
16,229,309
16,230,241
16,231,306
16,232,246
16,233,338
16,234,261
16,235,3445
16,236,279
16,237,364
16,238,356
16,239,384
16,240,328
16,241,396
16,242,355
16,243,424
16,244,368
16,245,628
16,246,461
16,247,464
16,248,414
16,249,501
16,250,435
16,251,509
16,252,471
16,253,514
16,254,534
16,255,502
16,256,422
17,1,282
17,2,322
17,3,302
17,4,329
17,5,303
17,6,328
17,7,332
17,8,556
17,9,324
17,10,365
17,11,322
17,12,352
17,13,388
17,14,365
17,15,341
17,16,370
17,17,323
17,18,360
17,19,322
17,20,354
17,21,314
17,22,369
17,23,2409
17,24,362
17,25,337
17,26,365
17,27,357
17,28,815
17,29,348
17,30,455
17,31,370
17,32,404
17,33,375
17,34,428
17,35,397
17,36,431
17,37,437
17,38,560
17,39,432
17,40,465
17,41,424
17,42,469
17,43,447
17,44,450
17,45,365
17,46,372
17,47,310
17,48,263
17,49,279
17,50,241
17,51,320
17,52,347
17,53,258
17,54,289
17,55,288
17,56,283
17,57,254
17,58,277
17,59,399
17,60,277
17,61,284
17,62,273
17,63,246
17,64,324
17,65,246
17,66,259
17,67,261
17,68,291
17,69,247
17,70,261
17,71,422
17,72,250
17,73,356
17,74,256
17,75,260
17,76,287
17,77,267
17,78,259
17,79,246
17,80,274
17,81,240
17,82,234
17,83,241
17,84,237
17,85,222
17,86,233
17,87,231
17,88,289
17,89,225
17,90,241
17,91,237
17,92,275
17,93,225
17,94,229
17,95,238
17,96,223
17,97,237
17,98,225
17,99,238
17,100,229
17,101,223
17,102,219
17,103,290
17,104,222
17,105,215
17,106,206
17,107,214
17,108,222
17,109,216
17,110,210
17,111,215
17,112,213
17,113,200
17,114,215
17,115,203
17,116,213
17,117,202
17,118,211
17,119,227
17,120,209
17,121,194
17,122,213
17,123,184
17,124,229
17,125,181
17,126,205
17,127,191
17,128,198
17,129,166
17,130,195
17,131,166
17,132,175
17,133,160
17,134,142
17,135,163
17,136,120
17,137,143
17,138,138
17,139,159
17,140,136
17,141,141
17,142,125
17,143,1520
17,144,425
17,145,159
17,146,127
17,147,143
17,148,212
17,149,146
17,150,143
17,151,145
17,152,141
17,153,146
17,154,134
17,155,187
17,156,148
17,157,186
17,158,162
17,159,165
17,160,199
17,161,182
17,162,150
17,163,155
17,164,149
17,165,155
17,166,155
17,167,157
17,168,151
17,169,163
17,170,173
17,171,184
17,172,158
17,173,169
17,174,190
17,175,160
17,176,155
17,177,173
17,178,195
17,179,1843
17,180,165
17,181,190
17,182,167
17,183,211
17,184,177
17,185,199
17,186,150
17,187,173
17,188,193
17,189,190
17,190,150
17,191,209
17,192,165
17,193,186
17,194,153
17,195,186
17,196,159
17,197,214
17,198,193
17,199,183
17,200,169
17,201,201
17,202,177
17,203,198
17,204,164
17,205,206
17,206,174
17,207,213
17,208,174
17,209,220
17,210,1508
17,211,256
17,212,177
17,213,328
17,214,202
17,215,348
17,216,175
17,217,245
17,218,191
17,219,272
17,220,201
17,221,701
17,222,203
17,223,278
17,224,212
17,225,297
17,226,218
17,227,306
17,228,220
17,229,307
17,230,241
17,231,304
17,232,246
17,233,339
17,234,261
17,235,3470
17,236,282
17,237,362
17,238,355
17,239,384
17,240,328
17,241,397
17,242,355
17,243,423
17,244,368
17,245,624
17,246,468
17,247,462
17,248,413
17,249,501
17,250,434
17,251,507
17,252,471
17,253,512
17,254,540
17,255,501
17,256,421
18,1,282
18,2,322
18,3,302
18,4,329
18,5,303
18,6,328
18,7,332
18,8,556
18,9,324
18,10,365
18,11,322
18,12,352
18,13,388
18,14,365
18,15,341
18,16,370
18,17,323
18,18,360
18,19,322
18,20,354
18,21,314
18,22,369
18,23,2409
18,24,362
18,25,337
18,26,365
18,27,357
18,28,815
18,29,348
18,30,455
18,31,370
18,32,404
18,33,375
18,34,428
18,35,397
18,36,431
18,37,437
18,38,560
18,39,432
18,40,465
18,41,424
18,42,469
18,43,447
18,44,450
18,45,365
18,46,372
18,47,310
18,48,263
18,49,279
18,50,241
18,51,320
18,52,347
18,53,258
18,54,289
18,55,288
18,56,283
18,57,254
18,58,277
18,59,399
18,60,277
18,61,284
18,62,273
18,63,246
18,64,324
18,65,246
18,66,259
18,67,261
18,68,291
18,69,247
18,70,261
18,71,422
18,72,250
18,73,356
18,74,256
18,75,260
18,76,287
18,77,267
18,78,259
18,79,246
18,80,274
18,81,240
18,82,234
18,83,241
18,84,237
18,85,222
18,86,233
18,87,231
18,88,289
18,89,225
18,90,241
18,91,237
18,92,275
18,93,225
18,94,229
18,95,238
18,96,223
18,97,237
18,98,225
18,99,238
18,100,229
18,101,223
18,102,219
18,103,290
18,104,222
18,105,215
18,106,206
18,107,214
18,108,222
18,109,216
18,110,210
18,111,215
18,112,213
18,113,200
18,114,215
18,115,203
18,116,213
18,117,202
18,118,211
18,119,227
18,120,209
18,121,194
18,122,213
18,123,184
18,124,229
18,125,181
18,126,205
18,127,191
18,128,198
18,129,166
18,130,195
18,131,166
18,132,175
18,133,160
18,134,142
18,135,163
18,136,120
18,137,143
18,138,138
18,139,159
18,140,136
18,141,141
18,142,125
18,143,1520
18,144,425
18,145,159
18,146,127
18,147,143
18,148,212
18,149,146
18,150,143
18,151,145
18,152,141
18,153,146
18,154,134
18,155,187
18,156,148
18,157,186
18,158,162
18,159,165
18,160,199
18,161,182
18,162,150
18,163,155
18,164,149
18,165,155
18,166,155
18,167,157
18,168,151
18,169,163
18,170,173
18,171,184
18,172,158
18,173,169
18,174,190
18,175,160
18,176,155
18,177,173
18,178,195
18,179,1843
18,180,165
18,181,190
18,182,167
18,183,211
18,184,177
18,185,199
18,186,150
18,187,173
18,188,193
18,189,190
18,190,150
18,191,209
18,192,165
18,193,186
18,194,153
18,195,186
18,196,159
18,197,214
18,198,193
18,199,183
18,200,169
18,201,201
18,202,177
18,203,198
18,204,164
18,205,206
18,206,174
18,207,213
18,208,174
18,209,220
18,210,1508
18,211,256
18,212,177
18,213,328
18,214,202
18,215,348
18,216,175
18,217,245
18,218,191
18,219,272
18,220,201
18,221,701
18,222,203
18,223,278
18,224,212
18,225,297
18,226,218
18,227,306
18,228,220
18,229,307
18,230,241
18,231,304
18,232,246
18,233,339
18,234,261
18,235,3470
18,236,282
18,237,362
18,238,355
18,239,384
18,240,328
18,241,397
18,242,355
18,243,423
18,244,368
18,245,624
18,246,468
18,247,462
18,248,413
18,249,501
18,250,434
18,251,507
18,252,471
18,253,512
18,254,540
18,255,501
18,256,421
19,1,285
19,2,325
19,3,300
19,4,328
19,5,303
19,6,328
19,7,333
19,8,559
19,9,326
19,10,366
19,11,322
19,12,351
19,13,387
19,14,363
19,15,341
19,16,369
19,17,326
19,18,361
19,19,323
19,20,355
19,21,314
19,22,368
19,23,2502
19,24,362
19,25,337
19,26,364
19,27,359
19,28,817
19,29,349
19,30,473
19,31,370
19,32,403
19,33,375
19,34,426
19,35,397
19,36,431
19,37,437
19,38,560
19,39,433
19,40,463
19,41,426
19,42,468
19,43,448
19,44,452
19,45,367
19,46,370
19,47,311
19,48,263
19,49,277
19,50,241
19,51,326
19,52,349
19,53,258
19,54,290
19,55,289
19,56,283
19,57,255
19,58,277
19,59,400
19,60,275
19,61,285
19,62,273
19,63,248
19,64,320
19,65,246
19,66,259
19,67,263
19,68,291
19,69,249
19,70,260
19,71,422
19,72,251
19,73,331
19,74,255
19,75,262
19,76,287
19,77,267
19,78,258
19,79,245
19,80,273
19,81,240
19,82,233
19,83,242
19,84,236
19,85,221
19,86,231
19,87,233
19,88,287
19,89,226
19,90,240
19,91,238
19,92,275
19,93,223
19,94,227
19,95,239
19,96,221
19,97,238
19,98,227
19,99,239
19,100,227
19,101,222
19,102,219
19,103,290
19,104,221
19,105,216
19,106,206
19,107,217
19,108,220
19,109,217
19,110,209
19,111,216
19,112,213
19,113,201
19,114,215
19,115,205
19,116,211
19,117,203
19,118,211
19,119,228
19,120,208
19,121,194
19,122,211
19,123,184
19,124,226
19,125,182
19,126,204
19,127,192
19,128,197
19,129,168
19,130,194
19,131,166
19,132,177
19,133,160
19,134,141
19,135,163
19,136,119
19,137,144
19,138,138
19,139,159
19,140,135
19,141,139
19,142,126
19,143,1501
19,144,425
19,145,163
19,146,127
19,147,144
19,148,212
19,149,147
19,150,143
19,151,145
19,152,141
19,153,147
19,154,133
19,155,187
19,156,149
19,157,187
19,158,161
19,159,165
19,160,197
19,161,182
19,162,149
19,163,155
19,164,149
19,165,156
19,166,156
19,167,160
19,168,150
19,169,163
19,170,173
19,171,187
19,172,157
19,173,170
19,174,190
19,175,161
19,176,156
19,177,173
19,178,196
19,179,1842
19,180,164
19,181,191
19,182,165
19,183,214
19,184,176
19,185,200
19,186,148
19,187,174
19,188,191
19,189,189
19,190,151
19,191,208
19,192,163
19,193,187
19,194,151
19,195,186
19,196,159
19,197,213
19,198,193
19,199,184
19,200,169
19,201,202
19,202,178
19,203,200
19,204,165
19,205,207
19,206,173
19,207,212
19,208,172
19,209,220
19,210,1509
19,211,254
19,212,175
19,213,332
19,214,204
19,215,348
19,216,176
19,217,245
19,218,191
19,219,273
19,220,202
19,221,703
19,222,202
19,223,278
19,224,214
19,225,296
19,226,217
19,227,306
19,228,218
19,229,309
19,230,241
19,231,306
19,232,246
19,233,337
19,234,260
19,235,3473
19,236,279
19,237,362
19,238,354
19,239,385
19,240,328
19,241,397
19,242,355
19,243,424
19,244,368
19,245,627
19,246,466
19,247,463
19,248,415
19,249,500
19,250,435
19,251,507
19,252,471
19,253,513
19,254,533
19,255,500
19,256,419
20,1,285
20,2,325
20,3,300
20,4,328
20,5,303
20,6,328
20,7,333
20,8,559
20,9,326
20,10,366
20,11,322
20,12,351
20,13,387
20,14,363
20,15,341
20,16,369
20,17,326
20,18,361
20,19,323
20,20,355
20,21,314
20,22,368
20,23,2502
20,24,362
20,25,337
20,26,364
20,27,359
20,28,817
20,29,349
20,30,473
20,31,370
20,32,403
20,33,375
20,34,426
20,35,397
20,36,431
20,37,437
20,38,560
20,39,433
20,40,463
20,41,426
20,42,468
20,43,448
20,44,452
20,45,367
20,46,370
20,47,311
20,48,263
20,49,277
20,50,241
20,51,326
20,52,349
20,53,258
20,54,290
20,55,289
20,56,283
20,57,255
20,58,277
20,59,400
20,60,275
20,61,285
20,62,273
20,63,248
20,64,320
20,65,246
20,66,259
20,67,263
20,68,291
20,69,249
20,70,260
20,71,422
20,72,251
20,73,331
20,74,255
20,75,262
20,76,287
20,77,267
20,78,258
20,79,245
20,80,273
20,81,240
20,82,233
20,83,242
20,84,236
20,85,221
20,86,231
20,87,233
20,88,287
20,89,226
20,90,240
20,91,238
20,92,275
20,93,223
20,94,227
20,95,239
20,96,221
20,97,238
20,98,227
20,99,239
20,100,227
20,101,222
20,102,219
20,103,290
20,104,221
20,105,216
20,106,206
20,107,217
20,108,220
20,109,217
20,110,209
20,111,216
20,112,213
20,113,201
20,114,215
20,115,205
20,116,211
20,117,203
20,118,211
20,119,228
20,120,208
20,121,194
20,122,211
20,123,184
20,124,226
20,125,182
20,126,204
20,127,192
20,128,197
20,129,168
20,130,194
20,131,166
20,132,177
20,133,160
20,134,141
20,135,163
20,136,119
20,137,144
20,138,138
20,139,159
20,140,135
20,141,139
20,142,126
20,143,1501
20,144,425
20,145,163
20,146,127
20,147,144
20,148,212
20,149,147
20,150,143
20,151,145
20,152,141
20,153,147
20,154,133
20,155,187
20,156,149
20,157,187
20,158,161
20,159,165
20,160,197
20,161,182
20,162,149
20,163,155
20,164,149
20,165,156
20,166,156
20,167,160
20,168,150
20,169,163
20,170,173
20,171,187
20,172,157
20,173,170
20,174,190
20,175,161
20,176,156
20,177,173
20,178,196
20,179,1842
20,180,164
20,181,191
20,182,165
20,183,214
20,184,176
20,185,200
20,186,148
20,187,174
20,188,191
20,189,189
20,190,151
20,191,208
20,192,163
20,193,187
20,194,151
20,195,186
20,196,159
20,197,213
20,198,193
20,199,184
20,200,169
20,201,202
20,202,178
20,203,200
20,204,165
20,205,207
20,206,173
20,207,212
20,208,172
20,209,220
20,210,1509
20,211,254
20,212,175
20,213,332
20,214,204
20,215,348
20,216,176
20,217,245
20,218,191
20,219,273
20,220,202
20,221,703
20,222,202
20,223,278
20,224,214
20,225,296
20,226,217
20,227,306
20,228,218
20,229,309
20,230,241
20,231,306
20,232,246
20,233,337
20,234,260
20,235,3473
20,236,279
20,237,362
20,238,354
20,239,385
20,240,328
20,241,397
20,242,355
20,243,424
20,244,368
20,245,627
20,246,466
20,247,463
20,248,415
20,249,500
20,250,435
20,251,507
20,252,471
20,253,513
20,254,533
20,255,500
20,256,419
21,1,284
21,2,326
21,3,301
21,4,328
21,5,302
21,6,329
21,7,331
21,8,557
21,9,326
21,10,366
21,11,322
21,12,352
21,13,387
21,14,362
21,15,343
21,16,368
21,17,325
21,18,358
21,19,323
21,20,354
21,21,314
21,22,368
21,23,2406
21,24,362
21,25,337
21,26,363
21,27,358
21,28,815
21,29,349
21,30,460
21,31,372
21,32,404
21,33,377
21,34,427
21,35,398
21,36,431
21,37,438
21,38,556
21,39,434
21,40,463
21,41,426
21,42,468
21,43,447
21,44,450
21,45,367
21,46,371
21,47,311
21,48,263
21,49,280
21,50,240
21,51,321
21,52,348
21,53,259
21,54,288
21,55,289
21,56,281
21,57,255
21,58,276
21,59,401
21,60,273
21,61,285
21,62,273
21,63,246
21,64,322
21,65,247
21,66,259
21,67,263
21,68,290
21,69,248
21,70,260
21,71,422
21,72,250
21,73,358
21,74,255
21,75,263
21,76,287
21,77,268
21,78,256
21,79,247
21,80,272
21,81,240
21,82,232
21,83,243
21,84,236
21,85,223
21,86,234
21,87,232
21,88,288
21,89,226
21,90,239
21,91,238
21,92,276
21,93,225
21,94,227
21,95,241
21,96,223
21,97,239
21,98,223
21,99,240
21,100,227
21,101,223
21,102,218
21,103,285
21,104,222
21,105,218
21,106,207
21,107,216
21,108,220
21,109,216
21,110,208
21,111,216
21,112,212
21,113,199
21,114,215
21,115,204
21,116,212
21,117,201
21,118,209
21,119,229
21,120,207
21,121,195
21,122,214
21,123,185
21,124,227
21,125,182
21,126,203
21,127,193
21,128,197
21,129,167
21,130,194
21,131,167
21,132,174
21,133,160
21,134,141
21,135,164
21,136,119
21,137,144
21,138,138
21,139,160
21,140,136
21,141,141
21,142,125
21,143,1502
21,144,423
21,145,162
21,146,126
21,147,146
21,148,210
21,149,147
21,150,142
21,151,146
21,152,140
21,153,147
21,154,134
21,155,186
21,156,147
21,157,187
21,158,161
21,159,167
21,160,191
21,161,182
21,162,150
21,163,156
21,164,150
21,165,157
21,166,156
21,167,159
21,168,151
21,169,163
21,170,173
21,171,187
21,172,156
21,173,170
21,174,190
21,175,160
21,176,154
21,177,173
21,178,193
21,179,1848
21,180,163
21,181,191
21,182,165
21,183,213
21,184,175
21,185,200
21,186,147
21,187,175
21,188,191
21,189,189
21,190,150
21,191,209
21,192,165
21,193,186
21,194,152
21,195,187
21,196,157
21,197,213
21,198,193
21,199,184
21,200,168
21,201,201
21,202,177
21,203,201
21,204,165
21,205,208
21,206,172
21,207,213
21,208,173
21,209,221
21,210,1509
21,211,255
21,212,175
21,213,332
21,214,201
21,215,346
21,216,175
21,217,246
21,218,190
21,219,273
21,220,201
21,221,703
21,222,202
21,223,278
21,224,212
21,225,297
21,226,216
21,227,309
21,228,217
21,229,309
21,230,241
21,231,305
21,232,245
21,233,337
21,234,261
21,235,3471
21,236,279
21,237,363
21,238,353
21,239,383
21,240,328
21,241,398
21,242,354
21,243,425
21,244,368
21,245,626
21,246,456
21,247,463
21,248,414
21,249,502
21,250,434
21,251,509
21,252,468
21,253,514
21,254,539
21,255,502
21,256,420
22,1,284
22,2,326
22,3,301
22,4,328
22,5,302
22,6,329
22,7,331
22,8,557
22,9,326
22,10,366
22,11,322
22,12,352
22,13,387
22,14,362
22,15,343
22,16,368
22,17,325
22,18,358
22,19,323
22,20,354
22,21,314
22,22,368
22,23,2406
22,24,362
22,25,337
22,26,363
22,27,358
22,28,815
22,29,349
22,30,460
22,31,372
22,32,404
22,33,377
22,34,427
22,35,398
22,36,431
22,37,438
22,38,556
22,39,434
22,40,463
22,41,426
22,42,468
22,43,447
22,44,450
22,45,367
22,46,371
22,47,311
22,48,263
22,49,280
22,50,240
22,51,321
22,52,348
22,53,259
22,54,288
22,55,289
22,56,281
22,57,255
22,58,276
22,59,401
22,60,273
22,61,285
22,62,273
22,63,246
22,64,322
22,65,247
22,66,259
22,67,263
22,68,290
22,69,248
22,70,260
22,71,422
22,72,250
22,73,358
22,74,255
22,75,263
22,76,287
22,77,268
22,78,256
22,79,247
22,80,272
22,81,240
22,82,232
22,83,243
22,84,236
22,85,223
22,86,234
22,87,232
22,88,288
22,89,226
22,90,239
22,91,238
22,92,276
22,93,225
22,94,227
22,95,241
22,96,223
22,97,239
22,98,223
22,99,240
22,100,227
22,101,223
22,102,218
22,103,285
22,104,222
22,105,218
22,106,207
22,107,216
22,108,220
22,109,216
22,110,208
22,111,216
22,112,212
22,113,199
22,114,215
22,115,204
22,116,212
22,117,201
22,118,209
22,119,229
22,120,207
22,121,195
22,122,214
22,123,185
22,124,227
22,125,182
22,126,203
22,127,193
22,128,197
22,129,167
22,130,194
22,131,167
22,132,174
22,133,160
22,134,141
22,135,164
22,136,119
22,137,144
22,138,138
22,139,160
22,140,136
22,141,141
22,142,125
22,143,1502
22,144,423
22,145,162
22,146,126
22,147,146
22,148,210
22,149,147
22,150,142
22,151,146
22,152,140
22,153,147
22,154,134
22,155,186
22,156,147
22,157,187
22,158,161
22,159,167
22,160,191
22,161,182
22,162,150
22,163,156
22,164,150
22,165,157
22,166,156
22,167,159
22,168,151
22,169,163
22,170,173
22,171,187
22,172,156
22,173,170
22,174,190
22,175,160
22,176,154
22,177,173
22,178,193
22,179,1848
22,180,163
22,181,191
22,182,165
22,183,213
22,184,175
22,185,200
22,186,147
22,187,175
22,188,191
22,189,189
22,190,150
22,191,209
22,192,165
22,193,186
22,194,152
22,195,187
22,196,157
22,197,213
22,198,193
22,199,184
22,200,168
22,201,201
22,202,177
22,203,201
22,204,165
22,205,208
22,206,172
22,207,213
22,208,173
22,209,221
22,210,1509
22,211,255
22,212,175
22,213,332
22,214,201
22,215,346
22,216,175
22,217,246
22,218,190
22,219,273
22,220,201
22,221,703
22,222,202
22,223,278
22,224,212
22,225,297
22,226,216
22,227,309
22,228,217
22,229,309
22,230,241
22,231,305
22,232,245
22,233,337
22,234,261
22,235,3471
22,236,279
22,237,363
22,238,353
22,239,383
22,240,328
22,241,398
22,242,354
22,243,425
22,244,368
22,245,626
22,246,456
22,247,463
22,248,414
22,249,502
22,250,434
22,251,509
22,252,468
22,253,514
22,254,539
22,255,502
22,256,420
23,1,285
23,2,324
23,3,301
23,4,329
23,5,302
23,6,329
23,7,333
23,8,556
23,9,325
23,10,365
23,11,322
23,12,351
23,13,388
23,14,364
23,15,341
23,16,368
23,17,326
23,18,360
23,19,322
23,20,354
23,21,313
23,22,367
23,23,2403
23,24,362
23,25,339
23,26,363
23,27,357
23,28,815
23,29,348
23,30,467
23,31,374
23,32,403
23,33,375
23,34,425
23,35,399
23,36,431
23,37,439
23,38,560
23,39,434
23,40,463
23,41,426
23,42,471
23,43,448
23,44,451
23,45,367
23,46,372
23,47,312
23,48,263
23,49,278
23,50,239
23,51,323
23,52,346
23,53,260
23,54,288
23,55,291
23,56,282
23,57,255
23,58,277
23,59,402
23,60,274
23,61,285
23,62,273
23,63,247
23,64,322
23,65,245
23,66,259
23,67,263
23,68,291
23,69,249
23,70,259
23,71,421
23,72,250
23,73,362
23,74,255
23,75,260
23,76,286
23,77,266
23,78,258
23,79,247
23,80,271
23,81,239
23,82,234
23,83,242
23,84,236
23,85,222
23,86,233
23,87,232
23,88,290
23,89,227
23,90,239
23,91,238
23,92,277
23,93,226
23,94,227
23,95,240
23,96,222
23,97,237
23,98,224
23,99,239
23,100,227
23,101,222
23,102,218
23,103,292
23,104,221
23,105,216
23,106,205
23,107,215
23,108,220
23,109,215
23,110,209
23,111,215
23,112,214
23,113,200
23,114,214
23,115,203
23,116,211
23,117,202
23,118,210
23,119,228
23,120,207
23,121,195
23,122,211
23,123,186
23,124,227
23,125,183
23,126,203
23,127,192
23,128,197
23,129,167
23,130,195
23,131,167
23,132,173
23,133,160
23,134,141
23,135,163
23,136,118
23,137,143
23,138,138
23,139,159
23,140,135
23,141,140
23,142,126
23,143,1502
23,144,425
23,145,161
23,146,126
23,147,146
23,148,210
23,149,148
23,150,142
23,151,146
23,152,141
23,153,147
23,154,133
23,155,186
23,156,147
23,157,188
23,158,162
23,159,169
23,160,200
23,161,182
23,162,149
23,163,156
23,164,149
23,165,156
23,166,156
23,167,160
23,168,151
23,169,163
23,170,172
23,171,186
23,172,156
23,173,169
23,174,189
23,175,160
23,176,154
23,177,173
23,178,197
23,179,1855
23,180,164
23,181,192
23,182,166
23,183,211
23,184,177
23,185,199
23,186,149
23,187,173
23,188,191
23,189,188
23,190,150
23,191,210
23,192,163
23,193,186
23,194,152
23,195,186
23,196,159
23,197,213
23,198,193
23,199,184
23,200,169
23,201,201
23,202,177
23,203,199
23,204,164
23,205,207
23,206,173
23,207,212
23,208,172
23,209,221
23,210,1509
23,211,253
23,212,177
23,213,330
23,214,202
23,215,350
23,216,175
23,217,246
23,218,192
23,219,274
23,220,202
23,221,708
23,222,202
23,223,287
23,224,229
23,225,338
23,226,228
23,227,323
23,228,220
23,229,315
23,230,241
23,231,309
23,232,246
23,233,341
23,234,261
23,235,3457
23,236,280
23,237,364
23,238,354
23,239,384
23,240,327
23,241,397
23,242,355
23,243,424
23,244,367
23,245,625
23,246,463
23,247,463
23,248,414
23,249,500
23,250,435
23,251,508
23,252,469
23,253,515
23,254,533
23,255,502
23,256,420
24,1,285
24,2,324
24,3,301
24,4,329
24,5,302
24,6,329
24,7,333
24,8,556
24,9,325
24,10,365
24,11,322
24,12,351
24,13,388
24,14,364
24,15,341
24,16,368
24,17,326
24,18,360
24,19,322
24,20,354
24,21,313
24,22,367
24,23,2403
24,24,362
24,25,339
24,26,363
24,27,357
24,28,815
24,29,348
24,30,467
24,31,374
24,32,403
24,33,375
24,34,425
24,35,399
24,36,431
24,37,439
24,38,560
24,39,434
24,40,463
24,41,426
24,42,471
24,43,448
24,44,451
24,45,367
24,46,372
24,47,312
24,48,263
24,49,278
24,50,239
24,51,323
24,52,346
24,53,260
24,54,288
24,55,291
24,56,282
24,57,255
24,58,277
24,59,402
24,60,274
24,61,285
24,62,273
24,63,247
24,64,322
24,65,245
24,66,259
24,67,263
24,68,291
24,69,249
24,70,259
24,71,421
24,72,250
24,73,362
24,74,255
24,75,260
24,76,286
24,77,266
24,78,258
24,79,247
24,80,271
24,81,239
24,82,234
24,83,242
24,84,236
24,85,222
24,86,233
24,87,232
24,88,290
24,89,227
24,90,239
24,91,238
24,92,277
24,93,226
24,94,227
24,95,240
24,96,222
24,97,237
24,98,224
24,99,239
24,100,227
24,101,222
24,102,218
24,103,292
24,104,221
24,105,216
24,106,205
24,107,215
24,108,220
24,109,215
24,110,209
24,111,215
24,112,214
24,113,200
24,114,214
24,115,203
24,116,211
24,117,202
24,118,210
24,119,228
24,120,207
24,121,195
24,122,211
24,123,186
24,124,227
24,125,183
24,126,203
24,127,192
24,128,197
24,129,167
24,130,195
24,131,167
24,132,173
24,133,160
24,134,141
24,135,163
24,136,118
24,137,143
24,138,138
24,139,159
24,140,135
24,141,140
24,142,126
24,143,1502
24,144,425
24,145,161
24,146,126
24,147,146
24,148,210
24,149,148
24,150,142
24,151,146
24,152,141
24,153,147
24,154,133
24,155,186
24,156,147
24,157,188
24,158,162
24,159,169
24,160,200
24,161,182
24,162,149
24,163,156
24,164,149
24,165,156
24,166,156
24,167,160
24,168,151
24,169,163
24,170,172
24,171,186
24,172,156
24,173,169
24,174,189
24,175,160
24,176,154
24,177,173
24,178,197
24,179,1855
24,180,164
24,181,192
24,182,166
24,183,211
24,184,177
24,185,199
24,186,149
24,187,173
24,188,191
24,189,188
24,190,150
24,191,210
24,192,163
24,193,186
24,194,152
24,195,186
24,196,159
24,197,213
24,198,193
24,199,184
24,200,169
24,201,201
24,202,177
24,203,199
24,204,164
24,205,207
24,206,173
24,207,212
24,208,172
24,209,221
24,210,1509
24,211,253
24,212,177
24,213,330
24,214,202
24,215,350
24,216,175
24,217,246
24,218,192
24,219,274
24,220,202
24,221,708
24,222,202
24,223,287
24,224,229
24,225,338
24,226,228
24,227,323
24,228,220
24,229,315
24,230,241
24,231,309
24,232,246
24,233,341
24,234,261
24,235,3457
24,236,280
24,237,364
24,238,354
24,239,384
24,240,327
24,241,397
24,242,355
24,243,424
24,244,367
24,245,625
24,246,463
24,247,463
24,248,414
24,249,500
24,250,435
24,251,508
24,252,469
24,253,515
24,254,533
24,255,502
24,256,420
25,1,283
25,2,323
25,3,302
25,4,328
25,5,302
25,6,327
25,7,333
25,8,551
25,9,325
25,10,365
25,11,321
25,12,350
25,13,387
25,14,361
25,15,342
25,16,367
25,17,325
25,18,359
25,19,322
25,20,354
25,21,314
25,22,367
25,23,2408
25,24,362
25,25,338
25,26,363
25,27,359
25,28,815
25,29,348
25,30,479
25,31,373
25,32,403
25,33,377
25,34,426
25,35,400
25,36,430
25,37,437
25,38,564
25,39,433
25,40,463
25,41,425
25,42,471
25,43,450
25,44,451
25,45,368
25,46,372
25,47,311
25,48,262
25,49,278
25,50,241
25,51,330
25,52,347
25,53,259
25,54,287
25,55,290
25,56,282
25,57,256
25,58,276
25,59,400
25,60,276
25,61,286
25,62,272
25,63,247
25,64,321
25,65,247
25,66,257
25,67,259
25,68,289
25,69,252
25,70,261
25,71,423
25,72,251
25,73,359
25,74,254
25,75,262
25,76,285
25,77,268
25,78,257
25,79,246
25,80,270
25,81,240
25,82,234
25,83,242
25,84,236
25,85,222
25,86,234
25,87,231
25,88,289
25,89,225
25,90,239
25,91,237
25,92,278
25,93,226
25,94,227
25,95,240
25,96,222
25,97,238
25,98,222
25,99,240
25,100,228
25,101,222
25,102,218
25,103,288
25,104,221
25,105,216
25,106,206
25,107,215
25,108,220
25,109,215
25,110,209
25,111,215
25,112,212
25,113,200
25,114,214
25,115,204
25,116,211
25,117,203
25,118,211
25,119,226
25,120,207
25,121,237
25,122,213
25,123,188
25,124,228
25,125,181
25,126,203
25,127,193
25,128,197
25,129,167
25,130,195
25,131,166
25,132,175
25,133,159
25,134,144
25,135,163
25,136,119
25,137,144
25,138,138
25,139,159
25,140,135
25,141,141
25,142,125
25,143,1503
25,144,423
25,145,160
25,146,126
25,147,145
25,148,211
25,149,147
25,150,142
25,151,145
25,152,141
25,153,146
25,154,133
25,155,185
25,156,147
25,157,187
25,158,159
25,159,166
25,160,198
25,161,181
25,162,149
25,163,154
25,164,150
25,165,157
25,166,156
25,167,159
25,168,151
25,169,163
25,170,174
25,171,186
25,172,155
25,173,170
25,174,190
25,175,159
25,176,155
25,177,172
25,178,194
25,179,1845
25,180,165
25,181,192
25,182,164
25,183,212
25,184,176
25,185,201
25,186,148
25,187,174
25,188,191
25,189,187
25,190,149
25,191,208
25,192,163
25,193,186
25,194,152
25,195,186
25,196,159
25,197,213
25,198,193
25,199,183
25,200,169
25,201,201
25,202,177
25,203,199
25,204,164
25,205,207
25,206,173
25,207,212
25,208,172
25,209,221
25,210,1507
25,211,254
25,212,176
25,213,333
25,214,200
25,215,347
25,216,175
25,217,246
25,218,190
25,219,273
25,220,202
25,221,708
25,222,201
25,223,279
25,224,213
25,225,296
25,226,217
25,227,307
25,228,217
25,229,309
25,230,241
25,231,305
25,232,245
25,233,338
25,234,259
25,235,3460
25,236,279
25,237,362
25,238,354
25,239,387
25,240,327
25,241,396
25,242,354
25,243,423
25,244,368
25,245,626
25,246,468
25,247,461
25,248,413
25,249,501
25,250,434
25,251,508
25,252,470
25,253,514
25,254,537
25,255,501
25,256,420
26,1,283
26,2,323
26,3,302
26,4,328
26,5,302
26,6,327
26,7,333
26,8,551
26,9,325
26,10,365
26,11,321
26,12,350
26,13,387
26,14,361
26,15,342
26,16,367
26,17,325
26,18,359
26,19,322
26,20,354
26,21,314
26,22,367
26,23,2408
26,24,362
26,25,338
26,26,363
26,27,359
26,28,815
26,29,348
26,30,479
26,31,373
26,32,403
26,33,377
26,34,426
26,35,400
26,36,430
26,37,437
26,38,564
26,39,433
26,40,463
26,41,425
26,42,471
26,43,450
26,44,451
26,45,368
26,46,372
26,47,311
26,48,262
26,49,278
26,50,241
26,51,330
26,52,347
26,53,259
26,54,287
26,55,290
26,56,282
26,57,256
26,58,276
26,59,400
26,60,276
26,61,286
26,62,272
26,63,247
26,64,321
26,65,247
26,66,257
26,67,259
26,68,289
26,69,252
26,70,261
26,71,423
26,72,251
26,73,359
26,74,254
26,75,262
26,76,285
26,77,268
26,78,257
26,79,246
26,80,270
26,81,240
26,82,234
26,83,242
26,84,236
26,85,222
26,86,234
26,87,231
26,88,289
26,89,225
26,90,239
26,91,237
26,92,278
26,93,226
26,94,227
26,95,240
26,96,222
26,97,238
26,98,222
26,99,240
26,100,228
26,101,222
26,102,218
26,103,288
26,104,221
26,105,216
26,106,206
26,107,215
26,108,220
26,109,215
26,110,209
26,111,215
26,112,212
26,113,200
26,114,214
26,115,204
26,116,211
26,117,203
26,118,211
26,119,226
26,120,207
26,121,237
26,122,213
26,123,188
26,124,228
26,125,181
26,126,203
26,127,193
26,128,197
26,129,167
26,130,195
26,131,166
26,132,175
26,133,159
26,134,144
26,135,163
26,136,119
26,137,144
26,138,138
26,139,159
26,140,135
26,141,141
26,142,125
26,143,1503
26,144,423
26,145,160
26,146,126
26,147,145
26,148,211
26,149,147
26,150,142
26,151,145
26,152,141
26,153,146
26,154,133
26,155,185
26,156,147
26,157,187
26,158,159
26,159,166
26,160,198
26,161,181
26,162,149
26,163,154
26,164,150
26,165,157
26,166,156
26,167,159
26,168,151
26,169,163
26,170,174
26,171,186
26,172,155
26,173,170
26,174,190
26,175,159
26,176,155
26,177,172
26,178,194
26,179,1845
26,180,165
26,181,192
26,182,164
26,183,212
26,184,176
26,185,201
26,186,148
26,187,174
26,188,191
26,189,187
26,190,149
26,191,208
26,192,163
26,193,186
26,194,152
26,195,186
26,196,159
26,197,213
26,198,193
26,199,183
26,200,169
26,201,201
26,202,177
26,203,199
26,204,164
26,205,207
26,206,173
26,207,212
26,208,172
26,209,221
26,210,1507
26,211,254
26,212,176
26,213,333
26,214,200
26,215,347
26,216,175
26,217,246
26,218,190
26,219,273
26,220,202
26,221,708
26,222,201
26,223,279
26,224,213
26,225,296
26,226,217
26,227,307
26,228,217
26,229,309
26,230,241
26,231,305
26,232,245
26,233,338
26,234,259
26,235,3460
26,236,279
26,237,362
26,238,354
26,239,387
26,240,327
26,241,396
26,242,354
26,243,423
26,244,368
26,245,626
26,246,468
26,247,461
26,248,413
26,249,501
26,250,434
26,251,508
26,252,470
26,253,514
26,254,537
26,255,501
26,256,420
27,1,285
27,2,327
27,3,303
27,4,329
27,5,302
27,6,328
27,7,333
27,8,557
27,9,325
27,10,367
27,11,322
27,12,351
27,13,386
27,14,364
27,15,342
27,16,368
27,17,325
27,18,359
27,19,322
27,20,354
27,21,314
27,22,370
27,23,2493
27,24,363
27,25,336
27,26,363
27,27,366
27,28,816
27,29,348
27,30,463
27,31,372
27,32,403
27,33,376
27,34,427
27,35,399
27,36,430
27,37,439
27,38,561
27,39,434
27,40,463
27,41,427
27,42,471
27,43,449
27,44,452
27,45,367
27,46,373
27,47,311
27,48,261
27,49,276
27,50,241
27,51,324
27,52,346
27,53,260
27,54,289
27,55,292
27,56,283
27,57,255
27,58,279
27,59,400
27,60,277
27,61,285
27,62,272
27,63,247
27,64,322
27,65,247
27,66,261
27,67,261
27,68,294
27,69,249
27,70,261
27,71,422
27,72,251
27,73,357
27,74,256
27,75,262
27,76,287
27,77,268
27,78,259
27,79,247
27,80,275
27,81,239
27,82,235
27,83,242
27,84,236
27,85,223
27,86,235
27,87,232
27,88,287
27,89,226
27,90,240
27,91,238
27,92,275
27,93,225
27,94,229
27,95,242
27,96,222
27,97,239
27,98,223
27,99,241
27,100,229
27,101,222
27,102,220
27,103,290
27,104,222
27,105,218
27,106,207
27,107,218
27,108,222
27,109,216
27,110,209
27,111,216
27,112,214
27,113,201
27,114,216
27,115,203
27,116,211
27,117,202
27,118,212
27,119,227
27,120,208
27,121,195
27,122,213
27,123,186
27,124,228
27,125,182
27,126,205
27,127,192
27,128,197
27,129,168
27,130,194
27,131,165
27,132,175
27,133,160
27,134,142
27,135,163
27,136,119
27,137,145
27,138,140
27,139,160
27,140,136
27,141,141
27,142,127
27,143,1501
27,144,435
27,145,161
27,146,127
27,147,145
27,148,213
27,149,147
27,150,143
27,151,146
27,152,141
27,153,148
27,154,134
27,155,186
27,156,148
27,157,186
27,158,162
27,159,166
27,160,197
27,161,182
27,162,150
27,163,157
27,164,150
27,165,156
27,166,157
27,167,158
27,168,150
27,169,163
27,170,174
27,171,187
27,172,157
27,173,170
27,174,192
27,175,162
27,176,155
27,177,173
27,178,193
27,179,1853
27,180,165
27,181,192
27,182,166
27,183,213
27,184,177
27,185,201
27,186,149
27,187,174
27,188,191
27,189,188
27,190,150
27,191,210
27,192,165
27,193,187
27,194,153
27,195,186
27,196,160
27,197,214
27,198,194
27,199,184
27,200,170
27,201,201
27,202,177
27,203,199
27,204,165
27,205,208
27,206,174
27,207,213
27,208,173
27,209,220
27,210,1508
27,211,256
27,212,175
27,213,332
27,214,201
27,215,347
27,216,176
27,217,246
27,218,191
27,219,273
27,220,202
27,221,703
27,222,202
27,223,277
27,224,213
27,225,297
27,226,217
27,227,307
27,228,219
27,229,310
27,230,242
27,231,306
27,232,246
27,233,338
27,234,261
27,235,3464
27,236,280
27,237,363
27,238,355
27,239,383
27,240,328
27,241,396
27,242,356
27,243,424
27,244,370
27,245,616
27,246,464
27,247,463
27,248,413
27,249,501
27,250,434
27,251,507
27,252,470
27,253,514
27,254,534
27,255,501
27,256,421
28,1,285
28,2,327
28,3,303
28,4,329
28,5,302
28,6,328
28,7,333
28,8,557
28,9,325
28,10,367
28,11,322
28,12,351
28,13,386
28,14,364
28,15,342
28,16,368
28,17,325
28,18,359
28,19,322
28,20,354
28,21,314
28,22,370
28,23,2493
28,24,363
28,25,336
28,26,363
28,27,366
28,28,816
28,29,348
28,30,463
28,31,372
28,32,403
28,33,376
28,34,427
28,35,399
28,36,430
28,37,439
28,38,561
28,39,434
28,40,463
28,41,427
28,42,471
28,43,449
28,44,452
28,45,367
28,46,373
28,47,311
28,48,261
28,49,276
28,50,241
28,51,324
28,52,346
28,53,260
28,54,289
28,55,292
28,56,283
28,57,255
28,58,279
28,59,400
28,60,277
28,61,285
28,62,272
28,63,247
28,64,322
28,65,247
28,66,261
28,67,261
28,68,294
28,69,249
28,70,261
28,71,422
28,72,251
28,73,357
28,74,256
28,75,262
28,76,287
28,77,268
28,78,259
28,79,247
28,80,275
28,81,239
28,82,235
28,83,242
28,84,236
28,85,223
28,86,235
28,87,232
28,88,287
28,89,226
28,90,240
28,91,238
28,92,275
28,93,225
28,94,229
28,95,242
28,96,222
28,97,239
28,98,223
28,99,241
28,100,229
28,101,222
28,102,220
28,103,290
28,104,222
28,105,218
28,106,207
28,107,218
28,108,222
28,109,216
28,110,209
28,111,216
28,112,214
28,113,201
28,114,216
28,115,203
28,116,211
28,117,202
28,118,212
28,119,227
28,120,208
28,121,195
28,122,213
28,123,186
28,124,228
28,125,182
28,126,205
28,127,192
28,128,197
28,129,168
28,130,194
28,131,165
28,132,175
28,133,160
28,134,142
28,135,163
28,136,119
28,137,145
28,138,140
28,139,160
28,140,136
28,141,141
28,142,127
28,143,1501
28,144,435
28,145,161
28,146,127
28,147,145
28,148,213
28,149,147
28,150,143
28,151,146
28,152,141
28,153,148
28,154,134
28,155,186
28,156,148
28,157,186
28,158,162
28,159,166
28,160,197
28,161,182
28,162,150
28,163,157
28,164,150
28,165,156
28,166,157
28,167,158
28,168,150
28,169,163
28,170,174
28,171,187
28,172,157
28,173,170
28,174,192
28,175,162
28,176,155
28,177,173
28,178,193
28,179,1853
28,180,165
28,181,192
28,182,166
28,183,213
28,184,177
28,185,201
28,186,149
28,187,174
28,188,191
28,189,188
28,190,150
28,191,210
28,192,165
28,193,187
28,194,153
28,195,186
28,196,160
28,197,214
28,198,194
28,199,184
28,200,170
28,201,201
28,202,177
28,203,199
28,204,165
28,205,208
28,206,174
28,207,213
28,208,173
28,209,220
28,210,1508
28,211,256
28,212,175
28,213,332
28,214,201
28,215,347
28,216,176
28,217,246
28,218,191
28,219,273
28,220,202
28,221,703
28,222,202
28,223,277
28,224,213
28,225,297
28,226,217
28,227,307
28,228,219
28,229,310
28,230,242
28,231,306
28,232,246
28,233,338
28,234,261
28,235,3464
28,236,280
28,237,363
28,238,355
28,239,383
28,240,328
28,241,396
28,242,356
28,243,424
28,244,370
28,245,616
28,246,464
28,247,463
28,248,413
28,249,501
28,250,434
28,251,507
28,252,470
28,253,514
28,254,534
28,255,501
28,256,421
29,1,285
29,2,325
29,3,302
29,4,329
29,5,303
29,6,327
29,7,333
29,8,557
29,9,326
29,10,366
29,11,322
29,12,351
29,13,387
29,14,362
29,15,342
29,16,368
29,17,326
29,18,359
29,19,323
29,20,355
29,21,313
29,22,369
29,23,2411
29,24,363
29,25,337
29,26,364
29,27,359
29,28,815
29,29,348
29,30,460
29,31,374
29,32,405
29,33,378
29,34,428
29,35,398
29,36,431
29,37,442
29,38,562
29,39,434
29,40,464
29,41,427
29,42,471
29,43,449
29,44,454
29,45,367
29,46,373
29,47,314
29,48,264
29,49,283
29,50,242
29,51,330
29,52,348
29,53,259
29,54,290
29,55,290
29,56,282
29,57,256
29,58,277
29,59,400
29,60,275
29,61,286
29,62,273
29,63,248
29,64,321
29,65,246
29,66,260
29,67,263
29,68,291
29,69,252
29,70,261
29,71,423
29,72,252
29,73,358
29,74,256
29,75,263
29,76,289
29,77,266
29,78,258
29,79,247
29,80,273
29,81,241
29,82,234
29,83,244
29,84,237
29,85,223
29,86,234
29,87,233
29,88,289
29,89,226
29,90,242
29,91,239
29,92,273
29,93,225
29,94,227
29,95,241
29,96,223
29,97,238
29,98,225
29,99,240
29,100,230
29,101,222
29,102,219
29,103,287
29,104,223
29,105,218
29,106,207
29,107,216
29,108,222
29,109,216
29,110,209
29,111,215
29,112,214
29,113,201
29,114,215
29,115,204
29,116,212
29,117,202
29,118,212
29,119,231
29,120,209
29,121,194
29,122,211
29,123,186
29,124,227
29,125,182
29,126,205
29,127,193
29,128,197
29,129,167
29,130,195
29,131,167
29,132,173
29,133,160
29,134,142
29,135,164
29,136,119
29,137,144
29,138,139
29,139,160
29,140,135
29,141,141
29,142,125
29,143,1510
29,144,434
29,145,160
29,146,127
29,147,145
29,148,210
29,149,148
29,150,142
29,151,145
29,152,141
29,153,147
29,154,135
29,155,189
29,156,147
29,157,186
29,158,161
29,159,166
29,160,199
29,161,183
29,162,149
29,163,156
29,164,150
29,165,157
29,166,155
29,167,159
29,168,152
29,169,162
29,170,174
29,171,187
29,172,157
29,173,171
29,174,194
29,175,160
29,176,156
29,177,174
29,178,195
29,179,1846
29,180,165
29,181,193
29,182,167
29,183,212
29,184,177
29,185,201
29,186,149
29,187,174
29,188,192
29,189,189
29,190,150
29,191,210
29,192,165
29,193,186
29,194,154
29,195,186
29,196,160
29,197,213
29,198,192
29,199,184
29,200,169
29,201,201
29,202,177
29,203,199
29,204,165
29,205,207
29,206,173
29,207,213
29,208,174
29,209,220
29,210,1507
29,211,253
29,212,176
29,213,329
29,214,203
29,215,354
29,216,175
29,217,247
29,218,191
29,219,274
29,220,202
29,221,708
29,222,202
29,223,278
29,224,214
29,225,297
29,226,217
29,227,307
29,228,219
29,229,311
29,230,243
29,231,305
29,232,247
29,233,337
29,234,261
29,235,3465
29,236,281
29,237,364
29,238,354
29,239,384
29,240,329
29,241,396
29,242,355
29,243,424
29,244,370
29,245,619
29,246,466
29,247,462
29,248,416
29,249,500
29,250,435
29,251,510
29,252,470
29,253,514
29,254,537
29,255,501
29,256,421
30,1,285
30,2,325
30,3,302
30,4,329
30,5,303
30,6,327
30,7,333
30,8,557
30,9,326
30,10,366
30,11,322
30,12,351
30,13,387
30,14,362
30,15,342
30,16,368
30,17,326
30,18,359
30,19,323
30,20,355
30,21,313
30,22,369
30,23,2411
30,24,363
30,25,337
30,26,364
30,27,359
30,28,815
30,29,348
30,30,460
30,31,374
30,32,405
30,33,378
30,34,428
30,35,398
30,36,431
30,37,442
30,38,562
30,39,434
30,40,464
30,41,427
30,42,471
30,43,449
30,44,454
30,45,367
30,46,373
30,47,314
30,48,264
30,49,283
30,50,242
30,51,330
30,52,348
30,53,259
30,54,290
30,55,290
30,56,282
30,57,256
30,58,277
30,59,400
30,60,275
30,61,286
30,62,273
30,63,248
30,64,321
30,65,246
30,66,260
30,67,263
30,68,291
30,69,252
30,70,261
30,71,423
30,72,252
30,73,358
30,74,256
30,75,263
30,76,289
30,77,266
30,78,258
30,79,247
30,80,273
30,81,241
30,82,234
30,83,244
30,84,237
30,85,223
30,86,234
30,87,233
30,88,289
30,89,226
30,90,242
30,91,239
30,92,273
30,93,225
30,94,227
30,95,241
30,96,223
30,97,238
30,98,225
30,99,240
30,100,230
30,101,222
30,102,219
30,103,287
30,104,223
30,105,218
30,106,207
30,107,216
30,108,222
30,109,216
30,110,209
30,111,215
30,112,214
30,113,201
30,114,215
30,115,204
30,116,212
30,117,202
30,118,212
30,119,231
30,120,209
30,121,194
30,122,211
30,123,186
30,124,227
30,125,182
30,126,205
30,127,193
30,128,197
30,129,167
30,130,195
30,131,167
30,132,173
30,133,160
30,134,142
30,135,164
30,136,119
30,137,144
30,138,139
30,139,160
30,140,135
30,141,141
30,142,125
30,143,1510
30,144,434
30,145,160
30,146,127
30,147,145
30,148,210
30,149,148
30,150,142
30,151,145
30,152,141
30,153,147
30,154,135
30,155,189
30,156,147
30,157,186
30,158,161
30,159,166
30,160,199
30,161,183
30,162,149
30,163,156
30,164,150
30,165,157
30,166,155
30,167,159
30,168,152
30,169,162
30,170,174
30,171,187
30,172,157
30,173,171
30,174,194
30,175,160
30,176,156
30,177,174
30,178,195
30,179,1846
30,180,165
30,181,193
30,182,167
30,183,212
30,184,177
30,185,201
30,186,149
30,187,174
30,188,192
30,189,189
30,190,150
30,191,210
30,192,165
30,193,186
30,194,154
30,195,186
30,196,160
30,197,213
30,198,192
30,199,184
30,200,169
30,201,201
30,202,177
30,203,199
30,204,165
30,205,207
30,206,173
30,207,213
30,208,174
30,209,220
30,210,1507
30,211,253
30,212,176
30,213,329
30,214,203
30,215,354
30,216,175
30,217,247
30,218,191
30,219,274
30,220,202
30,221,708
30,222,202
30,223,278
30,224,214
30,225,297
30,226,217
30,227,307
30,228,219
30,229,311
30,230,243
30,231,305
30,232,247
30,233,337
30,234,261
30,235,3465
30,236,281
30,237,364
30,238,354
30,239,384
30,240,329
30,241,396
30,242,355
30,243,424
30,244,370
30,245,619
30,246,466
30,247,462
30,248,416
30,249,500
30,250,435
30,251,510
30,252,470
30,253,514
30,254,537
30,255,501
30,256,421
31,1,284
31,2,324
31,3,303
31,4,328
31,5,303
31,6,329
31,7,333
31,8,557
31,9,326
31,10,366
31,11,322
31,12,352
31,13,388
31,14,363
31,15,342
31,16,368
31,17,326
31,18,360
31,19,324
31,20,355
31,21,315
31,22,367
31,23,2406
31,24,362
31,25,338
31,26,363
31,27,358
31,28,816
31,29,349
31,30,471
31,31,374
31,32,403
31,33,377
31,34,427
31,35,399
31,36,431
31,37,441
31,38,559
31,39,434
31,40,463
31,41,427
31,42,471
31,43,450
31,44,452
31,45,369
31,46,371
31,47,314
31,48,263
31,49,280
31,50,241
31,51,329
31,52,349
31,53,261
31,54,289
31,55,290
31,56,282
31,57,256
31,58,277
31,59,401
31,60,276
31,61,287
31,62,273
31,63,247
31,64,323
31,65,248
31,66,260
31,67,261
31,68,292
31,69,252
31,70,260
31,71,422
31,72,251
31,73,361
31,74,256
31,75,263
31,76,288
31,77,269
31,78,258
31,79,246
31,80,275
31,81,240
31,82,234
31,83,243
31,84,237
31,85,222
31,86,236
31,87,233
31,88,289
31,89,227
31,90,240
31,91,238
31,92,277
31,93,226
31,94,227
31,95,241
31,96,222
31,97,238
31,98,225
31,99,241
31,100,228
31,101,224
31,102,220
31,103,291
31,104,222
31,105,217
31,106,208
31,107,217
31,108,220
31,109,217
31,110,210
31,111,217
31,112,213
31,113,201
31,114,215
31,115,205
31,116,212
31,117,203
31,118,211
31,119,229
31,120,208
31,121,195
31,122,213
31,123,186
31,124,227
31,125,182
31,126,204
31,127,193
31,128,197
31,129,167
31,130,195
31,131,167
31,132,175
31,133,160
31,134,142
31,135,164
31,136,118
31,137,144
31,138,138
31,139,160
31,140,136
31,141,140
31,142,126
31,143,1520
31,144,426
31,145,161
31,146,127
31,147,145
31,148,210
31,149,148
31,150,142
31,151,146
31,152,140
31,153,148
31,154,133
31,155,189
31,156,148
31,157,187
31,158,161
31,159,166
31,160,191
31,161,183
31,162,150
31,163,156
31,164,150
31,165,157
31,166,156
31,167,159
31,168,153
31,169,164
31,170,174
31,171,187
31,172,156
31,173,170
31,174,190
31,175,161
31,176,156
31,177,173
31,178,195
31,179,1846
31,180,166
31,181,193
31,182,165
31,183,211
31,184,176
31,185,201
31,186,149
31,187,175
31,188,192
31,189,189
31,190,151
31,191,210
31,192,166
31,193,187
31,194,151
31,195,186
31,196,160
31,197,215
31,198,195
31,199,183
31,200,170
31,201,202
31,202,178
31,203,200
31,204,165
31,205,208
31,206,173
31,207,214
31,208,174
31,209,220
31,210,1510
31,211,254
31,212,177
31,213,332
31,214,201
31,215,353
31,216,175
31,217,246
31,218,192
31,219,274
31,220,202
31,221,709
31,222,202
31,223,280
31,224,213
31,225,298
31,226,218
31,227,307
31,228,219
31,229,310
31,230,241
31,231,305
31,232,246
31,233,338
31,234,261
31,235,3478
31,236,280
31,237,363
31,238,355
31,239,384
31,240,329
31,241,395
31,242,355
31,243,423
31,244,369
31,245,629
31,246,466
31,247,464
31,248,416
31,249,502
31,250,436
31,251,509
31,252,470
31,253,517
31,254,541
31,255,502
31,256,420
32,1,284
32,2,324
32,3,303
32,4,328
32,5,303
32,6,329
32,7,333
32,8,557
32,9,326
32,10,366
32,11,322
32,12,352
32,13,388
32,14,363
32,15,342
32,16,368
32,17,326
32,18,360
32,19,324
32,20,355
32,21,315
32,22,367
32,23,2406
32,24,362
32,25,338
32,26,363
32,27,358
32,28,816
32,29,349
32,30,471
32,31,374
32,32,403
32,33,377
32,34,427
32,35,399
32,36,431
32,37,441
32,38,559
32,39,434
32,40,463
32,41,427
32,42,471
32,43,450
32,44,452
32,45,369
32,46,371
32,47,314
32,48,263
32,49,280
32,50,241
32,51,329
32,52,349
32,53,261
32,54,289
32,55,290
32,56,282
32,57,256
32,58,277
32,59,401
32,60,276
32,61,287
32,62,273
32,63,247
32,64,323
32,65,248
32,66,260
32,67,261
32,68,292
32,69,252
32,70,260
32,71,422
32,72,251
32,73,361
32,74,256
32,75,263
32,76,288
32,77,269
32,78,258
32,79,246
32,80,275
32,81,240
32,82,234
32,83,243
32,84,237
32,85,222
32,86,236
32,87,233
32,88,289
32,89,227
32,90,240
32,91,238
32,92,277
32,93,226
32,94,227
32,95,241
32,96,222
32,97,238
32,98,225
32,99,241
32,100,228
32,101,224
32,102,220
32,103,291
32,104,222
32,105,217
32,106,208
32,107,217
32,108,220
32,109,217
32,110,210
32,111,217
32,112,213
32,113,201
32,114,215
32,115,205
32,116,212
32,117,203
32,118,211
32,119,229
32,120,208
32,121,195
32,122,213
32,123,186
32,124,227
32,125,182
32,126,204
32,127,193
32,128,197
32,129,167
32,130,195
32,131,167
32,132,175
32,133,160
32,134,142
32,135,164
32,136,118
32,137,144
32,138,138
32,139,160
32,140,136
32,141,140
32,142,126
32,143,1520
32,144,426
32,145,161
32,146,127
32,147,145
32,148,210
32,149,148
32,150,142
32,151,146
32,152,140
32,153,148
32,154,133
32,155,189
32,156,148
32,157,187
32,158,161
32,159,166
32,160,191
32,161,183
32,162,150
32,163,156
32,164,150
32,165,157
32,166,156
32,167,159
32,168,153
32,169,164
32,170,174
32,171,187
32,172,156
32,173,170
32,174,190
32,175,161
32,176,156
32,177,173
32,178,195
32,179,1846
32,180,166
32,181,193
32,182,165
32,183,211
32,184,176
32,185,201
32,186,149
32,187,175
32,188,192
32,189,189
32,190,151
32,191,210
32,192,166
32,193,187
32,194,151
32,195,186
32,196,160
32,197,215
32,198,195
32,199,183
32,200,170
32,201,202
32,202,178
32,203,200
32,204,165
32,205,208
32,206,173
32,207,214
32,208,174
32,209,220
32,210,1510
32,211,254
32,212,177
32,213,332
32,214,201
32,215,353
32,216,175
32,217,246
32,218,192
32,219,274
32,220,202
32,221,709
32,222,202
32,223,280
32,224,213
32,225,298
32,226,218
32,227,307
32,228,219
32,229,310
32,230,241
32,231,305
32,232,246
32,233,338
32,234,261
32,235,3478
32,236,280
32,237,363
32,238,355
32,239,384
32,240,329
32,241,395
32,242,355
32,243,423
32,244,369
32,245,629
32,246,466
32,247,464
32,248,416
32,249,502
32,250,436
32,251,509
32,252,470
32,253,517
32,254,541
32,255,502
32,256,420
