Line,Band,Value
1,1,158
1,2,200
1,3,166
1,4,189
1,5,162
1,6,220
1,7,183
1,8,277
1,9,326
1,10,202
1,11,181
1,12,203
1,13,194
1,14,208
1,15,179
1,16,210
1,17,168
1,18,202
1,19,169
1,20,212
1,21,159
1,22,200
1,23,1007
1,24,202
1,25,173
1,26,204
1,27,186
1,28,396
1,29,176
1,30,224
1,31,177
1,32,214
1,33,167
1,34,223
1,35,202
1,36,198
1,37,186
1,38,255
1,39,172
1,40,220
1,41,175
1,42,210
1,43,173
1,44,195
1,45,176
1,46,173
1,47,137
1,48,161
1,49,156
1,50,158
1,51,235
1,52,169
1,53,156
1,54,155
1,55,136
1,56,155
1,57,134
1,58,152
1,59,205
1,60,155
1,61,152
1,62,157
1,63,129
1,64,177
1,65,134
1,66,146
1,67,144
1,68,166
1,69,126
1,70,153
1,71,222
1,72,237
1,73,186
1,74,154
1,75,143
1,76,160
1,77,187
1,78,155
1,79,143
1,80,154
1,81,146
1,82,140
1,83,149
1,84,137
1,85,134
1,86,150
1,87,152
1,88,167
1,89,139
1,90,149
1,91,145
1,92,173
1,93,149
1,94,139
1,95,151
1,96,136
1,97,172
1,98,137
1,99,148
1,100,156
1,101,142
1,102,136
1,103,167
1,104,148
1,105,141
1,106,129
1,107,140
1,108,141
1,109,137
1,110,132
1,111,143
1,112,140
1,113,134
1,114,175
1,115,152
1,116,133
1,117,130
1,118,136
1,119,144
1,120,136
1,121,128
1,122,140
1,123,122
1,124,162
1,125,124
1,126,144
1,127,131
1,128,149
1,129,112
1,130,114
1,131,109
1,132,108
1,133,113
1,134,93
1,135,129
1,136,78
1,137,109
1,138,105
1,139,123
1,140,97
1,141,110
1,142,88
1,143,725
1,144,227
1,145,136
1,146,96
1,147,117
1,148,133
1,149,117
1,150,111
1,151,118
1,152,110
1,153,128
1,154,106
1,155,142
1,156,118
1,157,136
1,158,125
1,159,137
1,160,145
1,161,133
1,162,122
1,163,149
1,164,122
1,165,128
1,166,125
1,167,129
1,168,124
1,169,133
1,170,144
1,171,148
1,172,127
1,173,139
1,174,138
1,175,136
1,176,126
1,177,145
1,178,133
1,179,885
1,180,127
1,181,152
1,182,128
1,183,166
1,184,141
1,185,164
1,186,119
1,187,145
1,188,138
1,189,161
1,190,119
1,191,162
1,192,127
1,193,156
1,194,118
1,195,162
1,196,123
1,197,166
1,198,147
1,199,150
1,200,134
1,201,164
1,202,133
1,203,158
1,204,121
1,205,170
1,206,127
1,207,170
1,208,127
1,209,173
1,210,721
1,211,196
1,212,122
1,213,219
1,214,142
1,215,212
1,216,113
1,217,181
1,218,133
1,219,195
1,220,136
1,221,556
1,222,126
1,223,199
1,224,127
1,225,310
1,226,126
1,227,218
1,228,120
1,229,209
1,230,136
1,231,195
1,232,128
1,233,209
1,234,133
1,235,1479
1,236,145
1,237,219
1,238,180
1,239,216
1,240,151
1,241,220
1,242,162
1,243,227
1,244,164
1,245,303
1,246,201
1,247,301
1,248,173
1,249,249
1,250,181
1,251,249
1,252,197
1,253,246
1,254,230
1,255,234
1,256,183
2,1,158
2,2,200
2,3,169
2,4,191
2,5,161
2,6,221
2,7,185
2,8,278
2,9,329
2,10,204
2,11,182
2,12,204
2,13,195
2,14,209
2,15,179
2,16,210
2,17,169
2,18,204
2,19,170
2,20,213
2,21,160
2,22,201
2,23,1011
2,24,203
2,25,172
2,26,204
2,27,187
2,28,396
2,29,177
2,30,225
2,31,178
2,32,211
2,33,168
2,34,224
2,35,203
2,36,199
2,37,186
2,38,256
2,39,172
2,40,222
2,41,176
2,42,211
2,43,174
2,44,198
2,45,176
2,46,174
2,47,138
2,48,161
2,49,158
2,50,158
2,51,235
2,52,171
2,53,155
2,54,155
2,55,136
2,56,156
2,57,134
2,58,151
2,59,204
2,60,155
2,61,152
2,62,159
2,63,127
2,64,177
2,65,135
2,66,147
2,67,145
2,68,167
2,69,126
2,70,154
2,71,224
2,72,238
2,73,186
2,74,155
2,75,143
2,76,160
2,77,186
2,78,155
2,79,144
2,80,155
2,81,146
2,82,141
2,83,148
2,84,138
2,85,133
2,86,151
2,87,153
2,88,169
2,89,140
2,90,148
2,91,145
2,92,173
2,93,150
2,94,139
2,95,152
2,96,136
2,97,171
2,98,136
2,99,149
2,100,157
2,101,143
2,102,137
2,103,168
2,104,149
2,105,142
2,106,129
2,107,141
2,108,143
2,109,138
2,110,134
2,111,144
2,112,139
2,113,134
2,114,178
2,115,154
2,116,133
2,117,131
2,118,138
2,119,144
2,120,137
2,121,130
2,122,140
2,123,124
2,124,162
2,125,125
2,126,145
2,127,131
2,128,149
2,129,112
2,130,116
2,131,110
2,132,108
2,133,114
2,134,93
2,135,130
2,136,79
2,137,109
2,138,106
2,139,123
2,140,98
2,141,110
2,142,88
2,143,728
2,144,229
2,145,136
2,146,96
2,147,118
2,148,136
2,149,118
2,150,112
2,151,117
2,152,109
2,153,128
2,154,106
2,155,142
2,156,120
2,157,135
2,158,126
2,159,137
2,160,145
2,161,133
2,162,123
2,163,149
2,164,123
2,165,129
2,166,125
2,167,129
2,168,125
2,169,134
2,170,146
2,171,147
2,172,128
2,173,140
2,174,137
2,175,136
2,176,127
2,177,145
2,178,133
2,179,886
2,180,129
2,181,152
2,182,129
2,183,168
2,184,141
2,185,165
2,186,119
2,187,146
2,188,138
2,189,163
2,190,121
2,191,166
2,192,128
2,193,155
2,194,118
2,195,161
2,196,125
2,197,167
2,198,159
2,199,151
2,200,135
2,201,164
2,202,134
2,203,159
2,204,123
2,205,171
2,206,129
2,207,172
2,208,128
2,209,174
2,210,722
2,211,196
2,212,123
2,213,221
2,214,141
2,215,214
2,216,114
2,217,184
2,218,133
2,219,196
2,220,137
2,221,565
2,222,127
2,223,198
2,224,126
2,225,312
2,226,127
2,227,219
2,228,121
2,229,209
2,230,137
2,231,195
2,232,129
2,233,210
2,234,135
2,235,1477
2,236,146
2,237,220
2,238,180
2,239,216
2,240,152
2,241,219
2,242,162
2,243,230
2,244,167
2,245,304
2,246,202
2,247,305
2,248,173
2,249,249
2,250,183
2,251,250
2,252,199
2,253,247
2,254,231
2,255,234
2,256,182
3,1,160
3,2,201
3,3,168
3,4,190
3,5,161
3,6,221
3,7,184
3,8,277
3,9,342
3,10,204
3,11,183
3,12,205
3,13,195
3,14,209
3,15,181
3,16,211
3,17,169
3,18,201
3,19,171
3,20,213
3,21,159
3,22,201
3,23,1012
3,24,203
3,25,174
3,26,202
3,27,187
3,28,396
3,29,177
3,30,225
3,31,180
3,32,215
3,33,168
3,34,226
3,35,202
3,36,198
3,37,187
3,38,255
3,39,173
3,40,222
3,41,177
3,42,212
3,43,174
3,44,197
3,45,176
3,46,174
3,47,139
3,48,161
3,49,158
3,50,158
3,51,234
3,52,170
3,53,157
3,54,155
3,55,137
3,56,156
3,57,135
3,58,153
3,59,206
3,60,156
3,61,154
3,62,158
3,63,130
3,64,178
3,65,135
3,66,148
3,67,145
3,68,167
3,69,127
3,70,154
3,71,225
3,72,239
3,73,186
3,74,155
3,75,144
3,76,158
3,77,187
3,78,155
3,79,144
3,80,154
3,81,147
3,82,141
3,83,149
3,84,138
3,85,134
3,86,151
3,87,153
3,88,169
3,89,141
3,90,149
3,91,146
3,92,172
3,93,149
3,94,140
3,95,152
3,96,136
3,97,171
3,98,138
3,99,150
3,100,156
3,101,144
3,102,136
3,103,167
3,104,150
3,105,143
3,106,129
3,107,141
3,108,141
3,109,140
3,110,134
3,111,144
3,112,141
3,113,135
3,114,178
3,115,153
3,116,134
3,117,133
3,118,138
3,119,144
3,120,138
3,121,130
3,122,141
3,123,124
3,124,161
3,125,125
3,126,144
3,127,132
3,128,149
3,129,112
3,130,116
3,131,110
3,132,109
3,133,113
3,134,93
3,135,129
3,136,78
3,137,110
3,138,105
3,139,124
3,140,98
3,141,110
3,142,90
3,143,727
3,144,228
3,145,137
3,146,97
3,147,118
3,148,136
3,149,118
3,150,112
3,151,118
3,152,109
3,153,129
3,154,106
3,155,143
3,156,119
3,157,138
3,158,126
3,159,138
3,160,145
3,161,135
3,162,123
3,163,150
3,164,123
3,165,130
3,166,126
3,167,130
3,168,125
3,169,133
3,170,145
3,171,147
3,172,127
3,173,140
3,174,137
3,175,137
3,176,127
3,177,145
3,178,133
3,179,884
3,180,128
3,181,153
3,182,128
3,183,169
3,184,141
3,185,166
3,186,119
3,187,145
3,188,139
3,189,160
3,190,120
3,191,165
3,192,125
3,193,158
3,194,119
3,195,162
3,196,124
3,197,168
3,198,156
3,199,151
3,200,136
3,201,166
3,202,134
3,203,159
3,204,121
3,205,172
3,206,128
3,207,171
3,208,127
3,209,174
3,210,722
3,211,197
3,212,123
3,213,222
3,214,141
3,215,215
3,216,115
3,217,183
3,218,132
3,219,197
3,220,136
3,221,553
3,222,127
3,223,200
3,224,127
3,225,314
3,226,126
3,227,219
3,228,121
3,229,211
3,230,137
3,231,197
3,232,130
3,233,211
3,234,134
3,235,1482
3,236,146
3,237,219
3,238,179
3,239,217
3,240,151
3,241,221
3,242,162
3,243,231
3,244,165
3,245,304
3,246,200
3,247,300
3,248,172
3,249,251
3,250,182
3,251,251
3,252,199
3,253,248
3,254,230
3,255,236
3,256,182
4,1,158
4,2,206
4,3,176
4,4,190
4,5,162
4,6,223
4,7,183
4,8,277
4,9,340
4,10,204
4,11,183
4,12,205
4,13,195
4,14,210
4,15,179
4,16,210
4,17,169
4,18,203
4,19,171
4,20,213
4,21,160
4,22,202
4,23,1012
4,24,203
4,25,173
4,26,204
4,27,187
4,28,397
4,29,178
4,30,226
4,31,177
4,32,213
4,33,170
4,34,226
4,35,204
4,36,199
4,37,188
4,38,256
4,39,174
4,40,223
4,41,176
4,42,212
4,43,174
4,44,198
4,45,176
4,46,174
4,47,138
4,48,162
4,49,158
4,50,158
4,51,237
4,52,169
4,53,157
4,54,155
4,55,138
4,56,156
4,57,136
4,58,153
4,59,205
4,60,155
4,61,154
4,62,158
4,63,129
4,64,177
4,65,134
4,66,147
4,67,147
4,68,167
4,69,126
4,70,154
4,71,225
4,72,242
4,73,185
4,74,156
4,75,143
4,76,160
4,77,187
4,78,154
4,79,145
4,80,157
4,81,146
4,82,140
4,83,148
4,84,138
4,85,134
4,86,150
4,87,154
4,88,168
4,89,140
4,90,149
4,91,146
4,92,172
4,93,150
4,94,140
4,95,152
4,96,136
4,97,171
4,98,138
4,99,150
4,100,155
4,101,144
4,102,138
4,103,167
4,104,149
4,105,143
4,106,130
4,107,141
4,108,142
4,109,138
4,110,134
4,111,143
4,112,140
4,113,135
4,114,177
4,115,154
4,116,134
4,117,132
4,118,137
4,119,145
4,120,137
4,121,130
4,122,141
4,123,123
4,124,162
4,125,125
4,126,145
4,127,131
4,128,149
4,129,112
4,130,116
4,131,111
4,132,109
4,133,114
4,134,93
4,135,131
4,136,79
4,137,108
4,138,106
4,139,123
4,140,98
4,141,110
4,142,88
4,143,729
4,144,228
4,145,136
4,146,96
4,147,117
4,148,133
4,149,119
4,150,114
4,151,118
4,152,110
4,153,129
4,154,107
4,155,142
4,156,120
4,157,138
4,158,126
4,159,138
4,160,146
4,161,134
4,162,124
4,163,148
4,164,123
4,165,129
4,166,127
4,167,130
4,168,125
4,169,135
4,170,146
4,171,148
4,172,127
4,173,140
4,174,138
4,175,136
4,176,128
4,177,145
4,178,133
4,179,884
4,180,128
4,181,153
4,182,129
4,183,165
4,184,141
4,185,165
4,186,120
4,187,145
4,188,139
4,189,161
4,190,121
4,191,165
4,192,127
4,193,156
4,194,118
4,195,163
4,196,125
4,197,167
4,198,149
4,199,151
4,200,135
4,201,166
4,202,135
4,203,159
4,204,122
4,205,171
4,206,129
4,207,171
4,208,128
4,209,175
4,210,723
4,211,197
4,212,124
4,213,222
4,214,142
4,215,215
4,216,115
4,217,182
4,218,134
4,219,197
4,220,137
4,221,550
4,222,127
4,223,199
4,224,127
4,225,317
4,226,127
4,227,220
4,228,121
4,229,210
4,230,138
4,231,196
4,232,129
4,233,210
4,234,134
4,235,1482
4,236,146
4,237,220
4,238,181
4,239,217
4,240,152
4,241,219
4,242,162
4,243,229
4,244,166
4,245,304
4,246,201
4,247,305
4,248,173
4,249,251
4,250,183
4,251,252
4,252,199
4,253,247
4,254,227
4,255,236
4,256,184
5,1,158
5,2,200
5,3,168
5,4,190
5,5,161
5,6,221
5,7,183
5,8,279
5,9,343
5,10,203
5,11,182
5,12,204
5,13,194
5,14,210
5,15,181
5,16,211
5,17,169
5,18,203
5,19,171
5,20,212
5,21,160
5,22,201
5,23,1016
5,24,204
5,25,173
5,26,203
5,27,186
5,28,395
5,29,178
5,30,226
5,31,177
5,32,214
5,33,170
5,34,226
5,35,203
5,36,199
5,37,188
5,38,255
5,39,173
5,40,222
5,41,177
5,42,213
5,43,173
5,44,197
5,45,175
5,46,174
5,47,138
5,48,162
5,49,157
5,50,159
5,51,235
5,52,170
5,53,155
5,54,156
5,55,137
5,56,156
5,57,135
5,58,152
5,59,205
5,60,157
5,61,152
5,62,158
5,63,128
5,64,178
5,65,133
5,66,148
5,67,146
5,68,167
5,69,126
5,70,154
5,71,225
5,72,239
5,73,185
5,74,156
5,75,143
5,76,159
5,77,188
5,78,155
5,79,145
5,80,156
5,81,147
5,82,141
5,83,149
5,84,139
5,85,133
5,86,151
5,87,153
5,88,168
5,89,141
5,90,148
5,91,146
5,92,171
5,93,150
5,94,140
5,95,152
5,96,136
5,97,169
5,98,138
5,99,149
5,100,157
5,101,142
5,102,136
5,103,167
5,104,149
5,105,143
5,106,130
5,107,140
5,108,142
5,109,138
5,110,134
5,111,143
5,112,140
5,113,134
5,114,178
5,115,154
5,116,133
5,117,131
5,118,138
5,119,144
5,120,137
5,121,130
5,122,139
5,123,124
5,124,162
5,125,125
5,126,145
5,127,131
5,128,149
5,129,112
5,130,116
5,131,110
5,132,108
5,133,114
5,134,94
5,135,128
5,136,78
5,137,109
5,138,105
5,139,123
5,140,98
5,141,109
5,142,88
5,143,729
5,144,228
5,145,137
5,146,96
5,147,117
5,148,136
5,149,117
5,150,113
5,151,118
5,152,110
5,153,130
5,154,106
5,155,142
5,156,118
5,157,136
5,158,127
5,159,137
5,160,145
5,161,134
5,162,123
5,163,148
5,164,124
5,165,129
5,166,126
5,167,128
5,168,125
5,169,134
5,170,146
5,171,149
5,172,129
5,173,140
5,174,138
5,175,136
5,176,127
5,177,145
5,178,133
5,179,885
5,180,128
5,181,154
5,182,128
5,183,167
5,184,141
5,185,166
5,186,120
5,187,145
5,188,137
5,189,161
5,190,120
5,191,165
5,192,127
5,193,156
5,194,119
5,195,162
5,196,125
5,197,166
5,198,148
5,199,151
5,200,136
5,201,165
5,202,135
5,203,158
5,204,122
5,205,171
5,206,129
5,207,171
5,208,128
5,209,173
5,210,724
5,211,197
5,212,124
5,213,225
5,214,142
5,215,214
5,216,113
5,217,183
5,218,133
5,219,196
5,220,136
5,221,542
5,222,127
5,223,198
5,224,128
5,225,312
5,226,127
5,227,219
5,228,121
5,229,210
5,230,137
5,231,197
5,232,129
5,233,209
5,234,133
5,235,1484
5,236,146
5,237,219
5,238,179
5,239,216
5,240,152
5,241,219
5,242,162
5,243,229
5,244,165
5,245,305
5,246,203
5,247,303
5,248,174
5,249,249
5,250,183
5,251,251
5,252,199
5,253,247
5,254,226
5,255,235
5,256,185
6,1,158
6,2,202
6,3,168
6,4,190
6,5,162
6,6,222
6,7,183
6,8,279
6,9,333
6,10,203
6,11,181
6,12,204
6,13,194
6,14,209
6,15,181
6,16,210
6,17,168
6,18,203
6,19,170
6,20,213
6,21,159
6,22,201
6,23,1017
6,24,204
6,25,173
6,26,203
6,27,186
6,28,396
6,29,178
6,30,225
6,31,178
6,32,214
6,33,168
6,34,224
6,35,203
6,36,199
6,37,186
6,38,256
6,39,173
6,40,221
6,41,177
6,42,211
6,43,173
6,44,197
6,45,196
6,46,174
6,47,137
6,48,161
6,49,155
6,50,158
6,51,235
6,52,169
6,53,155
6,54,155
6,55,137
6,56,156
6,57,135
6,58,152
6,59,204
6,60,155
6,61,153
6,62,157
6,63,129
6,64,177
6,65,135
6,66,147
6,67,145
6,68,167
6,69,125
6,70,154
6,71,223
6,72,243
6,73,186
6,74,155
6,75,142
6,76,160
6,77,187
6,78,155
6,79,144
6,80,157
6,81,146
6,82,139
6,83,149
6,84,138
6,85,133
6,86,150
6,87,153
6,88,167
6,89,140
6,90,148
6,91,146
6,92,172
6,93,149
6,94,139
6,95,151
6,96,135
6,97,171
6,98,136
6,99,149
6,100,157
6,101,143
6,102,135
6,103,168
6,104,148
6,105,142
6,106,129
6,107,140
6,108,142
6,109,139
6,110,134
6,111,143
6,112,139
6,113,134
6,114,178
6,115,154
6,116,133
6,117,131
6,118,137
6,119,144
6,120,138
6,121,130
6,122,140
6,123,123
6,124,160
6,125,125
6,126,145
6,127,130
6,128,148
6,129,112
6,130,116
6,131,110
6,132,109
6,133,114
6,134,94
6,135,130
6,136,78
6,137,109
6,138,105
6,139,123
6,140,97
6,141,110
6,142,88
6,143,729
6,144,228
6,145,134
6,146,96
6,147,117
6,148,134
6,149,117
6,150,113
6,151,118
6,152,109
6,153,128
6,154,106
6,155,142
6,156,118
6,157,137
6,158,127
6,159,138
6,160,146
6,161,133
6,162,122
6,163,147
6,164,122
6,165,129
6,166,126
6,167,129
6,168,125
6,169,133
6,170,145
6,171,147
6,172,127
6,173,139
6,174,137
6,175,136
6,176,126
6,177,145
6,178,133
6,179,886
6,180,127
6,181,152
6,182,128
6,183,166
6,184,140
6,185,165
6,186,120
6,187,146
6,188,138
6,189,160
6,190,121
6,191,164
6,192,126
6,193,156
6,194,118
6,195,162
6,196,125
6,197,168
6,198,155
6,199,151
6,200,135
6,201,165
6,202,133
6,203,158
6,204,122
6,205,171
6,206,129
6,207,171
6,208,128
6,209,174
6,210,721
6,211,197
6,212,123
6,213,221
6,214,141
6,215,213
6,216,115
6,217,182
6,218,133
6,219,195
6,220,137
6,221,550
6,222,127
6,223,198
6,224,127
6,225,313
6,226,127
6,227,218
6,228,120
6,229,210
6,230,137
6,231,197
6,232,129
6,233,210
6,234,134
6,235,1493
6,236,146
6,237,218
6,238,180
6,239,216
6,240,151
6,241,219
6,242,161
6,243,229
6,244,165
6,245,305
6,246,203
6,247,308
6,248,173
6,249,251
6,250,183
6,251,249
6,252,199
6,253,248
6,254,226
6,255,236
6,256,184
7,1,157
7,2,201
7,3,169
7,4,191
7,5,162
7,6,221
7,7,183
7,8,279
7,9,342
7,10,203
7,11,182
7,12,204
7,13,194
7,14,208
7,15,180
7,16,210
7,17,167
7,18,202
7,19,170
7,20,213
7,21,159
7,22,202
7,23,1011
7,24,203
7,25,172
7,26,204
7,27,185
7,28,395
7,29,176
7,30,226
7,31,178
7,32,213
7,33,168
7,34,225
7,35,203
7,36,199
7,37,186
7,38,256
7,39,172
7,40,222
7,41,175
7,42,213
7,43,173
7,44,197
7,45,176
7,46,174
7,47,136
7,48,162
7,49,156
7,50,158
7,51,236
7,52,170
7,53,154
7,54,155
7,55,137
7,56,157
7,57,134
7,58,152
7,59,203
7,60,155
7,61,152
7,62,158
7,63,128
7,64,177
7,65,134
7,66,146
7,67,144
7,68,168
7,69,126
7,70,154
7,71,223
7,72,243
7,73,186
7,74,155
7,75,143
7,76,161
7,77,187
7,78,154
7,79,143
7,80,155
7,81,146
7,82,140
7,83,148
7,84,137
7,85,133
7,86,151
7,87,152
7,88,168
7,89,140
7,90,149
7,91,144
7,92,173
7,93,149
7,94,140
7,95,151
7,96,137
7,97,170
7,98,138
7,99,149
7,100,156
7,101,143
7,102,138
7,103,166
7,104,150
7,105,141
7,106,129
7,107,140
7,108,142
7,109,138
7,110,134
7,111,143
7,112,140
7,113,135
7,114,177
7,115,153
7,116,133
7,117,131
7,118,137
7,119,145
7,120,138
7,121,128
7,122,140
7,123,122
7,124,162
7,125,125
7,126,146
7,127,130
7,128,148
7,129,111
7,130,116
7,131,109
7,132,107
7,133,113
7,134,93
7,135,128
7,136,78
7,137,108
7,138,106
7,139,122
7,140,98
7,141,110
7,142,87
7,143,725
7,144,228
7,145,134
7,146,96
7,147,115
7,148,136
7,149,117
7,150,113
7,151,118
7,152,110
7,153,128
7,154,106
7,155,142
7,156,118
7,157,135
7,158,127
7,159,136
7,160,146
7,161,132
7,162,122
7,163,145
7,164,134
7,165,132
7,166,126
7,167,129
7,168,126
7,169,132
7,170,145
7,171,147
7,172,129
7,173,140
7,174,138
7,175,137
7,176,128
7,177,145
7,178,134
7,179,883
7,180,130
7,181,152
7,182,128
7,183,166
7,184,142
7,185,165
7,186,119
7,187,144
7,188,138
7,189,161
7,190,120
7,191,163
7,192,128
7,193,156
7,194,118
7,195,162
7,196,124
7,197,166
7,198,157
7,199,151
7,200,136
7,201,163
7,202,136
7,203,158
7,204,122
7,205,171
7,206,129
7,207,171
7,208,127
7,209,173
7,210,721
7,211,196
7,212,123
7,213,220
7,214,141
7,215,213
7,216,115
7,217,182
7,218,133
7,219,196
7,220,137
7,221,550
7,222,126
7,223,198
7,224,127
7,225,315
7,226,126
7,227,218
7,228,121
7,229,210
7,230,138
7,231,196
7,232,129
7,233,211
7,234,133
7,235,1481
7,236,148
7,237,220
7,238,181
7,239,215
7,240,151
7,241,219
7,242,162
7,243,229
7,244,166
7,245,303
7,246,202
7,247,301
7,248,175
7,249,250
7,250,183
7,251,249
7,252,199
7,253,248
7,254,225
7,255,235
7,256,184
8,1,158
8,2,201
8,3,168
8,4,189
8,5,160
8,6,220
8,7,183
8,8,279
8,9,335
8,10,203
8,11,181
8,12,204
8,13,194
8,14,208
8,15,179
8,16,210
8,17,168
8,18,203
8,19,170
8,20,211
8,21,158
8,22,200
8,23,1010
8,24,202
8,25,173
8,26,204
8,27,184
8,28,396
8,29,178
8,30,225
8,31,176
8,32,214
8,33,168
8,34,224
8,35,202
8,36,198
8,37,186
8,38,254
8,39,172
8,40,221
8,41,176
8,42,212
8,43,172
8,44,197
8,45,175
8,46,173
8,47,137
8,48,161
8,49,154
8,50,158
8,51,234
8,52,168
8,53,154
8,54,154
8,55,137
8,56,155
8,57,133
8,58,151
8,59,205
8,60,155
8,61,151
8,62,157
8,63,128
8,64,176
8,65,135
8,66,147
8,67,145
8,68,167
8,69,126
8,70,153
8,71,224
8,72,242
8,73,185
8,74,155
8,75,142
8,76,160
8,77,187
8,78,154
8,79,144
8,80,156
8,81,146
8,82,140
8,83,147
8,84,136
8,85,132
8,86,151
8,87,153
8,88,168
8,89,140
8,90,148
8,91,146
8,92,171
8,93,150
8,94,139
8,95,151
8,96,136
8,97,167
8,98,136
8,99,148
8,100,155
8,101,142
8,102,136
8,103,168
8,104,149
8,105,141
8,106,130
8,107,140
8,108,142
8,109,137
8,110,133
8,111,142
8,112,140
8,113,133
8,114,178
8,115,153
8,116,133
8,117,130
8,118,138
8,119,144
8,120,135
8,121,129
8,122,141
8,123,123
8,124,161
8,125,124
8,126,145
8,127,130
8,128,148
8,129,111
8,130,115
8,131,109
8,132,107
8,133,114
8,134,93
8,135,127
8,136,78
8,137,109
8,138,105
8,139,122
8,140,98
8,141,109
8,142,87
8,143,729
8,144,228
8,145,134
8,146,96
8,147,116
8,148,134
8,149,116
8,150,112
8,151,117
8,152,109
8,153,128
8,154,106
8,155,142
8,156,118
8,157,135
8,158,127
8,159,137
8,160,145
8,161,133
8,162,122
8,163,147
8,164,123
8,165,127
8,166,125
8,167,129
8,168,125
8,169,133
8,170,145
8,171,147
8,172,127
8,173,139
8,174,138
8,175,136
8,176,127
8,177,145
8,178,133
8,179,881
8,180,128
8,181,151
8,182,128
8,183,166
8,184,142
8,185,164
8,186,118
8,187,144
8,188,138
8,189,160
8,190,120
8,191,163
8,192,127
8,193,156
8,194,117
8,195,162
8,196,124
8,197,165
8,198,157
8,199,151
8,200,135
8,201,165
8,202,135
8,203,157
8,204,121
8,205,170
8,206,128
8,207,171
8,208,128
8,209,173
8,210,720
8,211,195
8,212,123
8,213,220
8,214,140
8,215,216
8,216,114
8,217,181
8,218,133
8,219,194
8,220,136
8,221,540
8,222,127
8,223,198
8,224,126
8,225,310
8,226,126
8,227,217
8,228,120
8,229,209
8,230,135
8,231,197
8,232,129
8,233,209
8,234,133
8,235,1475
8,236,146
8,237,219
8,238,179
8,239,215
8,240,151
8,241,218
8,242,161
8,243,228
8,244,165
8,245,304
8,246,201
8,247,311
8,248,174
8,249,250
8,250,181
8,251,249
8,252,199
8,253,246
8,254,229
8,255,233
8,256,184
9,1,158
9,2,202
9,3,169
9,4,190
9,5,163
9,6,222
9,7,183
9,8,278
9,9,339
9,10,203
9,11,181
9,12,205
9,13,195
9,14,209
9,15,180
9,16,210
9,17,169
9,18,203
9,19,171
9,20,213
9,21,160
9,22,200
9,23,1011
9,24,203
9,25,172
9,26,204
9,27,186
9,28,396
9,29,178
9,30,226
9,31,178
9,32,212
9,33,169
9,34,225
9,35,204
9,36,199
9,37,187
9,38,255
9,39,172
9,40,222
9,41,176
9,42,211
9,43,175
9,44,197
9,45,178
9,46,174
9,47,139
9,48,161
9,49,158
9,50,158
9,51,236
9,52,171
9,53,157
9,54,156
9,55,137
9,56,157
9,57,135
9,58,151
9,59,205
9,60,156
9,61,154
9,62,158
9,63,130
9,64,178
9,65,135
9,66,147
9,67,145
9,68,167
9,69,127
9,70,154
9,71,225
9,72,243
9,73,183
9,74,155
9,75,143
9,76,160
9,77,187
9,78,155
9,79,145
9,80,157
9,81,147
9,82,139
9,83,150
9,84,138
9,85,134
9,86,151
9,87,154
9,88,169
9,89,141
9,90,149
9,91,146
9,92,171
9,93,150
9,94,139
9,95,151
9,96,136
9,97,170
9,98,138
9,99,150
9,100,156
9,101,143
9,102,136
9,103,167
9,104,149
9,105,143
9,106,130
9,107,141
9,108,142
9,109,138
9,110,134
9,111,144
9,112,141
9,113,134
9,114,178
9,115,154
9,116,134
9,117,132
9,118,137
9,119,145
9,120,137
9,121,129
9,122,141
9,123,123
9,124,162
9,125,126
9,126,145
9,127,131
9,128,149
9,129,111
9,130,115
9,131,111
9,132,107
9,133,113
9,134,93
9,135,128
9,136,78
9,137,109
9,138,105
9,139,123
9,140,98
9,141,110
9,142,88
9,143,730
9,144,228
9,145,136
9,146,96
9,147,117
9,148,135
9,149,117
9,150,112
9,151,118
9,152,110
9,153,129
9,154,106
9,155,142
9,156,119
9,157,135
9,158,127
9,159,137
9,160,147
9,161,134
9,162,122
9,163,150
9,164,123
9,165,128
9,166,125
9,167,130
9,168,126
9,169,134
9,170,145
9,171,147
9,172,129
9,173,140
9,174,138
9,175,138
9,176,127
9,177,145
9,178,133
9,179,885
9,180,129
9,181,154
9,182,128
9,183,166
9,184,142
9,185,165
9,186,120
9,187,145
9,188,139
9,189,161
9,190,120
9,191,164
9,192,127
9,193,157
9,194,118
9,195,163
9,196,125
9,197,167
9,198,156
9,199,151
9,200,135
9,201,166
9,202,135
9,203,159
9,204,121
9,205,172
9,206,128
9,207,171
9,208,128
9,209,174
9,210,721
9,211,197
9,212,124
9,213,221
9,214,141
9,215,217
9,216,115
9,217,183
9,218,133
9,219,196
9,220,137
9,221,551
9,222,129
9,223,198
9,224,126
9,225,314
9,226,128
9,227,219
9,228,122
9,229,211
9,230,138
9,231,197
9,232,129
9,233,211
9,234,133
9,235,1484
9,236,147
9,237,220
9,238,180
9,239,217
9,240,152
9,241,221
9,242,163
9,243,230
9,244,166
9,245,304
9,246,202
9,247,306
9,248,174
9,249,251
9,250,183
9,251,250
9,252,200
9,253,248
9,254,230
9,255,236
9,256,183
10,1,158
10,2,202
10,3,169
10,4,191
10,5,163
10,6,222
10,7,184
10,8,280
10,9,340
10,10,204
10,11,184
10,12,204
10,13,195
10,14,209
10,15,184
10,16,210
10,17,168
10,18,204
10,19,170
10,20,212
10,21,160
10,22,201
10,23,1011
10,24,203
10,25,174
10,26,204
10,27,187
10,28,396
10,29,177
10,30,225
10,31,178
10,32,213
10,33,169
10,34,226
10,35,203
10,36,200
10,37,187
10,38,255
10,39,174
10,40,222
10,41,175
10,42,211
10,43,174
10,44,197
10,45,175
10,46,174
10,47,139
10,48,161
10,49,157
10,50,159
10,51,238
10,52,170
10,53,158
10,54,155
10,55,137
10,56,157
10,57,135
10,58,152
10,59,205
10,60,156
10,61,154
10,62,158
10,63,130
10,64,178
10,65,136
10,66,147
10,67,145
10,68,168
10,69,127
10,70,154
10,71,225
10,72,239
10,73,184
10,74,156
10,75,144
10,76,161
10,77,188
10,78,155
10,79,145
10,80,157
10,81,147
10,82,141
10,83,150
10,84,138
10,85,134
10,86,151
10,87,153
10,88,167
10,89,141
10,90,149
10,91,146
10,92,172
10,93,151
10,94,140
10,95,153
10,96,137
10,97,171
10,98,139
10,99,149
10,100,157
10,101,143
10,102,137
10,103,168
10,104,150
10,105,144
10,106,130
10,107,140
10,108,142
10,109,139
10,110,135
10,111,144
10,112,141
10,113,136
10,114,179
10,115,153
10,116,133
10,117,133
10,118,139
10,119,145
10,120,137
10,121,130
10,122,141
10,123,124
10,124,163
10,125,125
10,126,146
10,127,130
10,128,148
10,129,112
10,130,115
10,131,110
10,132,109
10,133,114
10,134,93
10,135,128
10,136,78
10,137,110
10,138,106
10,139,123
10,140,99
10,141,111
10,142,88
10,143,729
10,144,229
10,145,136
10,146,96
10,147,117
10,148,136
10,149,118
10,150,114
10,151,118
10,152,110
10,153,128
10,154,106
10,155,143
10,156,119
10,157,136
10,158,127
10,159,138
10,160,146
10,161,134
10,162,122
10,163,148
10,164,125
10,165,129
10,166,125
10,167,129
10,168,125
10,169,134
10,170,146
10,171,148
10,172,129
10,173,139
10,174,138
10,175,137
10,176,127
10,177,146
10,178,134
10,179,885
10,180,129
10,181,154
10,182,128
10,183,166
10,184,142
10,185,166
10,186,120
10,187,148
10,188,137
10,189,162
10,190,122
10,191,163
10,192,127
10,193,157
10,194,119
10,195,162
10,196,125
10,197,168
10,198,159
10,199,152
10,200,137
10,201,165
10,202,135
10,203,159
10,204,122
10,205,171
10,206,129
10,207,172
10,208,129
10,209,176
10,210,722
10,211,197
10,212,124
10,213,220
10,214,142
10,215,215
10,216,114
10,217,183
10,218,134
10,219,196
10,220,136
10,221,544
10,222,127
10,223,200
10,224,126
10,225,315
10,226,126
10,227,220
10,228,121
10,229,210
10,230,138
10,231,196
10,232,130
10,233,211
10,234,135
10,235,1479
10,236,147
10,237,219
10,238,180
10,239,216
10,240,152
10,241,219
10,242,162
10,243,230
10,244,166
10,245,306
10,246,201
10,247,307
10,248,174
10,249,249
10,250,183
10,251,250
10,252,199
10,253,249
10,254,231
10,255,236
10,256,183
11,1,157
11,2,203
11,3,169
11,4,190
11,5,162
11,6,221
11,7,183
11,8,280
11,9,344
11,10,203
11,11,183
11,12,205
11,13,193
11,14,209
11,15,180
11,16,210
11,17,168
11,18,203
11,19,169
11,20,212
11,21,159
11,22,201
11,23,1022
11,24,202
11,25,173
11,26,203
11,27,186
11,28,397
11,29,176
11,30,226
11,31,177
11,32,213
11,33,169
11,34,225
11,35,202
11,36,200
11,37,186
11,38,254
11,39,171
11,40,221
11,41,176
11,42,212
11,43,173
11,44,198
11,45,176
11,46,174
11,47,136
11,48,162
11,49,157
11,50,159
11,51,236
11,52,170
11,53,157
11,54,156
11,55,136
11,56,156
11,57,134
11,58,152
11,59,204
11,60,155
11,61,152
11,62,158
11,63,130
11,64,178
11,65,133
11,66,147
11,67,145
11,68,167
11,69,126
11,70,153
11,71,225
11,72,239
11,73,186
11,74,156
11,75,144
11,76,161
11,77,189
11,78,155
11,79,144
11,80,156
11,81,146
11,82,141
11,83,148
11,84,138
11,85,133
11,86,151
11,87,153
11,88,168
11,89,140
11,90,149
11,91,146
11,92,174
11,93,150
11,94,139
11,95,151
11,96,137
11,97,170
11,98,139
11,99,149
11,100,156
11,101,143
11,102,137
11,103,167
11,104,149
11,105,142
11,106,130
11,107,141
11,108,142
11,109,139
11,110,134
11,111,143
11,112,140
11,113,134
11,114,178
11,115,152
11,116,133
11,117,133
11,118,137
11,119,144
11,120,137
11,121,129
11,122,141
11,123,123
11,124,162
11,125,124
11,126,145
11,127,130
11,128,150
11,129,112
11,130,116
11,131,110
11,132,109
11,133,113
11,134,94
11,135,127
11,136,78
11,137,110
11,138,106
11,139,123
11,140,98
11,141,109
11,142,88
11,143,730
11,144,227
11,145,135
11,146,95
11,147,116
11,148,134
11,149,117
11,150,113
11,151,118
11,152,110
11,153,128
11,154,106
11,155,141
11,156,119
11,157,136
11,158,126
11,159,137
11,160,146
11,161,133
11,162,123
11,163,148
11,164,124
11,165,128
11,166,126
11,167,130
11,168,125
11,169,134
11,170,145
11,171,147
11,172,128
11,173,139
11,174,139
11,175,137
11,176,127
11,177,145
11,178,134
11,179,884
11,180,128
11,181,152
11,182,128
11,183,167
11,184,142
11,185,166
11,186,119
11,187,145
11,188,137
11,189,162
11,190,121
11,191,164
11,192,127
11,193,157
11,194,118
11,195,161
11,196,125
11,197,167
11,198,151
11,199,151
11,200,135
11,201,165
11,202,134
11,203,158
11,204,122
11,205,171
11,206,129
11,207,171
11,208,129
11,209,174
11,210,722
11,211,198
11,212,123
11,213,220
11,214,142
11,215,214
11,216,115
11,217,183
11,218,133
11,219,196
11,220,137
11,221,538
11,222,128
11,223,198
11,224,127
11,225,315
11,226,127
11,227,217
11,228,121
11,229,210
11,230,137
11,231,197
11,232,129
11,233,210
11,234,134
11,235,1482
11,236,146
11,237,220
11,238,180
11,239,216
11,240,151
11,241,220
11,242,163
11,243,228
11,244,166
11,245,303
11,246,206
11,247,306
11,248,174
11,249,250
11,250,183
11,251,250
11,252,199
11,253,249
11,254,229
11,255,234
11,256,183
12,1,158
12,2,202
12,3,168
12,4,190
12,5,162
12,6,222
12,7,184
12,8,278
12,9,331
12,10,204
12,11,182
12,12,204
12,13,195
12,14,209
12,15,179
12,16,209
12,17,169
12,18,204
12,19,170
12,20,214
12,21,159
12,22,201
12,23,1010
12,24,203
12,25,171
12,26,203
12,27,189
12,28,397
12,29,178
12,30,225
12,31,178
12,32,215
12,33,169
12,34,225
12,35,202
12,36,199
12,37,186
12,38,255
12,39,174
12,40,222
12,41,176
12,42,212
12,43,173
12,44,197
12,45,176
12,46,174
12,47,137
12,48,162
12,49,157
12,50,159
12,51,234
12,52,168
12,53,156
12,54,156
12,55,138
12,56,157
12,57,134
12,58,153
12,59,205
12,60,157
12,61,152
12,62,158
12,63,128
12,64,178
12,65,134
12,66,148
12,67,145
12,68,167
12,69,124
12,70,154
12,71,223
12,72,240
12,73,184
12,74,156
12,75,143
12,76,161
12,77,188
12,78,156
12,79,143
12,80,157
12,81,146
12,82,140
12,83,149
12,84,138
12,85,134
12,86,152
12,87,154
12,88,168
12,89,140
12,90,150
12,91,145
12,92,175
12,93,149
12,94,140
12,95,151
12,96,137
12,97,170
12,98,138
12,99,149
12,100,157
12,101,143
12,102,137
12,103,166
12,104,150
12,105,142
12,106,130
12,107,141
12,108,142
12,109,137
12,110,133
12,111,143
12,112,141
12,113,133
12,114,177
12,115,153
12,116,134
12,117,131
12,118,138
12,119,144
12,120,138
12,121,129
12,122,141
12,123,123
12,124,162
12,125,125
12,126,146
12,127,130
12,128,150
12,129,112
12,130,115
12,131,109
12,132,109
12,133,113
12,134,94
12,135,128
12,136,78
12,137,109
12,138,105
12,139,123
12,140,98
12,141,109
12,142,89
12,143,727
12,144,229
12,145,135
12,146,97
12,147,117
12,148,134
12,149,117
12,150,113
12,151,118
12,152,110
12,153,129
12,154,107
12,155,141
12,156,119
12,157,136
12,158,127
12,159,137
12,160,147
12,161,133
12,162,123
12,163,149
12,164,124
12,165,127
12,166,127
12,167,130
12,168,125
12,169,133
12,170,146
12,171,147
12,172,129
12,173,139
12,174,138
12,175,136
12,176,127
12,177,145
12,178,134
12,179,884
12,180,129
12,181,151
12,182,129
12,183,165
12,184,143
12,185,166
12,186,120
12,187,144
12,188,138
12,189,161
12,190,121
12,191,163
12,192,126
12,193,156
12,194,118
12,195,162
12,196,125
12,197,166
12,198,160
12,199,151
12,200,137
12,201,164
12,202,135
12,203,159
12,204,123
12,205,171
12,206,129
12,207,170
12,208,129
12,209,173
12,210,723
12,211,196
12,212,124
12,213,216
12,214,142
12,215,214
12,216,115
12,217,182
12,218,133
12,219,195
12,220,138
12,221,546
12,222,127
12,223,198
12,224,128
12,225,314
12,226,127
12,227,219
12,228,122
12,229,210
12,230,138
12,231,195
12,232,130
12,233,208
12,234,134
12,235,1482
12,236,146
12,237,220
12,238,181
12,239,216
12,240,153
12,241,219
12,242,162
12,243,229
12,244,166
12,245,306
12,246,203
12,247,310
12,248,174
12,249,251
12,250,183
12,251,250
12,252,201
12,253,248
12,254,226
12,255,233
12,256,185
13,1,158
13,2,202
13,3,169
13,4,190
13,5,161
13,6,221
13,7,182
13,8,278
13,9,342
13,10,203
13,11,182
13,12,205
13,13,195
13,14,210
13,15,180
13,16,211
13,17,168
13,18,203
13,19,170
13,20,213
13,21,159
13,22,202
13,23,1011
13,24,203
13,25,172
13,26,204
13,27,185
13,28,397
13,29,177
13,30,225
13,31,178
13,32,214
13,33,169
13,34,225
13,35,201
13,36,199
13,37,186
13,38,257
13,39,173
13,40,221
13,41,175
13,42,211
13,43,173
13,44,198
13,45,176
13,46,174
13,47,137
13,48,161
13,49,158
13,50,159
13,51,234
13,52,170
13,53,155
13,54,155
13,55,136
13,56,156
13,57,134
13,58,153
13,59,204
13,60,156
13,61,154
13,62,158
13,63,130
13,64,179
13,65,134
13,66,147
13,67,146
13,68,168
13,69,126
13,70,154
13,71,224
13,72,239
13,73,186
13,74,155
13,75,143
13,76,160
13,77,188
13,78,155
13,79,144
13,80,158
13,81,146
13,82,140
13,83,149
13,84,138
13,85,133
13,86,151
13,87,153
13,88,168
13,89,141
13,90,149
13,91,145
13,92,171
13,93,148
13,94,139
13,95,152
13,96,137
13,97,171
13,98,137
13,99,148
13,100,156
13,101,143
13,102,137
13,103,168
13,104,149
13,105,142
13,106,130
13,107,141
13,108,142
13,109,138
13,110,134
13,111,143
13,112,140
13,113,135
13,114,178
13,115,154
13,116,134
13,117,131
13,118,138
13,119,145
13,120,137
13,121,129
13,122,141
13,123,123
13,124,162
13,125,125
13,126,145
13,127,130
13,128,150
13,129,112
13,130,115
13,131,109
13,132,109
13,133,113
13,134,93
13,135,127
13,136,79
13,137,108
13,138,106
13,139,123
13,140,98
13,141,110
13,142,89
13,143,729
13,144,228
13,145,135
13,146,97
13,147,117
13,148,133
13,149,117
13,150,113
13,151,118
13,152,110
13,153,128
13,154,106
13,155,142
13,156,119
13,157,136
13,158,126
13,159,137
13,160,147
13,161,134
13,162,123
13,163,148
13,164,123
13,165,128
13,166,126
13,167,129
13,168,126
13,169,133
13,170,145
13,171,146
13,172,128
13,173,139
13,174,138
13,175,135
13,176,127
13,177,144
13,178,133
13,179,885
13,180,129
13,181,153
13,182,128
13,183,166
13,184,142
13,185,165
13,186,119
13,187,146
13,188,138
13,189,162
13,190,122
13,191,163
13,192,127
13,193,156
13,194,119
13,195,162
13,196,126
13,197,166
13,198,159
13,199,151
13,200,135
13,201,164
13,202,135
13,203,157
13,204,123
13,205,170
13,206,128
13,207,170
13,208,128
13,209,173
13,210,720
13,211,196
13,212,123
13,213,220
13,214,140
13,215,214
13,216,114
13,217,182
13,218,134
13,219,196
13,220,138
13,221,545
13,222,128
13,223,197
13,224,127
13,225,312
13,226,127
13,227,218
13,228,121
13,229,210
13,230,137
13,231,196
13,232,130
13,233,210
13,234,133
13,235,1483
13,236,147
13,237,220
13,238,181
13,239,215
13,240,152
13,241,220
13,242,161
13,243,229
13,244,164
13,245,305
13,246,201
13,247,308
13,248,173
13,249,250
13,250,182
13,251,250
13,252,200
13,253,247
13,254,231
13,255,234
13,256,183
14,1,160
14,2,199
14,3,168
14,4,189
14,5,161
14,6,220
14,7,184
14,8,281
14,9,344
14,10,203
14,11,181
14,12,205
14,13,194
14,14,208
14,15,180
14,16,210
14,17,169
14,18,203
14,19,170
14,20,212
14,21,159
14,22,201
14,23,1016
14,24,203
14,25,171
14,26,203
14,27,185
14,28,395
14,29,177
14,30,225
14,31,176
14,32,214
14,33,168
14,34,225
14,35,204
14,36,198
14,37,186
14,38,256
14,39,173
14,40,221
14,41,176
14,42,211
14,43,173
14,44,197
14,45,175
14,46,173
14,47,138
14,48,162
14,49,157
14,50,158
14,51,233
14,52,169
14,53,156
14,54,155
14,55,136
14,56,155
14,57,134
14,58,152
14,59,204
14,60,155
14,61,152
14,62,158
14,63,129
14,64,178
14,65,133
14,66,146
14,67,144
14,68,168
14,69,126
14,70,154
14,71,224
14,72,239
14,73,187
14,74,156
14,75,143
14,76,159
14,77,187
14,78,155
14,79,144
14,80,157
14,81,146
14,82,140
14,83,149
14,84,137
14,85,133
14,86,151
14,87,152
14,88,167
14,89,140
14,90,148
14,91,145
14,92,171
14,93,150
14,94,138
14,95,151
14,96,135
14,97,169
14,98,137
14,99,148
14,100,155
14,101,143
14,102,137
14,103,167
14,104,149
14,105,141
14,106,129
14,107,140
14,108,141
14,109,138
14,110,134
14,111,143
14,112,139
14,113,135
14,114,179
14,115,154
14,116,133
14,117,131
14,118,137
14,119,145
14,120,137
14,121,130
14,122,140
14,123,123
14,124,162
14,125,124
14,126,145
14,127,132
14,128,148
14,129,111
14,130,114
14,131,110
14,132,108
14,133,112
14,134,93
14,135,127
14,136,78
14,137,109
14,138,105
14,139,123
14,140,98
14,141,110
14,142,88
14,143,728
14,144,228
14,145,136
14,146,96
14,147,116
14,148,133
14,149,118
14,150,112
14,151,117
14,152,109
14,153,128
14,154,105
14,155,141
14,156,118
14,157,135
14,158,126
14,159,137
14,160,145
14,161,133
14,162,122
14,163,148
14,164,122
14,165,128
14,166,125
14,167,129
14,168,125
14,169,134
14,170,144
14,171,148
14,172,127
14,173,139
14,174,138
14,175,135
14,176,126
14,177,144
14,178,132
14,179,887
14,180,129
14,181,153
14,182,128
14,183,166
14,184,140
14,185,165
14,186,119
14,187,144
14,188,136
14,189,160
14,190,121
14,191,165
14,192,126
14,193,155
14,194,117
14,195,163
14,196,124
14,197,167
14,198,147
14,199,151
14,200,135
14,201,164
14,202,134
14,203,157
14,204,121
14,205,170
14,206,128
14,207,171
14,208,127
14,209,173
14,210,721
14,211,194
14,212,122
14,213,220
14,214,141
14,215,213
14,216,114
14,217,181
14,218,133
14,219,195
14,220,136
14,221,539
14,222,126
14,223,198
14,224,126
14,225,316
14,226,126
14,227,218
14,228,120
14,229,210
14,230,137
14,231,196
14,232,129
14,233,209
14,234,134
14,235,1486
14,236,146
14,237,219
14,238,180
14,239,216
14,240,152
14,241,219
14,242,162
14,243,230
14,244,165
14,245,305
14,246,207
14,247,307
14,248,174
14,249,248
14,250,181
14,251,250
14,252,199
14,253,247
14,254,227
14,255,235
14,256,183
15,1,158
15,2,202
15,3,169
15,4,190
15,5,162
15,6,222
15,7,182
15,8,279
15,9,346
15,10,204
15,11,182
15,12,204
15,13,196
15,14,209
15,15,181
15,16,210
15,17,169
15,18,202
15,19,171
15,20,213
15,21,159
15,22,201
15,23,1014
15,24,204
15,25,172
15,26,204
15,27,185
15,28,396
15,29,178
15,30,226
15,31,178
15,32,214
15,33,169
15,34,226
15,35,202
15,36,199
15,37,186
15,38,254
15,39,173
15,40,223
15,41,176
15,42,212
15,43,174
15,44,198
15,45,177
15,46,173
15,47,138
15,48,162
15,49,157
15,50,159
15,51,235
15,52,170
15,53,157
15,54,157
15,55,137
15,56,157
15,57,134
15,58,152
15,59,204
15,60,156
15,61,152
15,62,158
15,63,129
15,64,180
15,65,134
15,66,148
15,67,145
15,68,167
15,69,125
15,70,155
15,71,225
15,72,240
15,73,188
15,74,156
15,75,142
15,76,160
15,77,188
15,78,155
15,79,144
15,80,155
15,81,145
15,82,140
15,83,148
15,84,138
15,85,134
15,86,150
15,87,153
15,88,169
15,89,140
15,90,148
15,91,146
15,92,171
15,93,149
15,94,139
15,95,152
15,96,137
15,97,168
15,98,137
15,99,150
15,100,156
15,101,145
15,102,137
15,103,169
15,104,149
15,105,141
15,106,129
15,107,141
15,108,142
15,109,138
15,110,135
15,111,143
15,112,141
15,113,136
15,114,181
15,115,154
15,116,134
15,117,132
15,118,138
15,119,143
15,120,138
15,121,131
15,122,141
15,123,122
15,124,162
15,125,125
15,126,145
15,127,131
15,128,147
15,129,112
15,130,114
15,131,110
15,132,108
15,133,113
15,134,93
15,135,128
15,136,78
15,137,110
15,138,106
15,139,125
15,140,99
15,141,110
15,142,88
15,143,727
15,144,229
15,145,135
15,146,97
15,147,117
15,148,134
15,149,117
15,150,113
15,151,118
15,152,110
15,153,128
15,154,105
15,155,143
15,156,119
15,157,136
15,158,126
15,159,138
15,160,146
15,161,133
15,162,123
15,163,147
15,164,124
15,165,128
15,166,126
15,167,129
15,168,125
15,169,134
15,170,145
15,171,147
15,172,128
15,173,138
15,174,137
15,175,136
15,176,127
15,177,145
15,178,133
15,179,884
15,180,128
15,181,153
15,182,128
15,183,167
15,184,141
15,185,166
15,186,119
15,187,145
15,188,137
15,189,161
15,190,121
15,191,163
15,192,127
15,193,157
15,194,119
15,195,161
15,196,125
15,197,167
15,198,153
15,199,153
15,200,136
15,201,164
15,202,135
15,203,158
15,204,122
15,205,171
15,206,129
15,207,171
15,208,128
15,209,174
15,210,722
15,211,198
15,212,123
15,213,221
15,214,142
15,215,213
15,216,115
15,217,183
15,218,134
15,219,196
15,220,136
15,221,559
15,222,127
15,223,198
15,224,128
15,225,318
15,226,127
15,227,220
15,228,122
15,229,209
15,230,137
15,231,196
15,232,130
15,233,210
15,234,134
15,235,1483
15,236,147
15,237,219
15,238,181
15,239,216
15,240,152
15,241,219
15,242,162
15,243,229
15,244,165
15,245,307
15,246,210
15,247,306
15,248,174
15,249,250
15,250,184
15,251,250
15,252,200
15,253,247
15,254,230
15,255,235
15,256,183
16,1,158
16,2,202
16,3,169
16,4,190
16,5,161
16,6,220
16,7,183
16,8,277
16,9,337
16,10,204
16,11,182
16,12,204
16,13,196
16,14,210
16,15,180
16,16,210
16,17,168
16,18,203
16,19,171
16,20,213
16,21,159
16,22,201
16,23,1017
16,24,203
16,25,173
16,26,203
16,27,186
16,28,396
16,29,177
16,30,225
16,31,178
16,32,213
16,33,168
16,34,226
16,35,203
16,36,200
16,37,186
16,38,256
16,39,173
16,40,223
16,41,176
16,42,212
16,43,173
16,44,197
16,45,177
16,46,174
16,47,138
16,48,162
16,49,159
16,50,159
16,51,241
16,52,171
16,53,156
16,54,156
16,55,136
16,56,155
16,57,134
16,58,152
16,59,205
16,60,156
16,61,154
16,62,158
16,63,128
16,64,177
16,65,135
16,66,147
16,67,145
16,68,167
16,69,126
16,70,154
16,71,225
16,72,238
16,73,186
16,74,155
16,75,143
16,76,160
16,77,187
16,78,154
16,79,143
16,80,156
16,81,146
16,82,141
16,83,148
16,84,139
16,85,133
16,86,152
16,87,153
16,88,167
16,89,140
16,90,148
16,91,146
16,92,173
16,93,149
16,94,140
16,95,152
16,96,137
16,97,169
16,98,137
16,99,148
16,100,156
16,101,142
16,102,137
16,103,168
16,104,148
16,105,143
16,106,130
16,107,141
16,108,143
16,109,139
16,110,134
16,111,143
16,112,140
16,113,135
16,114,179
16,115,154
16,116,133
16,117,132
16,118,138
16,119,144
16,120,137
16,121,132
16,122,142
16,123,124
16,124,161
16,125,126
16,126,145
16,127,131
16,128,149
16,129,112
16,130,115
16,131,110
16,132,108
16,133,113
16,134,93
16,135,131
16,136,79
16,137,109
16,138,105
16,139,123
16,140,98
16,141,109
16,142,89
16,143,728
16,144,228
16,145,135
16,146,96
16,147,117
16,148,135
16,149,117
16,150,112
16,151,118
16,152,110
16,153,130
16,154,106
16,155,142
16,156,119
16,157,136
16,158,126
16,159,137
16,160,146
16,161,135
16,162,123
16,163,148
16,164,123
16,165,129
16,166,126
16,167,130
16,168,124
16,169,135
16,170,145
16,171,147
16,172,128
16,173,139
16,174,138
16,175,137
16,176,127
16,177,146
16,178,133
16,179,885
16,180,129
16,181,154
16,182,129
16,183,166
16,184,141
16,185,165
16,186,120
16,187,146
16,188,137
16,189,161
16,190,120
16,191,163
16,192,127
16,193,156
16,194,118
16,195,163
16,196,124
16,197,167
16,198,157
16,199,150
16,200,135
16,201,165
16,202,135
16,203,159
16,204,123
16,205,172
16,206,128
16,207,171
16,208,127
16,209,174
16,210,722
16,211,196
16,212,123
16,213,220
16,214,141
16,215,214
16,216,114
16,217,182
16,218,133
16,219,196
16,220,137
16,221,557
16,222,128
16,223,199
16,224,128
16,225,316
16,226,127
16,227,219
16,228,122
16,229,210
16,230,138
16,231,196
16,232,128
16,233,210
16,234,134
16,235,1481
16,236,147
16,237,219
16,238,179
16,239,217
16,240,152
16,241,219
16,242,161
16,243,229
16,244,165
16,245,306
16,246,206
16,247,309
16,248,175
16,249,247
16,250,183
16,251,251
16,252,200
16,253,246
16,254,230
16,255,236
16,256,183
17,1,159
17,2,202
17,3,168
17,4,190
17,5,163
17,6,221
17,7,182
17,8,276
17,9,329
17,10,203
17,11,182
17,12,204
17,13,194
17,14,208
17,15,180
17,16,210
17,17,169
17,18,203
17,19,171
17,20,213
17,21,159
17,22,201
17,23,1018
17,24,202
17,25,173
17,26,203
17,27,187
17,28,397
17,29,179
17,30,226
17,31,178
17,32,214
17,33,168
17,34,225
17,35,204
17,36,199
17,37,186
17,38,254
17,39,173
17,40,221
17,41,176
17,42,211
17,43,173
17,44,197
17,45,175
17,46,175
17,47,137
17,48,162
17,49,157
17,50,159
17,51,234
17,52,168
17,53,156
17,54,155
17,55,137
17,56,156
17,57,133
17,58,151
17,59,205
17,60,155
17,61,153
17,62,158
17,63,129
17,64,178
17,65,134
17,66,147
17,67,145
17,68,168
17,69,126
17,70,154
17,71,224
17,72,239
17,73,184
17,74,154
17,75,143
17,76,159
17,77,188
17,78,155
17,79,144
17,80,156
17,81,145
17,82,139
17,83,149
17,84,137
17,85,133
17,86,151
17,87,152
17,88,167
17,89,141
17,90,149
17,91,145
17,92,171
17,93,150
17,94,139
17,95,151
17,96,137
17,97,170
17,98,138
17,99,149
17,100,157
17,101,143
17,102,137
17,103,167
17,104,148
17,105,143
17,106,129
17,107,141
17,108,142
17,109,137
17,110,133
17,111,143
17,112,140
17,113,134
17,114,178
17,115,155
17,116,134
17,117,131
17,118,138
17,119,144
17,120,138
17,121,131
17,122,147
17,123,123
17,124,163
17,125,125
17,126,146
17,127,130
17,128,148
17,129,112
17,130,115
17,131,109
17,132,109
17,133,113
17,134,93
17,135,128
17,136,79
17,137,109
17,138,105
17,139,124
17,140,97
17,141,110
17,142,88
17,143,729
17,144,229
17,145,135
17,146,96
17,147,116
17,148,136
17,149,118
17,150,112
17,151,117
17,152,110
17,153,128
17,154,106
17,155,143
17,156,119
17,157,135
17,158,127
17,159,137
17,160,147
17,161,133
17,162,123
17,163,148
17,164,123
17,165,129
17,166,126
17,167,129
17,168,125
17,169,134
17,170,146
17,171,148
17,172,127
17,173,139
17,174,138
17,175,136
17,176,127
17,177,145
17,178,133
17,179,882
17,180,128
17,181,153
17,182,129
17,183,167
17,184,141
17,185,166
17,186,118
17,187,145
17,188,138
17,189,161
17,190,120
17,191,163
17,192,127
17,193,156
17,194,118
17,195,161
17,196,125
17,197,167
17,198,149
17,199,151
17,200,135
17,201,164
17,202,134
17,203,159
17,204,123
17,205,171
17,206,129
17,207,171
17,208,127
17,209,174
17,210,722
17,211,196
17,212,123
17,213,220
17,214,142
17,215,213
17,216,113
17,217,182
17,218,132
17,219,195
17,220,136
17,221,545
17,222,127
17,223,200
17,224,127
17,225,313
17,226,126
17,227,220
17,228,121
17,229,210
17,230,137
17,231,198
17,232,130
17,233,210
17,234,134
17,235,1485
17,236,145
17,237,220
17,238,181
17,239,215
17,240,151
17,241,219
17,242,162
17,243,229
17,244,166
17,245,306
17,246,205
17,247,307
17,248,173
17,249,250
17,250,183
17,251,250
17,252,199
17,253,246
17,254,230
17,255,234
17,256,183
18,1,158
18,2,202
18,3,168
18,4,190
18,5,162
18,6,221
18,7,183
18,8,279
18,9,328
18,10,204
18,11,182
18,12,203
18,13,196
18,14,208
18,15,180
18,16,210
18,17,169
18,18,203
18,19,171
18,20,214
18,21,160
18,22,201
18,23,1017
18,24,202
18,25,173
18,26,203
18,27,186
18,28,397
18,29,178
18,30,226
18,31,177
18,32,214
18,33,170
18,34,226
18,35,203
18,36,199
18,37,186
18,38,255
18,39,173
18,40,224
18,41,176
18,42,213
18,43,174
18,44,198
18,45,175
18,46,174
18,47,137
18,48,162
18,49,157
18,50,159
18,51,234
18,52,168
18,53,158
18,54,156
18,55,138
18,56,156
18,57,135
18,58,152
18,59,204
18,60,155
18,61,153
18,62,158
18,63,129
18,64,180
18,65,134
18,66,146
18,67,146
18,68,168
18,69,126
18,70,154
18,71,225
18,72,239
18,73,185
18,74,155
18,75,144
18,76,159
18,77,190
18,78,155
18,79,143
18,80,156
18,81,146
18,82,141
18,83,149
18,84,137
18,85,133
18,86,150
18,87,153
18,88,168
18,89,140
18,90,147
18,91,145
18,92,172
18,93,151
18,94,139
18,95,152
18,96,137
18,97,171
18,98,138
18,99,149
18,100,157
18,101,143
18,102,137
18,103,167
18,104,149
18,105,142
18,106,130
18,107,141
18,108,142
18,109,137
18,110,134
18,111,143
18,112,141
18,113,135
18,114,177
18,115,153
18,116,133
18,117,132
18,118,138
18,119,145
18,120,137
18,121,130
18,122,139
18,123,122
18,124,162
18,125,124
18,126,146
18,127,130
18,128,150
18,129,111
18,130,115
18,131,110
18,132,109
18,133,114
18,134,94
18,135,128
18,136,78
18,137,109
18,138,106
18,139,123
18,140,98
18,141,110
18,142,88
18,143,729
18,144,229
18,145,136
18,146,96
18,147,116
18,148,135
18,149,117
18,150,113
18,151,118
18,152,111
18,153,129
18,154,106
18,155,141
18,156,119
18,157,135
18,158,127
18,159,137
18,160,146
18,161,134
18,162,123
18,163,147
18,164,123
18,165,128
18,166,126
18,167,130
18,168,125
18,169,134
18,170,145
18,171,147
18,172,129
18,173,138
18,174,138
18,175,137
18,176,128
18,177,145
18,178,133
18,179,886
18,180,129
18,181,153
18,182,129
18,183,166
18,184,142
18,185,166
18,186,120
18,187,145
18,188,138
18,189,161
18,190,121
18,191,162
18,192,127
18,193,156
18,194,119
18,195,163
18,196,124
18,197,166
18,198,150
18,199,152
18,200,136
18,201,163
18,202,136
18,203,159
18,204,122
18,205,171
18,206,129
18,207,170
18,208,128
18,209,174
18,210,724
18,211,197
18,212,123
18,213,220
18,214,141
18,215,213
18,216,115
18,217,182
18,218,133
18,219,195
18,220,137
18,221,537
18,222,128
18,223,198
18,224,128
18,225,311
18,226,127
18,227,220
18,228,121
18,229,210
18,230,138
18,231,197
18,232,130
18,233,209
18,234,133
18,235,1484
18,236,147
18,237,220
18,238,180
18,239,215
18,240,151
18,241,219
18,242,162
18,243,230
18,244,166
18,245,306
18,246,206
18,247,311
18,248,174
18,249,250
18,250,182
18,251,250
18,252,198
18,253,248
18,254,229
18,255,234
18,256,184
19,1,158
19,2,202
19,3,169
19,4,189
19,5,161
19,6,222
19,7,182
19,8,278
19,9,334
19,10,203
19,11,183
19,12,204
19,13,193
19,14,207
19,15,180
19,16,211
19,17,168
19,18,202
19,19,169
19,20,213
19,21,158
19,22,201
19,23,1019
19,24,203
19,25,171
19,26,203
19,27,186
19,28,396
19,29,177
19,30,223
19,31,177
19,32,214
19,33,168
19,34,226
19,35,203
19,36,199
19,37,185
19,38,253
19,39,172
19,40,222
19,41,174
19,42,212
19,43,174
19,44,196
19,45,175
19,46,174
19,47,137
19,48,161
19,49,156
19,50,158
19,51,233
19,52,169
19,53,157
19,54,155
19,55,137
19,56,156
19,57,134
19,58,152
19,59,203
19,60,155
19,61,153
19,62,159
19,63,129
19,64,179
19,65,134
19,66,148
19,67,144
19,68,168
19,69,124
19,70,154
19,71,223
19,72,239
19,73,187
19,74,154
19,75,143
19,76,161
19,77,187
19,78,156
19,79,143
19,80,157
19,81,146
19,82,140
19,83,149
19,84,138
19,85,132
19,86,150
19,87,152
19,88,168
19,89,140
19,90,149
19,91,146
19,92,171
19,93,148
19,94,140
19,95,151
19,96,136
19,97,170
19,98,137
19,99,148
19,100,157
19,101,143
19,102,137
19,103,168
19,104,149
19,105,142
19,106,130
19,107,139
19,108,141
19,109,138
19,110,135
19,111,142
19,112,140
19,113,134
19,114,180
19,115,153
19,116,133
19,117,131
19,118,138
19,119,143
19,120,137
19,121,130
19,122,141
19,123,123
19,124,162
19,125,124
19,126,146
19,127,129
19,128,150
19,129,112
19,130,116
19,131,110
19,132,110
19,133,112
19,134,94
19,135,128
19,136,78
19,137,109
19,138,106
19,139,123
19,140,99
19,141,110
19,142,87
19,143,730
19,144,228
19,145,136
19,146,96
19,147,116
19,148,136
19,149,117
19,150,113
19,151,118
19,152,110
19,153,128
19,154,106
19,155,141
19,156,119
19,157,135
19,158,126
19,159,137
19,160,147
19,161,134
19,162,122
19,163,148
19,164,123
19,165,129
19,166,125
19,167,129
19,168,125
19,169,134
19,170,146
19,171,147
19,172,128
19,173,139
19,174,137
19,175,135
19,176,127
19,177,144
19,178,134
19,179,893
19,180,129
19,181,152
19,182,128
19,183,167
19,184,142
19,185,165
19,186,119
19,187,145
19,188,137
19,189,161
19,190,119
19,191,163
19,192,127
19,193,156
19,194,118
19,195,162
19,196,124
19,197,167
19,198,156
19,199,175
19,200,138
19,201,164
19,202,135
19,203,158
19,204,122
19,205,170
19,206,129
19,207,171
19,208,128
19,209,174
19,210,723
19,211,197
19,212,124
19,213,221
19,214,142
19,215,213
19,216,115
19,217,182
19,218,133
19,219,196
19,220,137
19,221,540
19,222,127
19,223,197
19,224,127
19,225,310
19,226,126
19,227,219
19,228,121
19,229,210
19,230,137
19,231,195
19,232,130
19,233,208
19,234,134
19,235,1474
19,236,146
19,237,220
19,238,183
19,239,214
19,240,152
19,241,219
19,242,161
19,243,229
19,244,166
19,245,307
19,246,209
19,247,308
19,248,174
19,249,250
19,250,183
19,251,250
19,252,200
19,253,247
19,254,230
19,255,234
19,256,183
20,1,160
20,2,202
20,3,169
20,4,190
20,5,162
20,6,222
20,7,183
20,8,278
20,9,338
20,10,203
20,11,183
20,12,204
20,13,195
20,14,209
20,15,180
20,16,210
20,17,168
20,18,202
20,19,170
20,20,213
20,21,160
20,22,200
20,23,1017
20,24,204
20,25,174
20,26,203
20,27,187
20,28,395
20,29,178
20,30,225
20,31,179
20,32,214
20,33,169
20,34,226
20,35,204
20,36,198
20,37,186
20,38,254
20,39,173
20,40,223
20,41,177
20,42,211
20,43,174
20,44,197
20,45,176
20,46,174
20,47,138
20,48,162
20,49,158
20,50,158
20,51,230
20,52,170
20,53,155
20,54,155
20,55,137
20,56,156
20,57,134
20,58,153
20,59,205
20,60,155
20,61,154
20,62,158
20,63,129
20,64,181
20,65,135
20,66,147
20,67,145
20,68,168
20,69,126
20,70,154
20,71,225
20,72,239
20,73,186
20,74,154
20,75,144
20,76,159
20,77,188
20,78,156
20,79,144
20,80,156
20,81,147
20,82,141
20,83,149
20,84,137
20,85,133
20,86,151
20,87,154
20,88,167
20,89,141
20,90,148
20,91,146
20,92,170
20,93,149
20,94,139
20,95,152
20,96,135
20,97,171
20,98,137
20,99,149
20,100,156
20,101,143
20,102,137
20,103,169
20,104,149
20,105,142
20,106,130
20,107,141
20,108,142
20,109,140
20,110,133
20,111,143
20,112,140
20,113,134
20,114,178
20,115,153
20,116,133
20,117,132
20,118,138
20,119,145
20,120,137
20,121,130
20,122,140
20,123,123
20,124,163
20,125,125
20,126,146
20,127,131
20,128,149
20,129,112
20,130,115
20,131,109
20,132,108
20,133,114
20,134,93
20,135,130
20,136,78
20,137,109
20,138,105
20,139,123
20,140,98
20,141,111
20,142,89
20,143,729
20,144,229
20,145,137
20,146,96
20,147,117
20,148,135
20,149,118
20,150,112
20,151,118
20,152,110
20,153,129
20,154,106
20,155,142
20,156,119
20,157,136
20,158,126
20,159,139
20,160,145
20,161,133
20,162,122
20,163,147
20,164,123
20,165,129
20,166,125
20,167,130
20,168,126
20,169,134
20,170,145
20,171,148
20,172,128
20,173,140
20,174,137
20,175,137
20,176,127
20,177,146
20,178,133
20,179,884
20,180,128
20,181,153
20,182,128
20,183,166
20,184,142
20,185,166
20,186,118
20,187,145
20,188,137
20,189,162
20,190,120
20,191,163
20,192,126
20,193,157
20,194,117
20,195,162
20,196,124
20,197,168
20,198,149
20,199,151
20,200,136
20,201,165
20,202,135
20,203,159
20,204,121
20,205,171
20,206,128
20,207,171
20,208,127
20,209,174
20,210,723
20,211,197
20,212,124
20,213,221
20,214,141
20,215,214
20,216,114
20,217,183
20,218,133
20,219,197
20,220,137
20,221,556
20,222,127
20,223,199
20,224,127
20,225,316
20,226,126
20,227,219
20,228,121
20,229,210
20,230,137
20,231,196
20,232,129
20,233,209
20,234,133
20,235,1476
20,236,147
20,237,220
20,238,179
20,239,215
20,240,151
20,241,219
20,242,161
20,243,229
20,244,165
20,245,307
20,246,206
20,247,311
20,248,174
20,249,249
20,250,182
20,251,251
20,252,199
20,253,249
20,254,230
20,255,235
20,256,183
21,1,159
21,2,202
21,3,170
21,4,190
21,5,162
21,6,223
21,7,183
21,8,280
21,9,344
21,10,205
21,11,182
21,12,203
21,13,196
21,14,210
21,15,180
21,16,211
21,17,169
21,18,204
21,19,170
21,20,213
21,21,160
21,22,202
21,23,1015
21,24,203
21,25,173
21,26,204
21,27,187
21,28,397
21,29,179
21,30,226
21,31,178
21,32,215
21,33,169
21,34,227
21,35,204
21,36,199
21,37,186
21,38,254
21,39,172
21,40,222
21,41,177
21,42,213
21,43,173
21,44,198
21,45,175
21,46,174
21,47,139
21,48,162
21,49,159
21,50,159
21,51,234
21,52,170
21,53,158
21,54,156
21,55,137
21,56,156
21,57,135
21,58,153
21,59,205
21,60,157
21,61,153
21,62,160
21,63,129
21,64,179
21,65,133
21,66,149
21,67,146
21,68,167
21,69,126
21,70,155
21,71,225
21,72,242
21,73,185
21,74,156
21,75,142
21,76,162
21,77,188
21,78,156
21,79,143
21,80,157
21,81,146
21,82,141
21,83,149
21,84,139
21,85,133
21,86,151
21,87,153
21,88,169
21,89,141
21,90,150
21,91,146
21,92,175
21,93,150
21,94,140
21,95,152
21,96,137
21,97,170
21,98,138
21,99,147
21,100,155
21,101,143
21,102,137
21,103,169
21,104,149
21,105,143
21,106,130
21,107,141
21,108,142
21,109,138
21,110,135
21,111,143
21,112,141
21,113,134
21,114,176
21,115,153
21,116,134
21,117,131
21,118,138
21,119,144
21,120,137
21,121,130
21,122,141
21,123,124
21,124,161
21,125,125
21,126,147
21,127,131
21,128,150
21,129,112
21,130,116
21,131,110
21,132,109
21,133,114
21,134,94
21,135,129
21,136,80
21,137,109
21,138,106
21,139,123
21,140,99
21,141,111
21,142,89
21,143,727
21,144,229
21,145,137
21,146,97
21,147,117
21,148,135
21,149,117
21,150,113
21,151,117
21,152,110
21,153,128
21,154,106
21,155,143
21,156,119
21,157,135
21,158,127
21,159,137
21,160,148
21,161,134
21,162,123
21,163,148
21,164,124
21,165,127
21,166,126
21,167,130
21,168,126
21,169,133
21,170,146
21,171,146
21,172,128
21,173,139
21,174,139
21,175,137
21,176,128
21,177,145
21,178,134
21,179,884
21,180,129
21,181,153
21,182,129
21,183,166
21,184,142
21,185,165
21,186,120
21,187,145
21,188,137
21,189,162
21,190,122
21,191,163
21,192,128
21,193,156
21,194,119
21,195,162
21,196,124
21,197,167
21,198,149
21,199,151
21,200,136
21,201,165
21,202,135
21,203,158
21,204,122
21,205,171
21,206,129
21,207,170
21,208,128
21,209,173
21,210,725
21,211,196
21,212,124
21,213,221
21,214,142
21,215,213
21,216,116
21,217,182
21,218,133
21,219,196
21,220,137
21,221,535
21,222,129
21,223,199
21,224,127
21,225,316
21,226,128
21,227,219
21,228,122
21,229,210
21,230,137
21,231,196
21,232,130
21,233,210
21,234,135
21,235,1479
21,236,147
21,237,219
21,238,180
21,239,216
21,240,152
21,241,219
21,242,162
21,243,229
21,244,167
21,245,305
21,246,201
21,247,306
21,248,174
21,249,250
21,250,184
21,251,250
21,252,201
21,253,248
21,254,230
21,255,235
21,256,184
22,1,160
22,2,201
22,3,169
22,4,190
22,5,161
22,6,221
22,7,183
22,8,281
22,9,342
22,10,204
22,11,181
22,12,205
22,13,194
22,14,208
22,15,179
22,16,210
22,17,169
22,18,204
22,19,170
22,20,212
22,21,159
22,22,201
22,23,1017
22,24,202
22,25,173
22,26,203
22,27,186
22,28,396
22,29,178
22,30,226
22,31,177
22,32,213
22,33,169
22,34,225
22,35,201
22,36,198
22,37,187
22,38,255
22,39,172
22,40,223
22,41,176
22,42,211
22,43,173
22,44,197
22,45,175
22,46,174
22,47,138
22,48,161
22,49,157
22,50,159
22,51,236
22,52,169
22,53,156
22,54,156
22,55,137
22,56,155
22,57,134
22,58,152
22,59,206
22,60,156
22,61,153
22,62,158
22,63,128
22,64,178
22,65,134
22,66,147
22,67,146
22,68,168
22,69,126
22,70,154
22,71,223
22,72,240
22,73,185
22,74,155
22,75,143
22,76,161
22,77,188
22,78,155
22,79,144
22,80,157
22,81,145
22,82,141
22,83,148
22,84,139
22,85,133
22,86,151
22,87,154
22,88,168
22,89,141
22,90,149
22,91,145
22,92,171
22,93,148
22,94,139
22,95,151
22,96,135
22,97,169
22,98,137
22,99,149
22,100,156
22,101,142
22,102,136
22,103,169
22,104,150
22,105,142
22,106,130
22,107,140
22,108,142
22,109,137
22,110,134
22,111,143
22,112,141
22,113,135
22,114,179
22,115,154
22,116,134
22,117,132
22,118,138
22,119,144
22,120,138
22,121,130
22,122,141
22,123,124
22,124,162
22,125,126
22,126,146
22,127,129
22,128,149
22,129,112
22,130,116
22,131,109
22,132,109
22,133,114
22,134,94
22,135,128
22,136,78
22,137,108
22,138,105
22,139,123
22,140,99
22,141,110
22,142,88
22,143,728
22,144,229
22,145,136
22,146,96
22,147,116
22,148,134
22,149,118
22,150,113
22,151,117
22,152,110
22,153,129
22,154,106
22,155,141
22,156,119
22,157,136
22,158,126
22,159,137
22,160,146
22,161,134
22,162,123
22,163,148
22,164,123
22,165,129
22,166,126
22,167,129
22,168,125
22,169,133
22,170,145
22,171,147
22,172,129
22,173,141
22,174,137
22,175,136
22,176,128
22,177,145
22,178,134
22,179,884
22,180,128
22,181,154
22,182,129
22,183,166
22,184,142
22,185,165
22,186,120
22,187,145
22,188,137
22,189,161
22,190,121
22,191,163
22,192,126
22,193,156
22,194,118
22,195,163
22,196,125
22,197,166
22,198,148
22,199,152
22,200,135
22,201,166
22,202,134
22,203,158
22,204,122
22,205,171
22,206,128
22,207,171
22,208,129
22,209,174
22,210,722
22,211,197
22,212,124
22,213,221
22,214,141
22,215,214
22,216,114
22,217,183
22,218,133
22,219,197
22,220,137
22,221,552
22,222,127
22,223,200
22,224,127
22,225,312
22,226,126
22,227,218
22,228,120
22,229,210
22,230,138
22,231,196
22,232,130
22,233,209
22,234,134
22,235,1481
22,236,147
22,237,219
22,238,180
22,239,215
22,240,151
22,241,220
22,242,161
22,243,228
22,244,166
22,245,307
22,246,203
22,247,306
22,248,174
22,249,247
22,250,182
22,251,250
22,252,199
22,253,247
22,254,226
22,255,236
22,256,184
23,1,159
23,2,201
23,3,169
23,4,190
23,5,162
23,6,223
23,7,183
23,8,281
23,9,337
23,10,204
23,11,182
23,12,204
23,13,195
23,14,207
23,15,181
23,16,210
23,17,170
23,18,204
23,19,171
23,20,213
23,21,159
23,22,200
23,23,1018
23,24,203
23,25,173
23,26,204
23,27,186
23,28,397
23,29,178
23,30,225
23,31,178
23,32,214
23,33,170
23,34,226
23,35,204
23,36,198
23,37,187
23,38,256
23,39,173
23,40,223
23,41,176
23,42,212
23,43,173
23,44,197
23,45,176
23,46,174
23,47,137
23,48,162
23,49,156
23,50,159
23,51,231
23,52,170
23,53,157
23,54,155
23,55,137
23,56,157
23,57,134
23,58,152
23,59,205
23,60,156
23,61,152
23,62,158
23,63,129
23,64,179
23,65,134
23,66,147
23,67,145
23,68,167
23,69,125
23,70,154
23,71,224
23,72,242
23,73,187
23,74,155
23,75,144
23,76,161
23,77,188
23,78,154
23,79,144
23,80,156
23,81,148
23,82,141
23,83,163
23,84,139
23,85,134
23,86,150
23,87,153
23,88,168
23,89,140
23,90,148
23,91,145
23,92,172
23,93,150
23,94,141
23,95,153
23,96,137
23,97,170
23,98,139
23,99,150
23,100,156
23,101,144
23,102,137
23,103,168
23,104,150
23,105,144
23,106,130
23,107,142
23,108,142
23,109,139
23,110,134
23,111,143
23,112,140
23,113,135
23,114,179
23,115,154
23,116,134
23,117,132
23,118,138
23,119,143
23,120,137
23,121,130
23,122,140
23,123,124
23,124,163
23,125,125
23,126,145
23,127,130
23,128,148
23,129,114
23,130,115
23,131,110
23,132,109
23,133,114
23,134,94
23,135,127
23,136,78
23,137,109
23,138,104
23,139,123
23,140,98
23,141,111
23,142,89
23,143,728
23,144,229
23,145,135
23,146,95
23,147,117
23,148,134
23,149,118
23,150,113
23,151,118
23,152,110
23,153,129
23,154,107
23,155,143
23,156,119
23,157,135
23,158,127
23,159,138
23,160,146
23,161,134
23,162,124
23,163,150
23,164,124
23,165,129
23,166,126
23,167,129
23,168,125
23,169,134
23,170,146
23,171,147
23,172,127
23,173,139
23,174,138
23,175,136
23,176,127
23,177,145
23,178,134
23,179,886
23,180,129
23,181,154
23,182,128
23,183,166
23,184,140
23,185,165
23,186,119
23,187,145
23,188,137
23,189,161
23,190,121
23,191,164
23,192,127
23,193,157
23,194,119
23,195,164
23,196,126
23,197,166
23,198,154
23,199,152
23,200,136
23,201,165
23,202,135
23,203,158
23,204,122
23,205,170
23,206,128
23,207,171
23,208,128
23,209,175
23,210,722
23,211,197
23,212,124
23,213,222
23,214,142
23,215,213
23,216,115
23,217,183
23,218,133
23,219,196
23,220,137
23,221,551
23,222,128
23,223,198
23,224,127
23,225,315
23,226,127
23,227,219
23,228,121
23,229,210
23,230,137
23,231,196
23,232,129
23,233,210
23,234,134
23,235,1484
23,236,147
23,237,219
23,238,179
23,239,215
23,240,151
23,241,219
23,242,162
23,243,229
23,244,166
23,245,306
23,246,202
23,247,315
23,248,174
23,249,250
23,250,184
23,251,249
23,252,199
23,253,248
23,254,230
23,255,235
23,256,183
24,1,161
24,2,201
24,3,169
24,4,190
24,5,162
24,6,222
24,7,184
24,8,279
24,9,336
24,10,204
24,11,182
24,12,204
24,13,195
24,14,209
24,15,181
24,16,210
24,17,168
24,18,202
24,19,171
24,20,213
24,21,159
24,22,200
24,23,1015
24,24,203
24,25,174
24,26,203
24,27,186
24,28,396
24,29,178
24,30,226
24,31,178
24,32,214
24,33,169
24,34,225
24,35,205
24,36,199
24,37,186
24,38,255
24,39,173
24,40,221
24,41,176
24,42,211
24,43,174
24,44,198
24,45,176
24,46,174
24,47,137
24,48,161
24,49,156
24,50,159
24,51,230
24,52,169
24,53,156
24,54,155
24,55,138
24,56,156
24,57,135
24,58,153
24,59,205
24,60,155
24,61,153
24,62,157
24,63,131
24,64,177
24,65,135
24,66,147
24,67,146
24,68,168
24,69,127
24,70,153
24,71,224
24,72,239
24,73,184
24,74,155
24,75,144
24,76,160
24,77,188
24,78,154
24,79,145
24,80,157
24,81,146
24,82,140
24,83,148
24,84,138
24,85,133
24,86,149
24,87,154
24,88,168
24,89,141
24,90,149
24,91,146
24,92,172
24,93,150
24,94,140
24,95,152
24,96,136
24,97,172
24,98,137
24,99,149
24,100,156
24,101,143
24,102,137
24,103,168
24,104,149
24,105,144
24,106,130
24,107,141
24,108,142
24,109,139
24,110,134
24,111,143
24,112,140
24,113,135
24,114,177
24,115,154
24,116,134
24,117,132
24,118,138
24,119,145
24,120,138
24,121,129
24,122,140
24,123,124
24,124,162
24,125,125
24,126,145
24,127,132
24,128,149
24,129,113
24,130,116
24,131,110
24,132,109
24,133,113
24,134,93
24,135,127
24,136,78
24,137,109
24,138,104
24,139,124
24,140,98
24,141,111
24,142,88
24,143,728
24,144,228
24,145,137
24,146,95
24,147,117
24,148,133
24,149,118
24,150,112
24,151,119
24,152,109
24,153,129
24,154,105
24,155,143
24,156,119
24,157,137
24,158,127
24,159,138
24,160,146
24,161,136
24,162,122
24,163,147
24,164,123
24,165,130
24,166,126
24,167,130
24,168,124
24,169,135
24,170,145
24,171,148
24,172,126
24,173,140
24,174,138
24,175,138
24,176,126
24,177,146
24,178,133
24,179,884
24,180,129
24,181,154
24,182,129
24,183,168
24,184,140
24,185,165
24,186,119
24,187,146
24,188,137
24,189,162
24,190,122
24,191,163
24,192,127
24,193,157
24,194,119
24,195,165
24,196,125
24,197,167
24,198,149
24,199,152
24,200,136
24,201,165
24,202,135
24,203,158
24,204,122
24,205,172
24,206,128
24,207,172
24,208,127
24,209,174
24,210,722
24,211,197
24,212,123
24,213,219
24,214,141
24,215,214
24,216,114
24,217,183
24,218,132
24,219,196
24,220,137
24,221,552
24,222,126
24,223,199
24,224,127
24,225,314
24,226,126
24,227,218
24,228,120
24,229,211
24,230,137
24,231,197
24,232,129
24,233,211
24,234,134
24,235,1484
24,236,146
24,237,220
24,238,181
24,239,216
24,240,150
24,241,221
24,242,161
24,243,229
24,244,165
24,245,306
24,246,194
24,247,313
24,248,174
24,249,250
24,250,182
24,251,251
24,252,199
24,253,248
24,254,230
24,255,235
24,256,184
25,1,159
25,2,199
25,3,170
25,4,190
25,5,160
25,6,222
25,7,183
25,8,278
25,9,340
25,10,202
25,11,181
25,12,205
25,13,195
25,14,208
25,15,180
25,16,211
25,17,168
25,18,202
25,19,170
25,20,213
25,21,158
25,22,200
25,23,1018
25,24,203
25,25,172
25,26,203
25,27,185
25,28,397
25,29,177
25,30,225
25,31,177
25,32,213
25,33,168
25,34,225
25,35,203
25,36,199
25,37,186
25,38,254
25,39,173
25,40,222
25,41,175
25,42,211
25,43,173
25,44,197
25,45,175
25,46,174
25,47,137
25,48,161
25,49,157
25,50,159
25,51,231
25,52,169
25,53,156
25,54,155
25,55,138
25,56,155
25,57,134
25,58,152
25,59,205
25,60,156
25,61,152
25,62,158
25,63,129
25,64,177
25,65,133
25,66,147
25,67,145
25,68,168
25,69,127
25,70,153
25,71,225
25,72,241
25,73,184
25,74,155
25,75,142
25,76,160
25,77,188
25,78,155
25,79,144
25,80,157
25,81,146
25,82,140
25,83,149
25,84,138
25,85,133
25,86,151
25,87,152
25,88,167
25,89,140
25,90,148
25,91,146
25,92,172
25,93,149
25,94,139
25,95,152
25,96,137
25,97,171
25,98,136
25,99,149
25,100,157
25,101,143
25,102,137
25,103,168
25,104,149
25,105,143
25,106,129
25,107,141
25,108,141
25,109,138
25,110,134
25,111,144
25,112,140
25,113,133
25,114,177
25,115,154
25,116,133
25,117,131
25,118,137
25,119,146
25,120,136
25,121,130
25,122,142
25,123,123
25,124,161
25,125,125
25,126,145
25,127,131
25,128,148
25,129,112
25,130,116
25,131,109
25,132,108
25,133,114
25,134,94
25,135,128
25,136,78
25,137,109
25,138,104
25,139,123
25,140,98
25,141,109
25,142,88
25,143,727
25,144,228
25,145,136
25,146,97
25,147,117
25,148,135
25,149,117
25,150,112
25,151,117
25,152,110
25,153,128
25,154,106
25,155,142
25,156,119
25,157,135
25,158,127
25,159,136
25,160,146
25,161,133
25,162,123
25,163,149
25,164,124
25,165,128
25,166,126
25,167,129
25,168,125
25,169,134
25,170,145
25,171,148
25,172,128
25,173,139
25,174,137
25,175,136
25,176,126
25,177,145
25,178,133
25,179,884
25,180,127
25,181,153
25,182,128
25,183,166
25,184,140
25,185,165
25,186,119
25,187,145
25,188,137
25,189,160
25,190,120
25,191,164
25,192,127
25,193,155
25,194,118
25,195,163
25,196,124
25,197,166
25,198,153
25,199,150
25,200,136
25,201,165
25,202,135
25,203,158
25,204,122
25,205,172
25,206,128
25,207,171
25,208,128
25,209,174
25,210,723
25,211,197
25,212,123
25,213,219
25,214,141
25,215,215
25,216,115
25,217,182
25,218,133
25,219,196
25,220,136
25,221,530
25,222,127
25,223,199
25,224,125
25,225,311
25,226,126
25,227,219
25,228,121
25,229,209
25,230,136
25,231,195
25,232,130
25,233,210
25,234,134
25,235,1483
25,236,147
25,237,219
25,238,180
25,239,215
25,240,151
25,241,219
25,242,163
25,243,229
25,244,166
25,245,305
25,246,193
25,247,313
25,248,173
25,249,249
25,250,183
25,251,251
25,252,199
25,253,247
25,254,227
25,255,235
25,256,183
26,1,158
26,2,202
26,3,170
26,4,190
26,5,162
26,6,224
26,7,184
26,8,278
26,9,339
26,10,205
26,11,182
26,12,205
26,13,194
26,14,210
26,15,180
26,16,211
26,17,167
26,18,203
26,19,170
26,20,214
26,21,159
26,22,201
26,23,1012
26,24,202
26,25,173
26,26,203
26,27,185
26,28,396
26,29,178
26,30,225
26,31,178
26,32,215
26,33,169
26,34,225
26,35,203
26,36,199
26,37,187
26,38,255
26,39,173
26,40,223
26,41,177
26,42,211
26,43,173
26,44,198
26,45,176
26,46,174
26,47,137
26,48,163
26,49,156
26,50,159
26,51,230
26,52,170
26,53,156
26,54,155
26,55,136
26,56,156
26,57,135
26,58,153
26,59,205
26,60,156
26,61,154
26,62,158
26,63,129
26,64,177
26,65,135
26,66,147
26,67,144
26,68,168
26,69,127
26,70,154
26,71,225
26,72,241
26,73,186
26,74,154
26,75,144
26,76,161
26,77,189
26,78,156
26,79,145
26,80,157
26,81,145
26,82,141
26,83,149
26,84,139
26,85,133
26,86,151
26,87,153
26,88,168
26,89,140
26,90,150
26,91,146
26,92,172
26,93,150
26,94,140
26,95,152
26,96,137
26,97,170
26,98,139
26,99,149
26,100,157
26,101,143
26,102,138
26,103,167
26,104,149
26,105,144
26,106,130
26,107,142
26,108,142
26,109,138
26,110,134
26,111,143
26,112,140
26,113,135
26,114,177
26,115,153
26,116,134
26,117,132
26,118,138
26,119,143
26,120,137
26,121,130
26,122,141
26,123,123
26,124,162
26,125,125
26,126,145
26,127,131
26,128,149
26,129,112
26,130,116
26,131,109
26,132,109
26,133,112
26,134,94
26,135,128
26,136,79
26,137,109
26,138,105
26,139,123
26,140,98
26,141,110
26,142,88
26,143,727
26,144,227
26,145,136
26,146,96
26,147,117
26,148,135
26,149,117
26,150,113
26,151,118
26,152,110
26,153,128
26,154,106
26,155,143
26,156,119
26,157,135
26,158,127
26,159,137
26,160,146
26,161,133
26,162,123
26,163,148
26,164,124
26,165,129
26,166,126
26,167,129
26,168,125
26,169,133
26,170,145
26,171,148
26,172,128
26,173,140
26,174,139
26,175,136
26,176,127
26,177,145
26,178,134
26,179,884
26,180,129
26,181,154
26,182,129
26,183,167
26,184,142
26,185,165
26,186,120
26,187,145
26,188,137
26,189,162
26,190,121
26,191,163
26,192,126
26,193,157
26,194,119
26,195,162
26,196,126
26,197,167
26,198,149
26,199,151
26,200,136
26,201,165
26,202,135
26,203,158
26,204,122
26,205,172
26,206,128
26,207,171
26,208,128
26,209,174
26,210,720
26,211,197
26,212,123
26,213,220
26,214,142
26,215,213
26,216,115
26,217,183
26,218,133
26,219,195
26,220,136
26,221,542
26,222,127
26,223,198
26,224,128
26,225,317
26,226,127
26,227,218
26,228,121
26,229,212
26,230,137
26,231,195
26,232,130
26,233,210
26,234,134
26,235,1486
26,236,146
26,237,219
26,238,180
26,239,215
26,240,151
26,241,220
26,242,162
26,243,229
26,244,166
26,245,305
26,246,195
26,247,312
26,248,172
26,249,249
26,250,183
26,251,250
26,252,198
26,253,248
26,254,229
26,255,235
26,256,184
27,1,160
27,2,201
27,3,168
27,4,190
27,5,161
27,6,225
27,7,183
27,8,281
27,9,336
27,10,204
27,11,181
27,12,205
27,13,194
27,14,209
27,15,181
27,16,210
27,17,168
27,18,203
27,19,170
27,20,213
27,21,159
27,22,201
27,23,1009
27,24,203
27,25,172
27,26,204
27,27,186
27,28,397
27,29,177
27,30,227
27,31,177
27,32,215
27,33,169
27,34,225
27,35,203
27,36,200
27,37,187
27,38,256
27,39,174
27,40,222
27,41,176
27,42,212
27,43,174
27,44,198
27,45,175
27,46,175
27,47,138
27,48,162
27,49,156
27,50,158
27,51,231
27,52,170
27,53,157
27,54,155
27,55,137
27,56,157
27,57,135
27,58,153
27,59,205
27,60,156
27,61,153
27,62,159
27,63,129
27,64,178
27,65,134
27,66,147
27,67,145
27,68,167
27,69,126
27,70,154
27,71,223
27,72,240
27,73,184
27,74,155
27,75,143
27,76,161
27,77,187
27,78,155
27,79,144
27,80,157
27,81,145
27,82,140
27,83,149
27,84,138
27,85,132
27,86,150
27,87,154
27,88,169
27,89,140
27,90,148
27,91,145
27,92,172
27,93,149
27,94,141
27,95,151
27,96,137
27,97,168
27,98,138
27,99,149
27,100,157
27,101,143
27,102,137
27,103,166
27,104,149
27,105,142
27,106,130
27,107,140
27,108,142
27,109,138
27,110,134
27,111,143
27,112,141
27,113,135
27,114,178
27,115,154
27,116,134
27,117,131
27,118,138
27,119,144
27,120,138
27,121,130
27,122,142
27,123,123
27,124,162
27,125,124
27,126,145
27,127,130
27,128,149
27,129,112
27,130,116
27,131,109
27,132,109
27,133,114
27,134,94
27,135,128
27,136,79
27,137,109
27,138,105
27,139,123
27,140,99
27,141,110
27,142,88
27,143,728
27,144,228
27,145,136
27,146,97
27,147,117
27,148,136
27,149,118
27,150,113
27,151,118
27,152,110
27,153,127
27,154,107
27,155,142
27,156,119
27,157,137
27,158,127
27,159,137
27,160,145
27,161,134
27,162,123
27,163,148
27,164,124
27,165,128
27,166,126
27,167,129
27,168,127
27,169,134
27,170,146
27,171,147
27,172,129
27,173,140
27,174,138
27,175,136
27,176,128
27,177,146
27,178,135
27,179,886
27,180,129
27,181,153
27,182,129
27,183,166
27,184,142
27,185,165
27,186,119
27,187,145
27,188,137
27,189,161
27,190,121
27,191,163
27,192,128
27,193,156
27,194,120
27,195,163
27,196,126
27,197,166
27,198,147
27,199,152
27,200,136
27,201,164
27,202,136
27,203,158
27,204,122
27,205,171
27,206,129
27,207,170
27,208,128
27,209,173
27,210,723
27,211,197
27,212,125
27,213,219
27,214,142
27,215,214
27,216,115
27,217,183
27,218,133
27,219,195
27,220,137
27,221,539
27,222,127
27,223,199
27,224,128
27,225,315
27,226,128
27,227,219
27,228,121
27,229,209
27,230,137
27,231,196
27,232,130
27,233,210
27,234,134
27,235,1472
27,236,147
27,237,220
27,238,183
27,239,217
27,240,153
27,241,218
27,242,162
27,243,229
27,244,166
27,245,303
27,246,194
27,247,311
27,248,174
27,249,250
27,250,183
27,251,250
27,252,200
27,253,247
27,254,231
27,255,235
27,256,185
28,1,160
28,2,201
28,3,169
28,4,190
28,5,163
28,6,223
28,7,184
28,8,279
28,9,346
28,10,204
28,11,182
28,12,204
28,13,195
28,14,209
28,15,181
28,16,211
28,17,169
28,18,202
28,19,171
28,20,213
28,21,159
28,22,201
28,23,1009
28,24,204
28,25,173
28,26,204
28,27,186
28,28,397
28,29,177
28,30,225
28,31,178
28,32,214
28,33,169
28,34,224
28,35,203
28,36,199
28,37,185
28,38,255
28,39,173
28,40,222
28,41,176
28,42,211
28,43,174
28,44,198
28,45,175
28,46,174
28,47,137
28,48,161
28,49,156
28,50,158
28,51,230
28,52,171
28,53,156
28,54,155
28,55,137
28,56,157
28,57,135
28,58,152
28,59,204
28,60,155
28,61,153
28,62,159
28,63,129
28,64,178
28,65,134
28,66,147
28,67,146
28,68,167
28,69,125
28,70,153
28,71,225
28,72,239
28,73,186
28,74,154
28,75,144
28,76,161
28,77,188
28,78,154
28,79,143
28,80,156
28,81,146
28,82,141
28,83,149
28,84,138
28,85,132
28,86,150
28,87,154
28,88,168
28,89,140
28,90,149
28,91,145
28,92,173
28,93,149
28,94,140
28,95,152
28,96,136
28,97,171
28,98,138
28,99,148
28,100,157
28,101,145
28,102,137
28,103,167
28,104,148
28,105,143
28,106,130
28,107,141
28,108,142
28,109,139
28,110,133
28,111,143
28,112,141
28,113,135
28,114,177
28,115,154
28,116,133
28,117,131
28,118,138
28,119,144
28,120,138
28,121,130
28,122,141
28,123,123
28,124,161
28,125,125
28,126,145
28,127,131
28,128,150
28,129,111
28,130,117
28,131,110
28,132,109
28,133,113
28,134,93
28,135,129
28,136,78
28,137,109
28,138,105
28,139,123
28,140,99
28,141,111
28,142,89
28,143,729
28,144,229
28,145,135
28,146,97
28,147,117
28,148,135
28,149,119
28,150,113
28,151,118
28,152,110
28,153,128
28,154,106
28,155,141
28,156,118
28,157,136
28,158,126
28,159,137
28,160,144
28,161,134
28,162,123
28,163,148
28,164,123
28,165,129
28,166,126
28,167,129
28,168,124
28,169,134
28,170,146
28,171,147
28,172,128
28,173,139
28,174,138
28,175,136
28,176,127
28,177,145
28,178,133
28,179,884
28,180,129
28,181,154
28,182,129
28,183,167
28,184,141
28,185,165
28,186,119
28,187,145
28,188,137
28,189,163
28,190,121
28,191,164
28,192,127
28,193,156
28,194,118
28,195,162
28,196,125
28,197,168
28,198,158
28,199,152
28,200,136
28,201,164
28,202,135
28,203,158
28,204,121
28,205,172
28,206,129
28,207,172
28,208,127
28,209,174
28,210,722
28,211,197
28,212,123
28,213,220
28,214,142
28,215,215
28,216,114
28,217,183
28,218,133
28,219,196
28,220,137
28,221,534
28,222,128
28,223,200
28,224,127
28,225,316
28,226,127
28,227,220
28,228,121
28,229,210
28,230,137
28,231,195
28,232,130
28,233,210
28,234,135
28,235,1472
28,236,147
28,237,218
28,238,182
28,239,215
28,240,152
28,241,220
28,242,162
28,243,229
28,244,166
28,245,305
28,246,202
28,247,311
28,248,173
28,249,249
28,250,184
28,251,251
28,252,199
28,253,247
28,254,230
28,255,235
28,256,185
