Line,Band,Value
1,1,365
1,2,416
1,3,384
1,4,406
1,5,382
1,6,536
1,7,420
1,8,765
1,9,1090
1,10,470
1,11,422
1,12,428
1,13,512
1,14,452
1,15,448
1,16,466
1,17,408
1,18,445
1,19,406
1,20,490
1,21,385
1,22,452
1,23,3805
1,24,435
1,25,414
1,26,435
1,27,454
1,28,1226
1,29,420
1,30,505
1,31,436
1,32,480
1,33,403
1,34,504
1,35,529
1,36,433
1,37,462
1,38,672
1,39,421
1,40,469
1,41,417
1,42,429
1,43,379
1,44,407
1,45,402
1,46,312
1,47,234
1,48,258
1,49,291
1,50,234
1,51,609
1,52,327
1,53,308
1,54,234
1,55,233
1,56,232
1,57,216
1,58,245
1,59,510
1,60,250
1,61,254
1,62,246
1,63,207
1,64,333
1,65,216
1,66,234
1,67,247
1,68,291
1,69,223
1,70,233
1,71,571
1,72,611
1,73,437
1,74,239
1,75,249
1,76,301
1,77,370
1,78,244
1,79,220
1,80,279
1,81,227
1,82,229
1,83,224
1,84,230
1,85,201
1,86,253
1,87,242
1,88,307
1,89,209
1,90,227
1,91,230
1,92,342
1,93,242
1,94,240
1,95,230
1,96,211
1,97,320
1,98,219
1,99,250
1,100,269
1,101,214
1,102,209
1,103,312
1,104,244
1,105,207
1,106,204
1,107,209
1,108,218
1,109,219
1,110,207
1,111,211
1,112,214
1,113,223
1,114,380
1,115,281
1,116,212
1,117,203
1,118,214
1,119,236
1,120,210
1,121,203
1,122,221
1,123,186
1,124,286
1,125,189
1,126,224
1,127,200
1,128,236
1,129,167
1,130,249
1,131,175
1,132,217
1,133,166
1,134,149
1,135,224
1,136,132
1,137,156
1,138,170
1,139,174
1,140,152
1,141,156
1,142,142
1,143,2670
1,144,690
1,145,241
1,146,140
1,147,157
1,148,309
1,149,163
1,150,165
1,151,167
1,152,177
1,153,197
1,154,156
1,155,247
1,156,172
1,157,225
1,158,185
1,159,183
1,160,278
1,161,225
1,162,171
1,163,258
1,164,178
1,165,175
1,166,188
1,167,182
1,168,185
1,169,183
1,170,245
1,171,224
1,172,180
1,173,192
1,174,226
1,175,190
1,176,178
1,177,193
1,178,217
1,179,3168
1,180,198
1,181,223
1,182,195
1,183,274
1,184,207
1,185,239
1,186,177
1,187,201
1,188,223
1,189,229
1,190,179
1,191,261
1,192,204
1,193,214
1,194,178
1,195,238
1,196,191
1,197,257
1,198,308
1,199,214
1,200,218
1,201,243
1,202,219
1,203,233
1,204,205
1,205,258
1,206,216
1,207,252
1,208,215
1,209,260
1,210,2627
1,211,349
1,212,219
1,213,436
1,214,297
1,215,433
1,216,221
1,217,291
1,218,275
1,219,334
1,220,278
1,221,1763
1,222,264
1,223,348
1,224,278
1,225,864
1,226,283
1,227,447
1,228,290
1,229,387
1,230,322
1,231,385
1,232,337
1,233,451
1,234,349
1,235,4095
1,236,403
1,237,487
1,238,520
1,239,502
1,240,450
1,241,518
1,242,484
1,243,561
1,244,503
1,245,881
1,246,691
1,247,947
1,248,581
1,249,706
1,250,611
1,251,686
1,252,655
1,253,711
1,254,783
1,255,686
1,256,652
2,1,365
2,2,413
2,3,390
2,4,405
2,5,383
2,6,538
2,7,415
2,8,762
2,9,1089
2,10,469
2,11,423
2,12,431
2,13,512
2,14,453
2,15,448
2,16,466
2,17,408
2,18,445
2,19,406
2,20,490
2,21,385
2,22,451
2,23,3806
2,24,435
2,25,416
2,26,436
2,27,451
2,28,1225
2,29,415
2,30,507
2,31,435
2,32,481
2,33,407
2,34,507
2,35,526
2,36,432
2,37,459
2,38,668
2,39,419
2,40,467
2,41,415
2,42,430
2,43,378
2,44,408
2,45,404
2,46,311
2,47,234
2,48,258
2,49,283
2,50,233
2,51,601
2,52,327
2,53,308
2,54,234
2,55,233
2,56,233
2,57,217
2,58,245
2,59,513
2,60,250
2,61,252
2,62,245
2,63,207
2,64,335
2,65,216
2,66,232
2,67,247
2,68,292
2,69,225
2,70,233
2,71,570
2,72,615
2,73,429
2,74,237
2,75,249
2,76,303
2,77,371
2,78,243
2,79,218
2,80,280
2,81,227
2,82,230
2,83,224
2,84,230
2,85,202
2,86,251
2,87,241
2,88,307
2,89,209
2,90,227
2,91,230
2,92,348
2,93,241
2,94,233
2,95,230
2,96,211
2,97,304
2,98,216
2,99,251
2,100,269
2,101,214
2,102,209
2,103,314
2,104,244
2,105,209
2,106,204
2,107,208
2,108,216
2,109,219
2,110,207
2,111,211
2,112,210
2,113,222
2,114,387
2,115,283
2,116,211
2,117,205
2,118,213
2,119,235
2,120,210
2,121,204
2,122,220
2,123,184
2,124,289
2,125,190
2,126,223
2,127,199
2,128,234
2,129,167
2,130,257
2,131,174
2,132,220
2,133,165
2,134,149
2,135,227
2,136,133
2,137,157
2,138,170
2,139,173
2,140,153
2,141,156
2,142,142
2,143,2672
2,144,687
2,145,243
2,146,139
2,147,158
2,148,309
2,149,163
2,150,164
2,151,167
2,152,177
2,153,197
2,154,156
2,155,246
2,156,172
2,157,226
2,158,184
2,159,182
2,160,276
2,161,226
2,162,170
2,163,253
2,164,179
2,165,175
2,166,187
2,167,181
2,168,185
2,169,182
2,170,244
2,171,223
2,172,181
2,173,193
2,174,225
2,175,189
2,176,177
2,177,194
2,178,217
2,179,3184
2,180,198
2,181,223
2,182,195
2,183,272
2,184,207
2,185,238
2,186,177
2,187,199
2,188,228
2,189,230
2,190,179
2,191,261
2,192,203
2,193,216
2,194,178
2,195,234
2,196,192
2,197,256
2,198,332
2,199,215
2,200,217
2,201,243
2,202,217
2,203,233
2,204,206
2,205,259
2,206,217
2,207,250
2,208,215
2,209,258
2,210,2633
2,211,350
2,212,218
2,213,448
2,214,299
2,215,430
2,216,222
2,217,291
2,218,274
2,219,334
2,220,274
2,221,1726
2,222,262
2,223,347
2,224,278
2,225,858
2,226,282
2,227,443
2,228,287
2,229,386
2,230,321
2,231,384
2,232,334
2,233,452
2,234,351
2,235,4095
2,236,401
2,237,487
2,238,518
2,239,502
2,240,450
2,241,515
2,242,484
2,243,560
2,244,506
2,245,881
2,246,693
2,247,920
2,248,582
2,249,702
2,250,610
2,251,687
2,252,653
2,253,710
2,254,774
2,255,685
2,256,651
3,1,366
3,2,414
3,3,390
3,4,406
3,5,381
3,6,538
3,7,418
3,8,770
3,9,1091
3,10,468
3,11,423
3,12,430
3,13,510
3,14,451
3,15,448
3,16,465
3,17,408
3,18,444
3,19,406
3,20,487
3,21,387
3,22,451
3,23,3949
3,24,436
3,25,415
3,26,435
3,27,452
3,28,1222
3,29,421
3,30,507
3,31,437
3,32,485
3,33,405
3,34,510
3,35,530
3,36,431
3,37,462
3,38,670
3,39,419
3,40,466
3,41,417
3,42,428
3,43,379
3,44,407
3,45,405
3,46,311
3,47,235
3,48,258
3,49,284
3,50,234
3,51,607
3,52,328
3,53,309
3,54,233
3,55,234
3,56,231
3,57,216
3,58,244
3,59,513
3,60,250
3,61,252
3,62,246
3,63,207
3,64,337
3,65,216
3,66,234
3,67,246
3,68,291
3,69,228
3,70,233
3,71,571
3,72,605
3,73,440
3,74,237
3,75,249
3,76,305
3,77,371
3,78,243
3,79,218
3,80,279
3,81,230
3,82,228
3,83,225
3,84,230
3,85,201
3,86,255
3,87,243
3,88,307
3,89,210
3,90,226
3,91,230
3,92,344
3,93,240
3,94,233
3,95,230
3,96,211
3,97,320
3,98,214
3,99,252
3,100,270
3,101,215
3,102,208
3,103,315
3,104,242
3,105,208
3,106,203
3,107,209
3,108,217
3,109,217
3,110,207
3,111,211
3,112,213
3,113,222
3,114,384
3,115,282
3,116,211
3,117,206
3,118,215
3,119,235
3,120,211
3,121,203
3,122,223
3,123,184
3,124,286
3,125,191
3,126,224
3,127,201
3,128,234
3,129,168
3,130,242
3,131,175
3,132,218
3,133,166
3,134,149
3,135,223
3,136,134
3,137,158
3,138,170
3,139,174
3,140,152
3,141,156
3,142,141
3,143,2683
3,144,686
3,145,243
3,146,139
3,147,158
3,148,310
3,149,163
3,150,165
3,151,170
3,152,176
3,153,198
3,154,155
3,155,247
3,156,171
3,157,225
3,158,184
3,159,182
3,160,273
3,161,227
3,162,171
3,163,255
3,164,177
3,165,175
3,166,188
3,167,182
3,168,184
3,169,182
3,170,244
3,171,223
3,172,180
3,173,193
3,174,224
3,175,189
3,176,177
3,177,194
3,178,216
3,179,3164
3,180,199
3,181,225
3,182,195
3,183,273
3,184,206
3,185,238
3,186,177
3,187,201
3,188,228
3,189,230
3,190,178
3,191,262
3,192,202
3,193,215
3,194,178
3,195,234
3,196,193
3,197,255
3,198,336
3,199,214
3,200,215
3,201,243
3,202,217
3,203,233
3,204,205
3,205,259
3,206,217
3,207,251
3,208,215
3,209,258
3,210,2624
3,211,350
3,212,218
3,213,440
3,214,298
3,215,434
3,216,220
3,217,291
3,218,275
3,219,334
3,220,275
3,221,1754
3,222,267
3,223,347
3,224,278
3,225,842
3,226,281
3,227,441
3,228,289
3,229,386
3,230,320
3,231,387
3,232,335
3,233,451
3,234,350
3,235,4095
3,236,400
3,237,486
3,238,519
3,239,507
3,240,449
3,241,516
3,242,484
3,243,559
3,244,506
3,245,884
3,246,686
3,247,918
3,248,578
3,249,704
3,250,610
3,251,687
3,252,654
3,253,714
3,254,768
3,255,684
3,256,652
4,1,365
4,2,416
4,3,387
4,4,405
4,5,384
4,6,541
4,7,417
4,8,771
4,9,1040
4,10,467
4,11,424
4,12,430
4,13,513
4,14,454
4,15,449
4,16,465
4,17,410
4,18,446
4,19,407
4,20,487
4,21,385
4,22,451
4,23,3808
4,24,435
4,25,415
4,26,437
4,27,454
4,28,1227
4,29,421
4,30,506
4,31,434
4,32,482
4,33,405
4,34,509
4,35,523
4,36,433
4,37,462
4,38,673
4,39,419
4,40,465
4,41,418
4,42,431
4,43,380
4,44,405
4,45,406
4,46,313
4,47,236
4,48,256
4,49,290
4,50,234
4,51,611
4,52,325
4,53,310
4,54,234
4,55,235
4,56,232
4,57,217
4,58,245
4,59,511
4,60,250
4,61,252
4,62,245
4,63,208
4,64,336
4,65,216
4,66,233
4,67,248
4,68,292
4,69,223
4,70,232
4,71,572
4,72,606
4,73,436
4,74,237
4,75,250
4,76,304
4,77,373
4,78,241
4,79,219
4,80,277
4,81,229
4,82,227
4,83,224
4,84,230
4,85,203
4,86,256
4,87,243
4,88,307
4,89,210
4,90,226
4,91,231
4,92,340
4,93,238
4,94,234
4,95,230
4,96,212
4,97,303
4,98,216
4,99,252
4,100,269
4,101,215
4,102,209
4,103,311
4,104,243
4,105,210
4,106,203
4,107,211
4,108,217
4,109,217
4,110,208
4,111,212
4,112,213
4,113,224
4,114,382
4,115,282
4,116,212
4,117,205
4,118,215
4,119,234
4,120,211
4,121,204
4,122,221
4,123,185
4,124,287
4,125,190
4,126,225
4,127,200
4,128,234
4,129,169
4,130,251
4,131,175
4,132,217
4,133,167
4,134,148
4,135,233
4,136,133
4,137,157
4,138,171
4,139,174
4,140,153
4,141,155
4,142,143
4,143,2670
4,144,686
4,145,242
4,146,139
4,147,159
4,148,317
4,149,163
4,150,165
4,151,170
4,152,177
4,153,198
4,154,156
4,155,246
4,156,170
4,157,225
4,158,185
4,159,182
4,160,277
4,161,226
4,162,170
4,163,255
4,164,178
4,165,176
4,166,186
4,167,183
4,168,185
4,169,184
4,170,243
4,171,223
4,172,182
4,173,194
4,174,226
4,175,190
4,176,177
4,177,194
4,178,218
4,179,3161
4,180,199
4,181,224
4,182,197
4,183,272
4,184,207
4,185,238
4,186,178
4,187,201
4,188,229
4,189,231
4,190,179
4,191,263
4,192,203
4,193,216
4,194,178
4,195,242
4,196,192
4,197,258
4,198,301
4,199,215
4,200,217
4,201,243
4,202,217
4,203,233
4,204,205
4,205,259
4,206,217
4,207,251
4,208,215
4,209,260
4,210,2628
4,211,350
4,212,218
4,213,441
4,214,299
4,215,429
4,216,220
4,217,293
4,218,274
4,219,335
4,220,277
4,221,1768
4,222,266
4,223,348
4,224,279
4,225,845
4,226,282
4,227,443
4,228,289
4,229,387
4,230,321
4,231,386
4,232,336
4,233,452
4,234,352
4,235,4095
4,236,405
4,237,489
4,238,521
4,239,506
4,240,450
4,241,517
4,242,485
4,243,560
4,244,505
4,245,885
4,246,685
4,247,951
4,248,579
4,249,705
4,250,611
4,251,687
4,252,653
4,253,714
4,254,769
4,255,686
4,256,651
5,1,365
5,2,413
5,3,386
5,4,405
5,5,385
5,6,545
5,7,418
5,8,761
5,9,1069
5,10,470
5,11,425
5,12,429
5,13,510
5,14,452
5,15,449
5,16,465
5,17,410
5,18,444
5,19,407
5,20,487
5,21,386
5,22,452
5,23,3926
5,24,437
5,25,414
5,26,435
5,27,454
5,28,1226
5,29,420
5,30,506
5,31,436
5,32,482
5,33,405
5,34,512
5,35,525
5,36,433
5,37,462
5,38,671
5,39,421
5,40,465
5,41,417
5,42,429
5,43,379
5,44,408
5,45,408
5,46,314
5,47,236
5,48,257
5,49,290
5,50,234
5,51,611
5,52,323
5,53,300
5,54,233
5,55,233
5,56,231
5,57,217
5,58,245
5,59,512
5,60,251
5,61,254
5,62,246
5,63,209
5,64,335
5,65,216
5,66,234
5,67,247
5,68,291
5,69,225
5,70,233
5,71,573
5,72,603
5,73,437
5,74,239
5,75,249
5,76,303
5,77,371
5,78,238
5,79,219
5,80,278
5,81,229
5,82,229
5,83,226
5,84,230
5,85,203
5,86,254
5,87,242
5,88,307
5,89,210
5,90,226
5,91,232
5,92,341
5,93,242
5,94,234
5,95,232
5,96,213
5,97,308
5,98,217
5,99,254
5,100,271
5,101,216
5,102,207
5,103,312
5,104,244
5,105,214
5,106,204
5,107,211
5,108,218
5,109,217
5,110,207
5,111,213
5,112,214
5,113,223
5,114,385
5,115,283
5,116,212
5,117,205
5,118,216
5,119,235
5,120,211
5,121,202
5,122,222
5,123,186
5,124,287
5,125,192
5,126,222
5,127,200
5,128,233
5,129,168
5,130,252
5,131,179
5,132,219
5,133,166
5,134,150
5,135,231
5,136,133
5,137,157
5,138,171
5,139,175
5,140,154
5,141,156
5,142,141
5,143,2676
5,144,688
5,145,243
5,146,139
5,147,158
5,148,309
5,149,164
5,150,165
5,151,170
5,152,176
5,153,198
5,154,156
5,155,245
5,156,171
5,157,224
5,158,184
5,159,181
5,160,277
5,161,226
5,162,171
5,163,250
5,164,178
5,165,175
5,166,187
5,167,182
5,168,186
5,169,183
5,170,245
5,171,226
5,172,182
5,173,193
5,174,225
5,175,191
5,176,177
5,177,195
5,178,217
5,179,3162
5,180,200
5,181,224
5,182,195
5,183,271
5,184,208
5,185,239
5,186,177
5,187,202
5,188,229
5,189,230
5,190,179
5,191,261
5,192,204
5,193,217
5,194,180
5,195,239
5,196,192
5,197,257
5,198,315
5,199,215
5,200,215
5,201,242
5,202,219
5,203,235
5,204,207
5,205,260
5,206,217
5,207,253
5,208,217
5,209,259
5,210,2627
5,211,351
5,212,220
5,213,444
5,214,298
5,215,434
5,216,221
5,217,292
5,218,275
5,219,335
5,220,276
5,221,1765
5,222,265
5,223,348
5,224,279
5,225,857
5,226,282
5,227,443
5,228,289
5,229,388
5,230,322
5,231,385
5,232,335
5,233,452
5,234,350
5,235,4095
5,236,401
5,237,490
5,238,520
5,239,502
5,240,450
5,241,518
5,242,485
5,243,561
5,244,505
5,245,883
5,246,687
5,247,954
5,248,580
5,249,706
5,250,610
5,251,688
5,252,653
5,253,715
5,254,771
5,255,687
5,256,651
6,1,366
6,2,414
6,3,387
6,4,406
6,5,384
6,6,540
6,7,417
6,8,757
6,9,1094
6,10,469
6,11,425
6,12,429
6,13,513
6,14,453
6,15,449
6,16,463
6,17,408
6,18,443
6,19,407
6,20,488
6,21,387
6,22,451
6,23,3800
6,24,434
6,25,415
6,26,436
6,27,453
6,28,1225
6,29,417
6,30,508
6,31,436
6,32,482
6,33,407
6,34,508
6,35,525
6,36,433
6,37,460
6,38,672
6,39,421
6,40,467
6,41,417
6,42,430
6,43,379
6,44,409
6,45,402
6,46,312
6,47,237
6,48,256
6,49,289
6,50,233
6,51,614
6,52,327
6,53,299
6,54,234
6,55,236
6,56,231
6,57,218
6,58,246
6,59,512
6,60,250
6,61,252
6,62,246
6,63,208
6,64,334
6,65,217
6,66,233
6,67,246
6,68,292
6,69,228
6,70,234
6,71,570
6,72,609
6,73,442
6,74,238
6,75,250
6,76,303
6,77,370
6,78,239
6,79,219
6,80,279
6,81,228
6,82,230
6,83,225
6,84,231
6,85,202
6,86,252
6,87,243
6,88,307
6,89,210
6,90,225
6,91,229
6,92,343
6,93,241
6,94,234
6,95,230
6,96,210
6,97,304
6,98,215
6,99,251
6,100,270
6,101,214
6,102,210
6,103,317
6,104,241
6,105,208
6,106,203
6,107,210
6,108,216
6,109,218
6,110,207
6,111,212
6,112,214
6,113,224
6,114,381
6,115,283
6,116,212
6,117,204
6,118,214
6,119,236
6,120,210
6,121,203
6,122,221
6,123,185
6,124,288
6,125,191
6,126,224
6,127,199
6,128,235
6,129,168
6,130,251
6,131,176
6,132,218
6,133,165
6,134,148
6,135,231
6,136,133
6,137,158
6,138,169
6,139,175
6,140,152
6,141,154
6,142,142
6,143,2671
6,144,685
6,145,242
6,146,139
6,147,159
6,148,313
6,149,163
6,150,164
6,151,169
6,152,177
6,153,195
6,154,155
6,155,247
6,156,171
6,157,224
6,158,183
6,159,182
6,160,275
6,161,226
6,162,171
6,163,254
6,164,178
6,165,177
6,166,185
6,167,180
6,168,184
6,169,181
6,170,245
6,171,223
6,172,180
6,173,194
6,174,226
6,175,190
6,176,178
6,177,193
6,178,217
6,179,3163
6,180,199
6,181,225
6,182,194
6,183,271
6,184,207
6,185,239
6,186,178
6,187,201
6,188,228
6,189,229
6,190,180
6,191,263
6,192,203
6,193,215
6,194,181
6,195,239
6,196,192
6,197,257
6,198,334
6,199,214
6,200,215
6,201,243
6,202,219
6,203,234
6,204,206
6,205,259
6,206,216
6,207,252
6,208,216
6,209,259
6,210,2627
6,211,350
6,212,219
6,213,441
6,214,296
6,215,434
6,216,222
6,217,292
6,218,275
6,219,334
6,220,276
6,221,1803
6,222,266
6,223,350
6,224,278
6,225,856
6,226,282
6,227,442
6,228,288
6,229,386
6,230,320
6,231,385
6,232,335
6,233,447
6,234,351
6,235,4095
6,236,400
6,237,489
6,238,521
6,239,500
6,240,450
6,241,518
6,242,484
6,243,561
6,244,503
6,245,884
6,246,688
6,247,964
6,248,582
6,249,704
6,250,611
6,251,687
6,252,653
6,253,714
6,254,779
6,255,687
6,256,647
7,1,366
7,2,416
7,3,390
7,4,406
7,5,384
7,6,542
7,7,415
7,8,762
7,9,1115
7,10,470
7,11,425
7,12,428
7,13,511
7,14,451
7,15,449
7,16,465
7,17,410
7,18,443
7,19,406
7,20,489
7,21,386
7,22,452
7,23,3809
7,24,436
7,25,413
7,26,437
7,27,478
7,28,1225
7,29,419
7,30,508
7,31,436
7,32,485
7,33,407
7,34,508
7,35,526
7,36,433
7,37,462
7,38,671
7,39,420
7,40,464
7,41,416
7,42,426
7,43,380
7,44,407
7,45,401
7,46,313
7,47,235
7,48,257
7,49,284
7,50,234
7,51,624
7,52,326
7,53,299
7,54,234
7,55,234
7,56,231
7,57,218
7,58,246
7,59,510
7,60,250
7,61,254
7,62,246
7,63,207
7,64,335
7,65,217
7,66,233
7,67,244
7,68,290
7,69,228
7,70,232
7,71,574
7,72,603
7,73,442
7,74,239
7,75,249
7,76,303
7,77,373
7,78,243
7,79,219
7,80,278
7,81,229
7,82,228
7,83,224
7,84,232
7,85,201
7,86,254
7,87,245
7,88,308
7,89,210
7,90,226
7,91,230
7,92,339
7,93,241
7,94,234
7,95,231
7,96,212
7,97,320
7,98,214
7,99,252
7,100,269
7,101,214
7,102,210
7,103,314
7,104,243
7,105,209
7,106,204
7,107,211
7,108,216
7,109,217
7,110,207
7,111,211
7,112,213
7,113,223
7,114,381
7,115,284
7,116,212
7,117,206
7,118,214
7,119,235
7,120,210
7,121,204
7,122,221
7,123,186
7,124,285
7,125,191
7,126,224
7,127,199
7,128,236
7,129,168
7,130,250
7,131,176
7,132,218
7,133,167
7,134,148
7,135,232
7,136,131
7,137,157
7,138,169
7,139,174
7,140,152
7,141,155
7,142,141
7,143,2675
7,144,686
7,145,243
7,146,140
7,147,158
7,148,308
7,149,163
7,150,165
7,151,169
7,152,177
7,153,197
7,154,155
7,155,246
7,156,171
7,157,223
7,158,183
7,159,181
7,160,273
7,161,226
7,162,204
7,163,251
7,164,177
7,165,175
7,166,186
7,167,182
7,168,184
7,169,183
7,170,245
7,171,224
7,172,181
7,173,194
7,174,223
7,175,189
7,176,176
7,177,193
7,178,215
7,179,3165
7,180,199
7,181,223
7,182,195
7,183,273
7,184,207
7,185,240
7,186,178
7,187,201
7,188,228
7,189,230
7,190,178
7,191,265
7,192,203
7,193,215
7,194,178
7,195,239
7,196,191
7,197,259
7,198,329
7,199,213
7,200,216
7,201,243
7,202,218
7,203,233
7,204,205
7,205,259
7,206,217
7,207,251
7,208,216
7,209,259
7,210,2627
7,211,350
7,212,217
7,213,438
7,214,299
7,215,427
7,216,221
7,217,292
7,218,274
7,219,335
7,220,276
7,221,1763
7,222,267
7,223,348
7,224,278
7,225,841
7,226,282
7,227,443
7,228,287
7,229,387
7,230,322
7,231,387
7,232,335
7,233,450
7,234,351
7,235,4095
7,236,402
7,237,487
7,238,523
7,239,503
7,240,451
7,241,517
7,242,484
7,243,561
7,244,504
7,245,886
7,246,686
7,247,917
7,248,581
7,249,701
7,250,611
7,251,686
7,252,654
7,253,710
7,254,778
7,255,686
7,256,648
8,1,365
8,2,413
8,3,387
8,4,409
8,5,445
8,6,539
8,7,418
8,8,762
8,9,1102
8,10,469
8,11,425
8,12,430
8,13,510
8,14,452
8,15,447
8,16,466
8,17,408
8,18,443
8,19,408
8,20,487
8,21,386
8,22,451
8,23,3802
8,24,435
8,25,415
8,26,435
8,27,455
8,28,1223
8,29,418
8,30,506
8,31,436
8,32,484
8,33,407
8,34,509
8,35,525
8,36,433
8,37,461
8,38,669
8,39,420
8,40,466
8,41,418
8,42,428
8,43,379
8,44,408
8,45,405
8,46,313
8,47,236
8,48,258
8,49,291
8,50,233
8,51,609
8,52,327
8,53,309
8,54,233
8,55,235
8,56,231
8,57,217
8,58,245
8,59,512
8,60,247
8,61,255
8,62,245
8,63,208
8,64,336
8,65,217
8,66,232
8,67,246
8,68,292
8,69,228
8,70,233
8,71,573
8,72,593
8,73,428
8,74,238
8,75,249
8,76,302
8,77,372
8,78,240
8,79,219
8,80,275
8,81,230
8,82,230
8,83,226
8,84,231
8,85,202
8,86,250
8,87,240
8,88,306
8,89,210
8,90,225
8,91,231
8,92,341
8,93,243
8,94,233
8,95,232
8,96,210
8,97,324
8,98,216
8,99,251
8,100,268
8,101,216
8,102,210
8,103,309
8,104,243
8,105,208
8,106,204
8,107,210
8,108,218
8,109,217
8,110,207
8,111,213
8,112,214
8,113,224
8,114,387
8,115,283
8,116,210
8,117,205
8,118,213
8,119,236
8,120,211
8,121,204
8,122,222
8,123,186
8,124,292
8,125,191
8,126,224
8,127,201
8,128,234
8,129,169
8,130,250
8,131,177
8,132,217
8,133,167
8,134,148
8,135,229
8,136,133
8,137,157
8,138,169
8,139,174
8,140,152
8,141,155
8,142,143
8,143,2668
8,144,684
8,145,244
8,146,139
8,147,157
8,148,313
8,149,163
8,150,165
8,151,168
8,152,175
8,153,198
8,154,156
8,155,245
8,156,171
8,157,225
8,158,183
8,159,182
8,160,275
8,161,225
8,162,171
8,163,255
8,164,177
8,165,174
8,166,186
8,167,183
8,168,185
8,169,184
8,170,242
8,171,224
8,172,181
8,173,195
8,174,225
8,175,190
8,176,175
8,177,193
8,178,217
8,179,3168
8,180,198
8,181,227
8,182,193
8,183,274
8,184,206
8,185,237
8,186,177
8,187,202
8,188,228
8,189,229
8,190,179
8,191,263
8,192,204
8,193,216
8,194,178
8,195,233
8,196,191
8,197,255
8,198,318
8,199,215
8,200,215
8,201,243
8,202,218
8,203,233
8,204,205
8,205,259
8,206,216
8,207,251
8,208,215
8,209,258
8,210,2624
8,211,349
8,212,217
8,213,432
8,214,297
8,215,431
8,216,222
8,217,291
8,218,274
8,219,336
8,220,276
8,221,1790
8,222,266
8,223,349
8,224,278
8,225,845
8,226,281
8,227,440
8,228,287
8,229,386
8,230,322
8,231,385
8,232,335
8,233,452
8,234,350
8,235,4095
8,236,401
8,237,489
8,238,519
8,239,504
8,240,449
8,241,518
8,242,483
8,243,560
8,244,502
8,245,885
8,246,680
8,247,917
8,248,580
8,249,703
8,250,609
8,251,686
8,252,653
8,253,712
8,254,783
8,255,686
8,256,649
9,1,364
9,2,412
9,3,390
9,4,404
9,5,383
9,6,539
9,7,418
9,8,760
9,9,1089
9,10,469
9,11,424
9,12,429
9,13,512
9,14,452
9,15,449
9,16,464
9,17,408
9,18,443
9,19,407
9,20,489
9,21,384
9,22,449
9,23,3810
9,24,435
9,25,414
9,26,435
9,27,450
9,28,1226
9,29,418
9,30,506
9,31,435
9,32,482
9,33,406
9,34,508
9,35,528
9,36,431
9,37,462
9,38,670
9,39,421
9,40,462
9,41,418
9,42,429
9,43,379
9,44,407
9,45,405
9,46,312
9,47,236
9,48,257
9,49,283
9,50,233
9,51,627
9,52,326
9,53,308
9,54,233
9,55,234
9,56,232
9,57,216
9,58,246
9,59,512
9,60,247
9,61,254
9,62,243
9,63,208
9,64,335
9,65,216
9,66,232
9,67,245
9,68,289
9,69,226
9,70,232
9,71,573
9,72,606
9,73,442
9,74,238
9,75,249
9,76,303
9,77,377
9,78,241
9,79,219
9,80,278
9,81,229
9,82,229
9,83,224
9,84,230
9,85,201
9,86,252
9,87,243
9,88,305
9,89,210
9,90,225
9,91,231
9,92,343
9,93,242
9,94,232
9,95,231
9,96,210
9,97,323
9,98,215
9,99,251
9,100,267
9,101,217
9,102,209
9,103,309
9,104,243
9,105,208
9,106,202
9,107,209
9,108,217
9,109,219
9,110,207
9,111,211
9,112,214
9,113,223
9,114,383
9,115,283
9,116,210
9,117,206
9,118,214
9,119,236
9,120,210
9,121,203
9,122,220
9,123,186
9,124,289
9,125,190
9,126,224
9,127,200
9,128,234
9,129,168
9,130,248
9,131,176
9,132,218
9,133,168
9,134,147
9,135,229
9,136,132
9,137,157
9,138,170
9,139,174
9,140,154
9,141,153
9,142,142
9,143,2669
9,144,687
9,145,245
9,146,140
9,147,157
9,148,313
9,149,163
9,150,165
9,151,169
9,152,175
9,153,196
9,154,156
9,155,245
9,156,170
9,157,224
9,158,184
9,159,182
9,160,276
9,161,224
9,162,171
9,163,253
9,164,177
9,165,176
9,166,185
9,167,181
9,168,184
9,169,182
9,170,243
9,171,224
9,172,180
9,173,192
9,174,222
9,175,190
9,176,176
9,177,192
9,178,214
9,179,3155
9,180,199
9,181,223
9,182,195
9,183,272
9,184,206
9,185,239
9,186,175
9,187,201
9,188,227
9,189,230
9,190,178
9,191,261
9,192,203
9,193,215
9,194,177
9,195,238
9,196,191
9,197,257
9,198,325
9,199,214
9,200,216
9,201,241
9,202,217
9,203,233
9,204,204
9,205,258
9,206,216
9,207,251
9,208,216
9,209,258
9,210,2626
9,211,349
9,212,217
9,213,439
9,214,296
9,215,435
9,216,221
9,217,290
9,218,274
9,219,333
9,220,276
9,221,1736
9,222,266
9,223,347
9,224,278
9,225,865
9,226,281
9,227,442
9,228,289
9,229,386
9,230,320
9,231,385
9,232,333
9,233,450
9,234,351
9,235,4095
9,236,399
9,237,487
9,238,521
9,239,504
9,240,449
9,241,517
9,242,482
9,243,561
9,244,503
9,245,884
9,246,682
9,247,910
9,248,582
9,249,706
9,250,608
9,251,686
9,252,651
9,253,712
9,254,783
9,255,685
9,256,648
10,1,365
10,2,413
10,3,390
10,4,404
10,5,382
10,6,540
10,7,421
10,8,760
10,9,1063
10,10,471
10,11,425
10,12,429
10,13,512
10,14,453
10,15,446
10,16,465
10,17,407
10,18,444
10,19,406
10,20,490
10,21,386
10,22,452
10,23,3809
10,24,437
10,25,413
10,26,435
10,27,453
10,28,1225
10,29,417
10,30,507
10,31,435
10,32,483
10,33,405
10,34,509
10,35,528
10,36,432
10,37,462
10,38,668
10,39,419
10,40,463
10,41,415
10,42,427
10,43,378
10,44,407
10,45,407
10,46,313
10,47,237
10,48,257
10,49,283
10,50,233
10,51,618
10,52,324
10,53,311
10,54,235
10,55,233
10,56,231
10,57,217
10,58,247
10,59,512
10,60,250
10,61,254
10,62,247
10,63,206
10,64,335
10,65,217
10,66,233
10,67,244
10,68,291
10,69,228
10,70,234
10,71,566
10,72,600
10,73,435
10,74,238
10,75,250
10,76,303
10,77,377
10,78,241
10,79,219
10,80,279
10,81,231
10,82,229
10,83,225
10,84,231
10,85,201
10,86,255
10,87,243
10,88,307
10,89,209
10,90,225
10,91,230
10,92,341
10,93,240
10,94,235
10,95,231
10,96,211
10,97,297
10,98,217
10,99,252
10,100,269
10,101,213
10,102,209
10,103,312
10,104,244
10,105,209
10,106,203
10,107,210
10,108,220
10,109,217
10,110,211
10,111,213
10,112,216
10,113,223
10,114,376
10,115,283
10,116,212
10,117,206
10,118,215
10,119,236
10,120,211
10,121,204
10,122,221
10,123,184
10,124,294
10,125,191
10,126,225
10,127,199
10,128,235
10,129,169
10,130,251
10,131,176
10,132,217
10,133,167
10,134,150
10,135,230
10,136,133
10,137,157
10,138,169
10,139,175
10,140,153
10,141,155
10,142,142
10,143,2669
10,144,700
10,145,245
10,146,140
10,147,158
10,148,312
10,149,164
10,150,164
10,151,170
10,152,176
10,153,198
10,154,156
10,155,246
10,156,172
10,157,226
10,158,186
10,159,182
10,160,272
10,161,226
10,162,172
10,163,256
10,164,179
10,165,175
10,166,188
10,167,181
10,168,184
10,169,183
10,170,245
10,171,222
10,172,180
10,173,193
10,174,225
10,175,190
10,176,176
10,177,193
10,178,217
10,179,3159
10,180,200
10,181,223
10,182,195
10,183,274
10,184,206
10,185,239
10,186,177
10,187,201
10,188,229
10,189,231
10,190,179
10,191,263
10,192,203
10,193,215
10,194,178
10,195,238
10,196,192
10,197,253
10,198,329
10,199,214
10,200,217
10,201,242
10,202,218
10,203,235
10,204,205
10,205,259
10,206,217
10,207,252
10,208,216
10,209,259
10,210,2629
10,211,349
10,212,219
10,213,438
10,214,299
10,215,435
10,216,222
10,217,291
10,218,275
10,219,333
10,220,277
10,221,1775
10,222,269
10,223,347
10,224,278
10,225,864
10,226,283
10,227,442
10,228,288
10,229,387
10,230,321
10,231,386
10,232,336
10,233,450
10,234,350
10,235,4095
10,236,401
10,237,488
10,238,518
10,239,502
10,240,449
10,241,517
10,242,484
10,243,561
10,244,505
10,245,886
10,246,688
10,247,918
10,248,578
10,249,705
10,250,611
10,251,685
10,252,655
10,253,714
10,254,778
10,255,686
10,256,645
11,1,368
11,2,412
11,3,387
11,4,404
11,5,383
11,6,549
11,7,418
11,8,753
11,9,1062
11,10,468
11,11,426
11,12,429
11,13,512
11,14,453
11,15,446
11,16,466
11,17,409
11,18,442
11,19,406
11,20,486
11,21,386
11,22,454
11,23,3804
11,24,435
11,25,415
11,26,435
11,27,455
11,28,1226
11,29,418
11,30,506
11,31,435
11,32,481
11,33,407
11,34,507
11,35,525
11,36,429
11,37,461
11,38,671
11,39,418
11,40,464
11,41,417
11,42,439
11,43,387
11,44,407
11,45,406
11,46,312
11,47,237
11,48,259
11,49,288
11,50,232
11,51,609
11,52,326
11,53,307
11,54,234
11,55,233
11,56,231
11,57,217
11,58,243
11,59,512
11,60,249
11,61,253
11,62,245
11,63,208
11,64,330
11,65,217
11,66,233
11,67,248
11,68,290
11,69,227
11,70,234
11,71,571
11,72,598
11,73,440
11,74,238
11,75,248
11,76,301
11,77,372
11,78,242
11,79,219
11,80,277
11,81,229
11,82,227
11,83,224
11,84,231
11,85,202
11,86,255
11,87,244
11,88,307
11,89,210
11,90,226
11,91,231
11,92,342
11,93,241
11,94,233
11,95,231
11,96,211
11,97,304
11,98,217
11,99,250
11,100,266
11,101,215
11,102,209
11,103,313
11,104,243
11,105,208
11,106,202
11,107,211
11,108,217
11,109,216
11,110,207
11,111,212
11,112,214
11,113,223
11,114,375
11,115,283
11,116,211
11,117,204
11,118,214
11,119,237
11,120,211
11,121,205
11,122,221
11,123,185
11,124,286
11,125,189
11,126,221
11,127,200
11,128,233
11,129,168
11,130,250
11,131,176
11,132,218
11,133,166
11,134,150
11,135,232
11,136,132
11,137,156
11,138,170
11,139,175
11,140,152
11,141,155
11,142,142
11,143,2671
11,144,698
11,145,243
11,146,139
11,147,159
11,148,306
11,149,163
11,150,164
11,151,170
11,152,175
11,153,197
11,154,156
11,155,246
11,156,170
11,157,225
11,158,183
11,159,182
11,160,268
11,161,225
11,162,169
11,163,250
11,164,177
11,165,176
11,166,187
11,167,182
11,168,182
11,169,183
11,170,243
11,171,226
11,172,179
11,173,194
11,174,224
11,175,189
11,176,175
11,177,194
11,178,216
11,179,3164
11,180,199
11,181,225
11,182,196
11,183,272
11,184,206
11,185,237
11,186,177
11,187,202
11,188,227
11,189,244
11,190,179
11,191,263
11,192,203
11,193,215
11,194,178
11,195,237
11,196,191
11,197,256
11,198,338
11,199,214
11,200,214
11,201,243
11,202,219
11,203,234
11,204,204
11,205,260
11,206,217
11,207,253
11,208,215
11,209,259
11,210,2626
11,211,350
11,212,218
11,213,429
11,214,300
11,215,430
11,216,221
11,217,291
11,218,274
11,219,334
11,220,276
11,221,1819
11,222,266
11,223,347
11,224,278
11,225,896
11,226,280
11,227,444
11,228,288
11,229,387
11,230,321
11,231,385
11,232,335
11,233,453
11,234,350
11,235,4095
11,236,399
11,237,489
11,238,519
11,239,506
11,240,450
11,241,520
11,242,483
11,243,561
11,244,502
11,245,882
11,246,687
11,247,916
11,248,581
11,249,705
11,250,611
11,251,686
11,252,653
11,253,716
11,254,785
11,255,686
11,256,648
12,1,365
12,2,414
12,3,386
12,4,406
12,5,384
12,6,539
12,7,415
12,8,758
12,9,1091
12,10,470
12,11,423
12,12,430
12,13,512
12,14,453
12,15,449
12,16,465
12,17,408
12,18,443
12,19,407
12,20,486
12,21,387
12,22,453
12,23,3802
12,24,436
12,25,414
12,26,436
12,27,456
12,28,1224
12,29,419
12,30,506
12,31,438
12,32,484
12,33,407
12,34,509
12,35,528
12,36,432
12,37,463
12,38,671
12,39,418
12,40,462
12,41,418
12,42,430
12,43,379
12,44,409
12,45,406
12,46,313
12,47,236
12,48,259
12,49,290
12,50,234
12,51,611
12,52,328
12,53,308
12,54,233
12,55,234
12,56,232
12,57,218
12,58,244
12,59,512
12,60,251
12,61,253
12,62,246
12,63,207
12,64,336
12,65,217
12,66,235
12,67,245
12,68,293
12,69,223
12,70,234
12,71,574
12,72,606
12,73,434
12,74,238
12,75,249
12,76,301
12,77,370
12,78,240
12,79,220
12,80,278
12,81,229
12,82,229
12,83,225
12,84,232
12,85,202
12,86,253
12,87,243
12,88,307
12,89,209
12,90,225
12,91,231
12,92,344
12,93,242
12,94,240
12,95,230
12,96,211
12,97,303
12,98,215
12,99,252
12,100,269
12,101,215
12,102,210
12,103,315
12,104,243
12,105,208
12,106,204
12,107,210
12,108,219
12,109,217
12,110,208
12,111,212
12,112,214
12,113,222
12,114,382
12,115,282
12,116,212
12,117,270
12,118,218
12,119,237
12,120,210
12,121,205
12,122,221
12,123,185
12,124,289
12,125,190
12,126,224
12,127,200
12,128,234
12,129,169
12,130,265
12,131,176
12,132,219
12,133,166
12,134,150
12,135,230
12,136,132
12,137,157
12,138,169
12,139,175
12,140,153
12,141,154
12,142,142
12,143,2673
12,144,686
12,145,243
12,146,140
12,147,158
12,148,310
12,149,162
12,150,165
12,151,170
12,152,176
12,153,197
12,154,156
12,155,243
12,156,171
12,157,225
12,158,185
12,159,183
12,160,275
12,161,227
12,162,172
12,163,254
12,164,178
12,165,176
12,166,188
12,167,183
12,168,185
12,169,183
12,170,245
12,171,224
12,172,181
12,173,193
12,174,225
12,175,191
12,176,176
12,177,193
12,178,215
12,179,3162
12,180,200
12,181,225
12,182,194
12,183,272
12,184,206
12,185,238
12,186,178
12,187,201
12,188,228
12,189,232
12,190,178
12,191,261
12,192,204
12,193,216
12,194,179
12,195,235
12,196,192
12,197,255
12,198,316
12,199,215
12,200,217
12,201,243
12,202,218
12,203,235
12,204,206
12,205,260
12,206,217
12,207,252
12,208,216
12,209,258
12,210,2630
12,211,350
12,212,217
12,213,442
12,214,300
12,215,435
12,216,223
12,217,292
12,218,275
12,219,336
12,220,277
12,221,1746
12,222,267
12,223,348
12,224,280
12,225,862
12,226,282
12,227,440
12,228,287
12,229,387
12,230,322
12,231,385
12,232,334
12,233,449
12,234,349
12,235,4095
12,236,401
12,237,488
12,238,517
12,239,503
12,240,449
12,241,518
12,242,483
12,243,561
12,244,505
12,245,882
12,246,677
12,247,918
12,248,581
12,249,705
12,250,608
12,251,687
12,252,653
12,253,712
12,254,779
12,255,695
12,256,648
13,1,361
13,2,413
13,3,389
13,4,407
13,5,383
13,6,544
13,7,420
13,8,765
13,9,1103
13,10,468
13,11,424
13,12,429
13,13,515
13,14,454
13,15,447
13,16,463
13,17,409
13,18,445
13,19,407
13,20,490
13,21,386
13,22,452
13,23,3810
13,24,434
13,25,415
13,26,435
13,27,452
13,28,1226
13,29,418
13,30,507
13,31,435
13,32,480
13,33,405
13,34,508
13,35,527
13,36,433
13,37,462
13,38,666
13,39,419
13,40,465
13,41,421
13,42,429
13,43,379
13,44,407
13,45,405
13,46,313
13,47,238
13,48,259
13,49,289
13,50,233
13,51,599
13,52,327
13,53,310
13,54,234
13,55,232
13,56,232
13,57,217
13,58,247
13,59,514
13,60,251
13,61,253
13,62,246
13,63,208
13,64,337
13,65,216
13,66,235
13,67,247
13,68,291
13,69,226
13,70,234
13,71,572
13,72,600
13,73,432
13,74,238
13,75,250
13,76,300
13,77,374
13,78,243
13,79,219
13,80,278
13,81,228
13,82,228
13,83,224
13,84,230
13,85,201
13,86,255
13,87,244
13,88,307
13,89,211
13,90,225
13,91,231
13,92,341
13,93,241
13,94,239
13,95,230
13,96,210
13,97,307
13,98,217
13,99,252
13,100,270
13,101,214
13,102,208
13,103,314
13,104,246
13,105,207
13,106,203
13,107,211
13,108,217
13,109,216
13,110,207
13,111,211
13,112,214
13,113,223
13,114,378
13,115,282
13,116,211
13,117,206
13,118,214
13,119,236
13,120,211
13,121,204
13,122,223
13,123,185
13,124,293
13,125,189
13,126,223
13,127,201
13,128,233
13,129,168
13,130,268
13,131,176
13,132,219
13,133,167
13,134,149
13,135,231
13,136,132
13,137,158
13,138,171
13,139,174
13,140,152
13,141,154
13,142,142
13,143,2673
13,144,684
13,145,237
13,146,141
13,147,159
13,148,305
13,149,163
13,150,163
13,151,169
13,152,176
13,153,197
13,154,157
13,155,243
13,156,170
13,157,226
13,158,184
13,159,182
13,160,267
13,161,225
13,162,170
13,163,252
13,164,178
13,165,177
13,166,187
13,167,183
13,168,185
13,169,183
13,170,244
13,171,224
13,172,180
13,173,191
13,174,224
13,175,189
13,176,177
13,177,194
13,178,216
13,179,3163
13,180,200
13,181,224
13,182,196
13,183,270
13,184,206
13,185,239
13,186,178
13,187,201
13,188,228
13,189,231
13,190,179
13,191,265
13,192,203
13,193,216
13,194,179
13,195,234
13,196,191
13,197,256
13,198,299
13,199,214
13,200,217
13,201,244
13,202,217
13,203,233
13,204,212
13,205,262
13,206,215
13,207,252
13,208,215
13,209,259
13,210,2627
13,211,350
13,212,218
13,213,435
13,214,299
13,215,434
13,216,222
13,217,292
13,218,274
13,219,337
13,220,275
13,221,1729
13,222,267
13,223,349
13,224,277
13,225,863
13,226,283
13,227,438
13,228,288
13,229,388
13,230,322
13,231,385
13,232,334
13,233,450
13,234,351
13,235,4095
13,236,399
13,237,488
13,238,520
13,239,503
13,240,448
13,241,518
13,242,483
13,243,561
13,244,504
13,245,884
13,246,687
13,247,915
13,248,579
13,249,707
13,250,610
13,251,686
13,252,654
13,253,712
13,254,769
13,255,688
13,256,648
14,1,366
14,2,413
14,3,385
14,4,405
14,5,382
14,6,545
14,7,419
14,8,771
14,9,1091
14,10,469
14,11,423
14,12,428
14,13,515
14,14,453
14,15,449
14,16,463
14,17,409
14,18,445
14,19,408
14,20,487
14,21,386
14,22,450
14,23,3817
14,24,436
14,25,414
14,26,436
14,27,452
14,28,1223
14,29,418
14,30,505
14,31,436
14,32,481
14,33,411
14,34,506
14,35,526
14,36,431
14,37,461
14,38,671
14,39,418
14,40,462
14,41,419
14,42,429
14,43,378
14,44,406
14,45,403
14,46,311
14,47,236
14,48,258
14,49,284
14,50,233
14,51,602
14,52,326
14,53,308
14,54,233
14,55,237
14,56,232
14,57,217
14,58,242
14,59,512
14,60,249
14,61,257
14,62,244
14,63,207
14,64,334
14,65,218
14,66,234
14,67,243
14,68,290
14,69,227
14,70,234
14,71,573
14,72,606
14,73,439
14,74,239
14,75,250
14,76,302
14,77,375
14,78,237
14,79,219
14,80,277
14,81,230
14,82,229
14,83,225
14,84,229
14,85,201
14,86,252
14,87,244
14,88,306
14,89,210
14,90,226
14,91,229
14,92,341
14,93,239
14,94,239
14,95,231
14,96,209
14,97,325
14,98,216
14,99,250
14,100,269
14,101,217
14,102,209
14,103,315
14,104,245
14,105,208
14,106,203
14,107,210
14,108,216
14,109,218
14,110,207
14,111,234
14,112,210
14,113,223
14,114,380
14,115,284
14,116,211
14,117,206
14,118,216
14,119,237
14,120,209
14,121,203
14,122,222
14,123,185
14,124,290
14,125,190
14,126,223
14,127,200
14,128,233
14,129,168
14,130,242
14,131,176
14,132,218
14,133,167
14,134,149
14,135,229
14,136,133
14,137,157
14,138,169
14,139,174
14,140,152
14,141,155
14,142,142
14,143,2671
14,144,685
14,145,240
14,146,139
14,147,159
14,148,303
14,149,162
14,150,164
14,151,169
14,152,177
14,153,197
14,154,156
14,155,246
14,156,172
14,157,225
14,158,183
14,159,181
14,160,273
14,161,226
14,162,170
14,163,259
14,164,178
14,165,175
14,166,187
14,167,182
14,168,184
14,169,183
14,170,243
14,171,223
14,172,180
14,173,192
14,174,224
14,175,190
14,176,176
14,177,192
14,178,218
14,179,3168
14,180,199
14,181,225
14,182,195
14,183,271
14,184,206
14,185,237
14,186,176
14,187,200
14,188,229
14,189,230
14,190,178
14,191,261
14,192,204
14,193,215
14,194,179
14,195,237
14,196,191
14,197,255
14,198,327
14,199,214
14,200,216
14,201,243
14,202,217
14,203,234
14,204,204
14,205,258
14,206,218
14,207,252
14,208,217
14,209,257
14,210,2623
14,211,353
14,212,217
14,213,445
14,214,299
14,215,436
14,216,222
14,217,291
14,218,275
14,219,334
14,220,276
14,221,1798
14,222,268
14,223,349
14,224,277
14,225,845
14,226,281
14,227,442
14,228,287
14,229,387
14,230,321
14,231,383
14,232,336
14,233,448
14,234,350
14,235,4095
14,236,404
14,237,487
14,238,520
14,239,503
14,240,451
14,241,516
14,242,482
14,243,562
14,244,505
14,245,880
14,246,681
14,247,921
14,248,579
14,249,706
14,250,610
14,251,686
14,252,653
14,253,711
14,254,766
14,255,686
14,256,651
15,1,364
15,2,413
15,3,384
15,4,405
15,5,384
15,6,542
15,7,420
15,8,764
15,9,1078
15,10,468
15,11,423
15,12,428
15,13,514
15,14,451
15,15,450
15,16,463
15,17,408
15,18,444
15,19,408
15,20,489
15,21,385
15,22,452
15,23,3806
15,24,435
15,25,414
15,26,434
15,27,451
15,28,1226
15,29,417
15,30,504
15,31,435
15,32,479
15,33,406
15,34,508
15,35,530
15,36,431
15,37,461
15,38,671
15,39,420
15,40,465
15,41,418
15,42,427
15,43,377
15,44,407
15,45,405
15,46,311
15,47,235
15,48,258
15,49,288
15,50,234
15,51,620
15,52,330
15,53,309
15,54,234
15,55,234
15,56,232
15,57,218
15,58,244
15,59,511
15,60,250
15,61,251
15,62,245
15,63,206
15,64,335
15,65,216
15,66,234
15,67,244
15,68,291
15,69,222
15,70,234
15,71,597
15,72,610
15,73,442
15,74,239
15,75,248
15,76,302
15,77,373
15,78,241
15,79,217
15,80,279
15,81,228
15,82,228
15,83,225
15,84,230
15,85,202
15,86,257
15,87,243
15,88,307
15,89,209
15,90,226
15,91,229
15,92,347
15,93,242
15,94,240
15,95,232
15,96,212
15,97,327
15,98,217
15,99,250
15,100,266
15,101,214
15,102,209
15,103,310
15,104,244
15,105,209
15,106,203
15,107,210
15,108,217
15,109,219
15,110,207
15,111,211
15,112,215
15,113,223
15,114,379
15,115,283
15,116,211
15,117,205
15,118,215
15,119,236
15,120,210
15,121,204
15,122,222
15,123,184
15,124,287
15,125,190
15,126,223
15,127,200
15,128,234
15,129,167
15,130,241
15,131,175
15,132,219
15,133,167
15,134,148
15,135,227
15,136,132
15,137,157
15,138,170
15,139,174
15,140,154
15,141,154
15,142,143
15,143,2666
15,144,687
15,145,240
15,146,140
15,147,157
15,148,303
15,149,161
15,150,164
15,151,168
15,152,177
15,153,196
15,154,156
15,155,246
15,156,171
15,157,224
15,158,183
15,159,181
15,160,273
15,161,225
15,162,171
15,163,252
15,164,177
15,165,174
15,166,185
15,167,181
15,168,185
15,169,182
15,170,242
15,171,222
15,172,180
15,173,193
15,174,225
15,175,189
15,176,175
15,177,191
15,178,216
15,179,3163
15,180,199
15,181,223
15,182,195
15,183,275
15,184,206
15,185,238
15,186,176
15,187,201
15,188,227
15,189,231
15,190,179
15,191,261
15,192,204
15,193,215
15,194,178
15,195,238
15,196,192
15,197,253
15,198,327
15,199,214
15,200,218
15,201,251
15,202,267
15,203,233
15,204,205
15,205,258
15,206,218
15,207,252
15,208,215
15,209,258
15,210,2631
15,211,351
15,212,219
15,213,448
15,214,298
15,215,434
15,216,222
15,217,291
15,218,275
15,219,334
15,220,277
15,221,1735
15,222,267
15,223,345
15,224,277
15,225,869
15,226,279
15,227,442
15,228,288
15,229,386
15,230,322
15,231,385
15,232,336
15,233,449
15,234,351
15,235,4095
15,236,403
15,237,487
15,238,518
15,239,504
15,240,450
15,241,517
15,242,481
15,243,561
15,244,503
15,245,885
15,246,699
15,247,918
15,248,579
15,249,707
15,250,611
15,251,686
15,252,651
15,253,712
15,254,788
15,255,686
15,256,650
16,1,365
16,2,416
16,3,386
16,4,406
16,5,385
16,6,540
16,7,421
16,8,763
16,9,1095
16,10,468
16,11,423
16,12,430
16,13,513
16,14,451
16,15,450
16,16,464
16,17,410
16,18,443
16,19,406
16,20,488
16,21,386
16,22,452
16,23,3806
16,24,436
16,25,414
16,26,435
16,27,454
16,28,1226
16,29,417
16,30,506
16,31,435
16,32,483
16,33,406
16,34,508
16,35,528
16,36,433
16,37,462
16,38,671
16,39,419
16,40,468
16,41,414
16,42,430
16,43,378
16,44,408
16,45,405
16,46,313
16,47,235
16,48,258
16,49,289
16,50,233
16,51,611
16,52,327
16,53,310
16,54,233
16,55,234
16,56,232
16,57,218
16,58,245
16,59,512
16,60,249
16,61,253
16,62,245
16,63,207
16,64,334
16,65,216
16,66,234
16,67,245
16,68,293
16,69,227
16,70,234
16,71,573
16,72,605
16,73,438
16,74,238
16,75,248
16,76,303
16,77,370
16,78,238
16,79,219
16,80,278
16,81,230
16,82,230
16,83,224
16,84,230
16,85,201
16,86,254
16,87,244
16,88,307
16,89,209
16,90,227
16,91,230
16,92,342
16,93,241
16,94,239
16,95,229
16,96,210
16,97,318
16,98,214
16,99,250
16,100,265
16,101,215
16,102,209
16,103,316
16,104,244
16,105,209
16,106,204
16,107,211
16,108,218
16,109,219
16,110,207
16,111,211
16,112,215
16,113,223
16,114,378
16,115,281
16,116,211
16,117,205
16,118,216
16,119,237
16,120,211
16,121,203
16,122,223
16,123,185
16,124,289
16,125,190
16,126,223
16,127,200
16,128,234
16,129,169
16,130,245
16,131,175
16,132,218
16,133,166
16,134,148
16,135,230
16,136,132
16,137,157
16,138,171
16,139,174
16,140,153
16,141,153
16,142,144
16,143,2675
16,144,685
16,145,241
16,146,140
16,147,158
16,148,307
16,149,162
16,150,163
16,151,168
16,152,175
16,153,196
16,154,155
16,155,247
16,156,173
16,157,224
16,158,185
16,159,182
16,160,273
16,161,225
16,162,171
16,163,256
16,164,178
16,165,175
16,166,186
16,167,182
16,168,185
16,169,182
16,170,242
16,171,224
16,172,180
16,173,193
16,174,242
16,175,191
16,176,176
16,177,193
16,178,214
16,179,3163
16,180,199
16,181,222
16,182,194
16,183,269
16,184,207
16,185,239
16,186,179
16,187,202
16,188,228
16,189,230
16,190,179
16,191,264
16,192,202
16,193,216
16,194,178
16,195,231
16,196,192
16,197,253
16,198,322
16,199,214
16,200,216
16,201,243
16,202,217
16,203,234
16,204,205
16,205,258
16,206,218
16,207,252
16,208,215
16,209,258
16,210,2627
16,211,350
16,212,218
16,213,445
16,214,295
16,215,434
16,216,222
16,217,292
16,218,274
16,219,335
16,220,278
16,221,1723
16,222,267
16,223,347
16,224,277
16,225,865
16,226,281
16,227,444
16,228,288
16,229,385
16,230,321
16,231,385
16,232,335
16,233,450
16,234,351
16,235,4095
16,236,403
16,237,488
16,238,512
16,239,501
16,240,449
16,241,518
16,242,478
16,243,561
16,244,505
16,245,880
16,246,704
16,247,918
16,248,579
16,249,703
16,250,610
16,251,687
16,252,651
16,253,712
16,254,775
16,255,687
16,256,651
17,1,366
17,2,413
17,3,392
17,4,406
17,5,383
17,6,548
17,7,418
17,8,765
17,9,1087
17,10,469
17,11,423
17,12,429
17,13,512
17,14,452
17,15,448
17,16,463
17,17,408
17,18,443
17,19,406
17,20,486
17,21,387
17,22,453
17,23,3819
17,24,435
17,25,416
17,26,435
17,27,451
17,28,1225
17,29,416
17,30,505
17,31,433
17,32,479
17,33,405
17,34,509
17,35,530
17,36,430
17,37,461
17,38,671
17,39,419
17,40,467
17,41,416
17,42,430
17,43,379
17,44,407
17,45,377
17,46,311
17,47,235
17,48,259
17,49,285
17,50,233
17,51,625
17,52,327
17,53,309
17,54,235
17,55,235
17,56,231
17,57,216
17,58,246
17,59,513
17,60,248
17,61,252
17,62,246
17,63,206
17,64,335
17,65,217
17,66,233
17,67,245
17,68,291
17,69,223
17,70,234
17,71,571
17,72,611
17,73,435
17,74,239
17,75,248
17,76,300
17,77,370
17,78,240
17,79,219
17,80,279
17,81,228
17,82,232
17,83,225
17,84,230
17,85,202
17,86,255
17,87,244
17,88,307
17,89,210
17,90,226
17,91,230
17,92,338
17,93,239
17,94,239
17,95,231
17,96,211
17,97,326
17,98,217
17,99,252
17,100,269
17,101,215
17,102,209
17,103,308
17,104,241
17,105,209
17,106,204
17,107,211
17,108,217
17,109,218
17,110,208
17,111,212
17,112,214
17,113,223
17,114,381
17,115,283
17,116,211
17,117,204
17,118,216
17,119,237
17,120,210
17,121,204
17,122,221
17,123,186
17,124,290
17,125,190
17,126,224
17,127,201
17,128,234
17,129,168
17,130,245
17,131,178
17,132,218
17,133,167
17,134,147
17,135,227
17,136,131
17,137,156
17,138,171
17,139,174
17,140,151
17,141,153
17,142,143
17,143,2672
17,144,687
17,145,241
17,146,139
17,147,157
17,148,305
17,149,162
17,150,164
17,151,169
17,152,177
17,153,198
17,154,154
17,155,245
17,156,171
17,157,225
17,158,185
17,159,182
17,160,278
17,161,225
17,162,172
17,163,254
17,164,178
17,165,175
17,166,187
17,167,182
17,168,185
17,169,183
17,170,242
17,171,222
17,172,179
17,173,191
17,174,224
17,175,190
17,176,176
17,177,194
17,178,215
17,179,3165
17,180,199
17,181,223
17,182,194
17,183,266
17,184,206
17,185,238
17,186,177
17,187,201
17,188,229
17,189,229
17,190,179
17,191,263
17,192,203
17,193,215
17,194,179
17,195,238
17,196,191
17,197,253
17,198,335
17,199,215
17,200,215
17,201,243
17,202,219
17,203,234
17,204,204
17,205,259
17,206,217
17,207,251
17,208,216
17,209,257
17,210,2626
17,211,349
17,212,219
17,213,441
17,214,297
17,215,420
17,216,221
17,217,291
17,218,274
17,219,334
17,220,275
17,221,1786
17,222,266
17,223,346
17,224,278
17,225,862
17,226,283
17,227,440
17,228,287
17,229,386
17,230,323
17,231,384
17,232,334
17,233,449
17,234,350
17,235,4095
17,236,404
17,237,487
17,238,519
17,239,501
17,240,450
17,241,515
17,242,480
17,243,560
17,244,506
17,245,883
17,246,686
17,247,898
17,248,581
17,249,706
17,250,611
17,251,685
17,252,653
17,253,712
17,254,781
17,255,687
17,256,652
18,1,366
18,2,414
18,3,392
18,4,408
18,5,384
18,6,547
18,7,420
18,8,758
18,9,1066
18,10,470
18,11,424
18,12,430
18,13,511
18,14,451
18,15,450
18,16,463
18,17,409
18,18,445
18,19,407
18,20,486
18,21,386
18,22,456
18,23,3821
18,24,436
18,25,415
18,26,435
18,27,462
18,28,1227
18,29,419
18,30,505
18,31,435
18,32,481
18,33,404
18,34,509
18,35,529
18,36,432
18,37,462
18,38,672
18,39,420
18,40,465
18,41,419
18,42,429
18,43,378
18,44,408
18,45,383
18,46,313
18,47,236
18,48,258
18,49,292
18,50,234
18,51,625
18,52,326
18,53,313
18,54,234
18,55,233
18,56,231
18,57,218
18,58,245
18,59,512
18,60,250
18,61,251
18,62,245
18,63,207
18,64,335
18,65,216
18,66,235
18,67,245
18,68,291
18,69,228
18,70,234
18,71,571
18,72,613
18,73,435
18,74,239
18,75,249
18,76,302
18,77,369
18,78,242
18,79,219
18,80,278
18,81,230
18,82,230
18,83,226
18,84,231
18,85,202
18,86,254
18,87,242
18,88,307
18,89,209
18,90,228
18,91,230
18,92,341
18,93,242
18,94,240
18,95,231
18,96,211
18,97,323
18,98,216
18,99,250
18,100,268
18,101,217
18,102,209
18,103,310
18,104,245
18,105,210
18,106,204
18,107,210
18,108,218
18,109,219
18,110,208
18,111,211
18,112,214
18,113,223
18,114,381
18,115,284
18,116,211
18,117,206
18,118,214
18,119,237
18,120,209
18,121,203
18,122,221
18,123,186
18,124,290
18,125,190
18,126,230
18,127,200
18,128,235
18,129,168
18,130,242
18,131,176
18,132,218
18,133,167
18,134,148
18,135,229
18,136,133
18,137,157
18,138,171
18,139,174
18,140,152
18,141,156
18,142,183
18,143,2670
18,144,685
18,145,241
18,146,139
18,147,158
18,148,303
18,149,163
18,150,164
18,151,169
18,152,177
18,153,196
18,154,156
18,155,245
18,156,171
18,157,224
18,158,185
18,159,183
18,160,278
18,161,225
18,162,171
18,163,254
18,164,177
18,165,176
18,166,186
18,167,183
18,168,184
18,169,183
18,170,242
18,171,223
18,172,180
18,173,193
18,174,226
18,175,189
18,176,176
18,177,193
18,178,216
18,179,3165
18,180,199
18,181,222
18,182,194
18,183,267
18,184,207
18,185,242
18,186,178
18,187,200
18,188,221
18,189,230
18,190,178
18,191,261
18,192,203
18,193,216
18,194,179
18,195,234
18,196,191
18,197,257
18,198,332
18,199,216
18,200,216
18,201,242
18,202,219
18,203,234
18,204,206
18,205,259
18,206,216
18,207,252
18,208,216
18,209,261
18,210,2625
18,211,349
18,212,219
18,213,440
18,214,297
18,215,417
18,216,222
18,217,291
18,218,274
18,219,335
18,220,277
18,221,1779
18,222,267
18,223,348
18,224,278
18,225,856
18,226,284
18,227,441
18,228,289
18,229,386
18,230,321
18,231,386
18,232,334
18,233,449
18,234,352
18,235,4095
18,236,401
18,237,488
18,238,518
18,239,504
18,240,450
18,241,519
18,242,480
18,243,561
18,244,505
18,245,885
18,246,686
18,247,914
18,248,582
18,249,704
18,250,610
18,251,687
18,252,655
18,253,713
18,254,770
18,255,686
18,256,650
19,1,366
19,2,411
19,3,387
19,4,405
19,5,383
19,6,539
19,7,415
19,8,769
19,9,1085
19,10,471
19,11,423
19,12,429
19,13,510
19,14,451
19,15,447
19,16,464
19,17,409
19,18,445
19,19,406
19,20,486
19,21,387
19,22,453
19,23,3820
19,24,436
19,25,412
19,26,436
19,27,452
19,28,1225
19,29,418
19,30,508
19,31,435
19,32,483
19,33,404
19,34,509
19,35,529
19,36,431
19,37,462
19,38,670
19,39,418
19,40,465
19,41,419
19,42,428
19,43,378
19,44,408
19,45,404
19,46,313
19,47,235
19,48,258
19,49,285
19,50,233
19,51,619
19,52,329
19,53,311
19,54,233
19,55,234
19,56,232
19,57,216
19,58,246
19,59,512
19,60,249
19,61,251
19,62,246
19,63,208
19,64,336
19,65,218
19,66,233
19,67,245
19,68,291
19,69,226
19,70,234
19,71,572
19,72,601
19,73,436
19,74,241
19,75,248
19,76,300
19,77,369
19,78,244
19,79,218
19,80,274
19,81,229
19,82,229
19,83,224
19,84,230
19,85,201
19,86,254
19,87,242
19,88,308
19,89,209
19,90,225
19,91,231
19,92,339
19,93,242
19,94,240
19,95,232
19,96,211
19,97,301
19,98,219
19,99,249
19,100,268
19,101,215
19,102,209
19,103,310
19,104,243
19,105,208
19,106,203
19,107,210
19,108,218
19,109,219
19,110,207
19,111,211
19,112,214
19,113,222
19,114,378
19,115,282
19,116,210
19,117,205
19,118,216
19,119,235
19,120,210
19,121,204
19,122,222
19,123,185
19,124,289
19,125,190
19,126,224
19,127,201
19,128,233
19,129,169
19,130,242
19,131,176
19,132,218
19,133,166
19,134,149
19,135,227
19,136,132
19,137,156
19,138,170
19,139,173
19,140,151
19,141,155
19,142,142
19,143,2670
19,144,699
19,145,241
19,146,139
19,147,159
19,148,309
19,149,162
19,150,163
19,151,169
19,152,176
19,153,197
19,154,156
19,155,246
19,156,171
19,157,223
19,158,185
19,159,183
19,160,273
19,161,224
19,162,170
19,163,256
19,164,179
19,165,174
19,166,186
19,167,182
19,168,184
19,169,183
19,170,243
19,171,224
19,172,181
19,173,193
19,174,224
19,175,189
19,176,176
19,177,193
19,178,215
19,179,3164
19,180,198
19,181,224
19,182,194
19,183,271
19,184,207
19,185,239
19,186,178
19,187,200
19,188,222
19,189,231
19,190,178
19,191,260
19,192,202
19,193,214
19,194,179
19,195,238
19,196,192
19,197,254
19,198,307
19,199,215
19,200,215
19,201,242
19,202,218
19,203,234
19,204,204
19,205,259
19,206,216
19,207,251
19,208,216
19,209,256
19,210,2626
19,211,349
19,212,217
19,213,439
19,214,298
19,215,418
19,216,222
19,217,292
19,218,276
19,219,334
19,220,277
19,221,1741
19,222,268
19,223,349
19,224,279
19,225,865
19,226,283
19,227,441
19,228,289
19,229,386
19,230,321
19,231,385
19,232,334
19,233,449
19,234,350
19,235,4095
19,236,403
19,237,488
19,238,519
19,239,501
19,240,450
19,241,517
19,242,481
19,243,561
19,244,506
19,245,885
19,246,687
19,247,906
19,248,578
19,249,706
19,250,612
19,251,686
19,252,652
19,253,711
19,254,770
19,255,687
19,256,651
20,1,367
20,2,413
20,3,390
20,4,405
20,5,385
20,6,537
20,7,418
20,8,753
20,9,1086
20,10,468
20,11,423
20,12,429
20,13,512
20,14,453
20,15,450
20,16,464
20,17,409
20,18,443
20,19,407
20,20,486
20,21,388
20,22,450
20,23,3840
20,24,436
20,25,414
20,26,434
20,27,451
20,28,1225
20,29,421
20,30,505
20,31,437
20,32,482
20,33,405
20,34,510
20,35,531
20,36,430
20,37,461
20,38,670
20,39,421
20,40,467
20,41,420
20,42,426
20,43,378
20,44,406
20,45,405
20,46,312
20,47,237
20,48,259
20,49,290
20,50,232
20,51,625
20,52,327
20,53,311
20,54,234
20,55,235
20,56,231
20,57,218
20,58,246
20,59,513
20,60,249
20,61,252
20,62,245
20,63,212
20,64,333
20,65,218
20,66,234
20,67,244
20,68,292
20,69,227
20,70,234
20,71,570
20,72,599
20,73,412
20,74,239
20,75,249
20,76,303
20,77,371
20,78,243
20,79,218
20,80,276
20,81,229
20,82,229
20,83,225
20,84,228
20,85,201
20,86,255
20,87,243
20,88,306
20,89,210
20,90,226
20,91,229
20,92,343
20,93,240
20,94,240
20,95,232
20,96,211
20,97,318
20,98,217
20,99,252
20,100,268
20,101,217
20,102,209
20,103,309
20,104,243
20,105,209
20,106,203
20,107,211
20,108,218
20,109,219
20,110,207
20,111,211
20,112,214
20,113,223
20,114,379
20,115,285
20,116,211
20,117,207
20,118,214
20,119,238
20,120,210
20,121,204
20,122,221
20,123,185
20,124,293
20,125,190
20,126,222
20,127,200
20,128,234
20,129,169
20,130,241
20,131,176
20,132,218
20,133,168
20,134,147
20,135,231
20,136,133
20,137,159
20,138,167
20,139,175
20,140,151
20,141,155
20,142,143
20,143,2673
20,144,685
20,145,242
20,146,140
20,147,158
20,148,308
20,149,163
20,150,164
20,151,170
20,152,176
20,153,199
20,154,155
20,155,246
20,156,171
20,157,223
20,158,185
20,159,182
20,160,272
20,161,226
20,162,171
20,163,258
20,164,178
20,165,176
20,166,186
20,167,183
20,168,184
20,169,183
20,170,242
20,171,223
20,172,181
20,173,191
20,174,225
20,175,190
20,176,176
20,177,193
20,178,217
20,179,3165
20,180,199
20,181,222
20,182,194
20,183,277
20,184,207
20,185,243
20,186,177
20,187,202
20,188,222
20,189,230
20,190,178
20,191,264
20,192,202
20,193,217
20,194,181
20,195,234
20,196,191
20,197,255
20,198,316
20,199,215
20,200,217
20,201,243
20,202,216
20,203,234
20,204,206
20,205,260
20,206,217
20,207,252
20,208,215
20,209,257
20,210,2627
20,211,350
20,212,218
20,213,444
20,214,295
20,215,423
20,216,222
20,217,291
20,218,273
20,219,334
20,220,275
20,221,1754
20,222,267
20,223,346
20,224,278
20,225,854
20,226,282
20,227,442
20,228,287
20,229,387
20,230,321
20,231,385
20,232,335
20,233,450
20,234,349
20,235,4095
20,236,399
20,237,488
20,238,518
20,239,503
20,240,450
20,241,518
20,242,495
20,243,562
20,244,504
20,245,883
20,246,682
20,247,925
20,248,577
20,249,706
20,250,610
20,251,688
20,252,653
20,253,713
20,254,775
20,255,685
20,256,650
21,1,368
21,2,414
21,3,390
21,4,405
21,5,383
21,6,536
21,7,419
21,8,760
21,9,1112
21,10,472
21,11,424
21,12,430
21,13,513
21,14,453
21,15,447
21,16,463
21,17,410
21,18,445
21,19,407
21,20,487
21,21,386
21,22,450
21,23,3847
21,24,436
21,25,415
21,26,436
21,27,453
21,28,1227
21,29,419
21,30,508
21,31,435
21,32,482
21,33,406
21,34,510
21,35,529
21,36,433
21,37,459
21,38,669
21,39,420
21,40,467
21,41,420
21,42,429
21,43,379
21,44,408
21,45,404
21,46,312
21,47,236
21,48,260
21,49,288
21,50,234
21,51,622
21,52,321
21,53,312
21,54,234
21,55,236
21,56,231
21,57,219
21,58,248
21,59,510
21,60,250
21,61,253
21,62,246
21,63,209
21,64,335
21,65,216
21,66,234
21,67,246
21,68,290
21,69,226
21,70,234
21,71,572
21,72,600
21,73,402
21,74,240
21,75,249
21,76,301
21,77,372
21,78,246
21,79,219
21,80,279
21,81,229
21,82,229
21,83,225
21,84,231
21,85,202
21,86,253
21,87,239
21,88,307
21,89,210
21,90,227
21,91,230
21,92,341
21,93,241
21,94,241
21,95,230
21,96,212
21,97,305
21,98,219
21,99,250
21,100,266
21,101,215
21,102,209
21,103,313
21,104,243
21,105,209
21,106,203
21,107,211
21,108,218
21,109,220
21,110,207
21,111,211
21,112,215
21,113,222
21,114,381
21,115,282
21,116,210
21,117,204
21,118,216
21,119,236
21,120,212
21,121,203
21,122,224
21,123,185
21,124,290
21,125,189
21,126,223
21,127,201
21,128,233
21,129,169
21,130,242
21,131,175
21,132,218
21,133,166
21,134,150
21,135,229
21,136,134
21,137,158
21,138,167
21,139,173
21,140,152
21,141,155
21,142,143
21,143,2674
21,144,686
21,145,242
21,146,139
21,147,157
21,148,302
21,149,163
21,150,165
21,151,168
21,152,177
21,153,197
21,154,156
21,155,246
21,156,172
21,157,225
21,158,185
21,159,182
21,160,278
21,161,225
21,162,172
21,163,256
21,164,179
21,165,175
21,166,187
21,167,180
21,168,184
21,169,184
21,170,245
21,171,225
21,172,182
21,173,192
21,174,225
21,175,190
21,176,177
21,177,193
21,178,215
21,179,3167
21,180,200
21,181,224
21,182,196
21,183,274
21,184,207
21,185,239
21,186,177
21,187,200
21,188,222
21,189,231
21,190,179
21,191,263
21,192,203
21,193,215
21,194,180
21,195,237
21,196,191
21,197,253
21,198,322
21,199,215
21,200,217
21,201,243
21,202,219
21,203,235
21,204,208
21,205,259
21,206,218
21,207,251
21,208,216
21,209,258
21,210,2631
21,211,350
21,212,218
21,213,437
21,214,300
21,215,435
21,216,222
21,217,292
21,218,274
21,219,333
21,220,278
21,221,1764
21,222,268
21,223,347
21,224,278
21,225,870
21,226,282
21,227,442
21,228,290
21,229,387
21,230,322
21,231,385
21,232,335
21,233,449
21,234,350
21,235,4095
21,236,404
21,237,487
21,238,519
21,239,504
21,240,449
21,241,518
21,242,498
21,243,560
21,244,507
21,245,883
21,246,687
21,247,949
21,248,580
21,249,702
21,250,610
21,251,688
21,252,654
21,253,714
21,254,778
21,255,686
21,256,651
22,1,365
22,2,413
22,3,386
22,4,405
22,5,383
22,6,545
22,7,419
22,8,767
22,9,1113
22,10,470
22,11,423
22,12,429
22,13,512
22,14,451
22,15,449
22,16,463
22,17,409
22,18,444
22,19,406
22,20,486
22,21,386
22,22,452
22,23,3814
22,24,435
22,25,414
22,26,434
22,27,451
22,28,1224
22,29,417
22,30,507
22,31,434
22,32,482
22,33,404
22,34,509
22,35,528
22,36,432
22,37,466
22,38,670
22,39,420
22,40,465
22,41,416
22,42,427
22,43,380
22,44,407
22,45,406
22,46,313
22,47,235
22,48,259
22,49,283
22,50,233
22,51,618
22,52,326
22,53,309
22,54,234
22,55,235
22,56,230
22,57,217
22,58,245
22,59,512
22,60,248
22,61,255
22,62,246
22,63,208
22,64,340
22,65,216
22,66,234
22,67,245
22,68,295
22,69,227
22,70,232
22,71,571
22,72,605
22,73,415
22,74,240
22,75,247
22,76,303
22,77,376
22,78,241
22,79,218
22,80,277
22,81,229
22,82,231
22,83,226
22,84,230
22,85,201
22,86,253
22,87,242
22,88,308
22,89,210
22,90,227
22,91,231
22,92,342
22,93,239
22,94,239
22,95,230
22,96,210
22,97,321
22,98,215
22,99,249
22,100,269
22,101,215
22,102,209
22,103,311
22,104,243
22,105,209
22,106,204
22,107,209
22,108,217
22,109,218
22,110,207
22,111,212
22,112,213
22,113,225
22,114,381
22,115,280
22,116,210
22,117,204
22,118,215
22,119,235
22,120,211
22,121,204
22,122,221
22,123,184
22,124,288
22,125,191
22,126,223
22,127,199
22,128,234
22,129,168
22,130,244
22,131,176
22,132,218
22,133,168
22,134,147
22,135,229
22,136,132
22,137,157
22,138,168
22,139,173
22,140,153
22,141,155
22,142,142
22,143,2669
22,144,685
22,145,240
22,146,139
22,147,157
22,148,313
22,149,162
22,150,165
22,151,170
22,152,176
22,153,197
22,154,155
22,155,245
22,156,172
22,157,226
22,158,186
22,159,182
22,160,274
22,161,226
22,162,170
22,163,256
22,164,178
22,165,174
22,166,187
22,167,182
22,168,185
22,169,183
22,170,242
22,171,224
22,172,180
22,173,199
22,174,228
22,175,190
22,176,175
22,177,193
22,178,215
22,179,3157
22,180,199
22,181,224
22,182,195
22,183,272
22,184,207
22,185,238
22,186,204
22,187,201
22,188,221
22,189,230
22,190,178
22,191,262
22,192,204
22,193,215
22,194,179
22,195,237
22,196,192
22,197,255
22,198,335
22,199,214
22,200,216
22,201,242
22,202,219
22,203,234
22,204,204
22,205,259
22,206,219
22,207,251
22,208,216
22,209,257
22,210,2629
22,211,350
22,212,218
22,213,428
22,214,298
22,215,431
22,216,221
22,217,290
22,218,274
22,219,334
22,220,277
22,221,1747
22,222,267
22,223,346
22,224,278
22,225,853
22,226,282
22,227,443
22,228,287
22,229,386
22,230,320
22,231,386
22,232,334
22,233,451
22,234,351
22,235,4095
22,236,402
22,237,487
22,238,521
22,239,501
22,240,451
22,241,517
22,242,479
22,243,563
22,244,505
22,245,883
22,246,685
22,247,951
22,248,581
22,249,702
22,250,612
22,251,687
22,252,653
22,253,712
22,254,778
22,255,685
22,256,647
23,1,366
23,2,414
23,3,390
23,4,404
23,5,383
23,6,540
23,7,425
23,8,768
23,9,1079
23,10,470
23,11,423
23,12,430
23,13,511
23,14,454
23,15,450
23,16,464
23,17,408
23,18,442
23,19,407
23,20,486
23,21,386
23,22,451
23,23,3823
23,24,437
23,25,414
23,26,435
23,27,453
23,28,1228
23,29,418
23,30,506
23,31,434
23,32,484
23,33,406
23,34,510
23,35,530
23,36,431
23,37,462
23,38,668
23,39,419
23,40,468
23,41,417
23,42,429
23,43,379
23,44,407
23,45,404
23,46,312
23,47,235
23,48,259
23,49,283
23,50,233
23,51,617
23,52,327
23,53,310
23,54,233
23,55,235
23,56,233
23,57,217
23,58,246
23,59,512
23,60,249
23,61,254
23,62,246
23,63,208
23,64,337
23,65,216
23,66,234
23,67,245
23,68,295
23,69,227
23,70,234
23,71,571
23,72,594
23,73,412
23,74,239
23,75,248
23,76,302
23,77,373
23,78,245
23,79,218
23,80,277
23,81,230
23,82,229
23,83,226
23,84,231
23,85,202
23,86,252
23,87,242
23,88,307
23,89,209
23,90,226
23,91,230
23,92,339
23,93,240
23,94,240
23,95,230
23,96,211
23,97,301
23,98,215
23,99,249
23,100,268
23,101,214
23,102,208
23,103,322
23,104,243
23,105,207
23,106,203
23,107,210
23,108,218
23,109,221
23,110,207
23,111,211
23,112,214
23,113,222
23,114,381
23,115,280
23,116,211
23,117,206
23,118,216
23,119,237
23,120,211
23,121,204
23,122,220
23,123,184
23,124,288
23,125,192
23,126,223
23,127,199
23,128,233
23,129,168
23,130,243
23,131,175
23,132,219
23,133,166
23,134,148
23,135,230
23,136,133
23,137,157
23,138,168
23,139,173
23,140,151
23,141,154
23,142,142
23,143,2670
23,144,684
23,145,241
23,146,140
23,147,158
23,148,311
23,149,162
23,150,165
23,151,169
23,152,177
23,153,198
23,154,155
23,155,245
23,156,171
23,157,226
23,158,185
23,159,183
23,160,274
23,161,226
23,162,171
23,163,254
23,164,179
23,165,175
23,166,186
23,167,180
23,168,184
23,169,183
23,170,243
23,171,222
23,172,180
23,173,193
23,174,224
23,175,190
23,176,176
23,177,192
23,178,216
23,179,3163
23,180,199
23,181,223
23,182,195
23,183,273
23,184,207
23,185,239
23,186,178
23,187,200
23,188,222
23,189,229
23,190,179
23,191,262
23,192,204
23,193,215
23,194,179
23,195,236
23,196,192
23,197,252
23,198,335
23,199,215
23,200,215
23,201,242
23,202,217
23,203,233
23,204,205
23,205,259
23,206,219
23,207,251
23,208,217
23,209,257
23,210,2626
23,211,348
23,212,218
23,213,441
23,214,297
23,215,433
23,216,220
23,217,291
23,218,275
23,219,334
23,220,276
23,221,1810
23,222,268
23,223,347
23,224,279
23,225,852
23,226,283
23,227,441
23,228,288
23,229,388
23,230,321
23,231,387
23,232,335
23,233,449
23,234,351
23,235,4095
23,236,404
23,237,487
23,238,518
23,239,505
23,240,449
23,241,518
23,242,482
23,243,561
23,244,505
23,245,882
23,246,702
23,247,941
23,248,581
23,249,697
23,250,610
23,251,685
23,252,653
23,253,714
23,254,777
23,255,685
23,256,649
24,1,366
24,2,414
24,3,387
24,4,406
24,5,384
24,6,544
24,7,421
24,8,757
24,9,1100
24,10,471
24,11,422
24,12,430
24,13,511
24,14,451
24,15,447
24,16,465
24,17,408
24,18,443
24,19,407
24,20,487
24,21,385
24,22,452
24,23,3810
24,24,436
24,25,416
24,26,435
24,27,453
24,28,1226
24,29,417
24,30,508
24,31,434
24,32,483
24,33,405
24,34,508
24,35,523
24,36,434
24,37,459
24,38,671
24,39,419
24,40,465
24,41,418
24,42,429
24,43,379
24,44,408
24,45,407
24,46,313
24,47,235
24,48,259
24,49,289
24,50,233
24,51,621
24,52,328
24,53,310
24,54,234
24,55,235
24,56,231
24,57,217
24,58,246
24,59,510
24,60,249
24,61,253
24,62,246
24,63,209
24,64,334
24,65,216
24,66,234
24,67,248
24,68,293
24,69,228
24,70,234
24,71,571
24,72,602
24,73,403
24,74,241
24,75,250
24,76,302
24,77,372
24,78,242
24,79,219
24,80,278
24,81,229
24,82,231
24,83,242
24,84,231
24,85,201
24,86,252
24,87,244
24,88,308
24,89,210
24,90,226
24,91,229
24,92,341
24,93,242
24,94,242
24,95,231
24,96,211
24,97,317
24,98,217
24,99,250
24,100,268
24,101,215
24,102,209
24,103,323
24,104,244
24,105,209
24,106,204
24,107,210
24,108,218
24,109,219
24,110,206
24,111,211
24,112,214
24,113,224
24,114,382
24,115,280
24,116,211
24,117,204
24,118,216
24,119,236
24,120,212
24,121,203
24,122,223
24,123,185
24,124,289
24,125,190
24,126,222
24,127,200
24,128,234
24,129,169
24,130,241
24,131,175
24,132,220
24,133,167
24,134,149
24,135,230
24,136,134
24,137,157
24,138,167
24,139,173
24,140,153
24,141,154
24,142,143
24,143,2674
24,144,685
24,145,241
24,146,141
24,147,158
24,148,312
24,149,162
24,150,165
24,151,168
24,152,177
24,153,196
24,154,155
24,155,245
24,156,170
24,157,226
24,158,186
24,159,182
24,160,274
24,161,225
24,162,172
24,163,252
24,164,178
24,165,175
24,166,187
24,167,182
24,168,186
24,169,183
24,170,242
24,171,223
24,172,180
24,173,192
24,174,228
24,175,189
24,176,176
24,177,194
24,178,216
24,179,3176
24,180,199
24,181,223
24,182,196
24,183,275
24,184,208
24,185,239
24,186,179
24,187,201
24,188,223
24,189,229
24,190,179
24,191,268
24,192,203
24,193,216
24,194,179
24,195,235
24,196,192
24,197,253
24,198,334
24,199,214
24,200,217
24,201,243
24,202,218
24,203,234
24,204,206
24,205,259
24,206,219
24,207,251
24,208,217
24,209,258
24,210,2630
24,211,350
24,212,218
24,213,444
24,214,296
24,215,431
24,216,221
24,217,292
24,218,275
24,219,334
24,220,277
24,221,1768
24,222,265
24,223,348
24,224,277
24,225,862
24,226,283
24,227,438
24,228,288
24,229,385
24,230,321
24,231,384
24,232,334
24,233,450
24,234,350
24,235,4095
24,236,404
24,237,486
24,238,522
24,239,502
24,240,451
24,241,516
24,242,489
24,243,561
24,244,507
24,245,885
24,246,688
24,247,915
24,248,581
24,249,706
24,250,609
24,251,686
24,252,651
24,253,711
24,254,772
24,255,683
24,256,650
25,1,366
25,2,416
25,3,387
25,4,406
25,5,384
25,6,540
25,7,419
25,8,754
25,9,1053
25,10,471
25,11,423
25,12,427
25,13,512
25,14,452
25,15,447
25,16,465
25,17,409
25,18,444
25,19,405
25,20,487
25,21,386
25,22,450
25,23,3817
25,24,435
25,25,415
25,26,435
25,27,452
25,28,1224
25,29,417
25,30,507
25,31,435
25,32,482
25,33,404
25,34,508
25,35,525
25,36,433
25,37,461
25,38,637
25,39,418
25,40,468
25,41,418
25,42,428
25,43,381
25,44,407
25,45,408
25,46,313
25,47,235
25,48,258
25,49,288
25,50,233
25,51,615
25,52,329
25,53,311
25,54,234
25,55,235
25,56,232
25,57,218
25,58,247
25,59,510
25,60,248
25,61,254
25,62,246
25,63,210
25,64,335
25,65,216
25,66,234
25,67,245
25,68,293
25,69,226
25,70,234
25,71,573
25,72,607
25,73,400
25,74,238
25,75,249
25,76,301
25,77,371
25,78,240
25,79,219
25,80,281
25,81,230
25,82,230
25,83,225
25,84,232
25,85,201
25,86,252
25,87,243
25,88,309
25,89,210
25,90,226
25,91,231
25,92,342
25,93,241
25,94,241
25,95,231
25,96,212
25,97,324
25,98,217
25,99,251
25,100,266
25,101,215
25,102,209
25,103,311
25,104,244
25,105,208
25,106,203
25,107,212
25,108,218
25,109,219
25,110,208
25,111,211
25,112,214
25,113,225
25,114,384
25,115,281
25,116,211
25,117,205
25,118,216
25,119,236
25,120,210
25,121,206
25,122,223
25,123,184
25,124,292
25,125,189
25,126,223
25,127,199
25,128,234
25,129,169
25,130,242
25,131,177
25,132,220
25,133,167
25,134,149
25,135,232
25,136,134
25,137,158
25,138,168
25,139,175
25,140,151
25,141,155
25,142,143
25,143,2674
25,144,686
25,145,242
25,146,139
25,147,157
25,148,309
25,149,163
25,150,165
25,151,169
25,152,178
25,153,198
25,154,157
25,155,257
25,156,173
25,157,225
25,158,184
25,159,183
25,160,275
25,161,224
25,162,172
25,163,253
25,164,178
25,165,176
25,166,188
25,167,182
25,168,184
25,169,183
25,170,243
25,171,225
25,172,181
25,173,192
25,174,223
25,175,190
25,176,175
25,177,192
25,178,215
25,179,3165
25,180,199
25,181,222
25,182,194
25,183,287
25,184,206
25,185,239
25,186,178
25,187,201
25,188,221
25,189,229
25,190,179
25,191,263
25,192,204
25,193,215
25,194,179
25,195,239
25,196,192
25,197,254
25,198,326
25,199,214
25,200,216
25,201,242
25,202,219
25,203,233
25,204,205
25,205,258
25,206,219
25,207,251
25,208,217
25,209,257
25,210,2625
25,211,351
25,212,218
25,213,449
25,214,296
25,215,433
25,216,221
25,217,293
25,218,275
25,219,335
25,220,277
25,221,1789
25,222,267
25,223,347
25,224,277
25,225,857
25,226,283
25,227,448
25,228,289
25,229,387
25,230,320
25,231,385
25,232,335
25,233,450
25,234,350
25,235,4095
25,236,404
25,237,488
25,238,522
25,239,504
25,240,450
25,241,517
25,242,498
25,243,561
25,244,505
25,245,890
25,246,707
25,247,937
25,248,580
25,249,707
25,250,610
25,251,685
25,252,651
25,253,714
25,254,774
25,255,686
25,256,648
26,1,367
26,2,411
26,3,388
26,4,406
26,5,385
26,6,540
26,7,418
26,8,761
26,9,1051
26,10,471
26,11,426
26,12,428
26,13,513
26,14,453
26,15,447
26,16,465
26,17,409
26,18,445
26,19,408
26,20,486
26,21,388
26,22,451
26,23,3822
26,24,436
26,25,417
26,26,434
26,27,454
26,28,1226
26,29,419
26,30,504
26,31,436
26,32,482
26,33,406
26,34,506
26,35,524
26,36,432
26,37,461
26,38,637
26,39,421
26,40,466
26,41,419
26,42,427
26,43,380
26,44,410
26,45,409
26,46,311
26,47,237
26,48,259
26,49,291
26,50,233
26,51,606
26,52,322
26,53,312
26,54,234
26,55,236
26,56,232
26,57,218
26,58,244
26,59,513
26,60,248
26,61,256
26,62,245
26,63,210
26,64,333
26,65,218
26,66,235
26,67,246
26,68,292
26,69,229
26,70,235
26,71,573
26,72,605
26,73,404
26,74,239
26,75,249
26,76,303
26,77,371
26,78,239
26,79,220
26,80,278
26,81,230
26,82,230
26,83,225
26,84,231
26,85,203
26,86,250
26,87,243
26,88,306
26,89,212
26,90,227
26,91,233
26,92,341
26,93,244
26,94,234
26,95,231
26,96,212
26,97,318
26,98,216
26,99,250
26,100,270
26,101,216
26,102,208
26,103,311
26,104,243
26,105,209
26,106,203
26,107,212
26,108,218
26,109,219
26,110,208
26,111,212
26,112,214
26,113,224
26,114,380
26,115,280
26,116,211
26,117,206
26,118,216
26,119,238
26,120,210
26,121,204
26,122,224
26,123,186
26,124,289
26,125,191
26,126,224
26,127,201
26,128,234
26,129,169
26,130,241
26,131,177
26,132,219
26,133,169
26,134,149
26,135,232
26,136,133
26,137,159
26,138,167
26,139,176
26,140,151
26,141,155
26,142,142
26,143,2674
26,144,683
26,145,243
26,146,139
26,147,159
26,148,316
26,149,164
26,150,163
26,151,171
26,152,177
26,153,197
26,154,155
26,155,248
26,156,171
26,157,227
26,158,185
26,159,184
26,160,274
26,161,226
26,162,170
26,163,253
26,164,178
26,165,177
26,166,187
26,167,183
26,168,185
26,169,185
26,170,241
26,171,224
26,172,182
26,173,193
26,174,223
26,175,191
26,176,175
26,177,194
26,178,216
26,179,3168
26,180,199
26,181,222
26,182,196
26,183,287
26,184,206
26,185,240
26,186,177
26,187,202
26,188,222
26,189,234
26,190,179
26,191,262
26,192,203
26,193,217
26,194,177
26,195,233
26,196,192
26,197,256
26,198,332
26,199,216
26,200,216
26,201,243
26,202,218
26,203,234
26,204,205
26,205,260
26,206,219
26,207,253
26,208,216
26,209,259
26,210,2626
26,211,350
26,212,218
26,213,443
26,214,297
26,215,429
26,216,221
26,217,293
26,218,273
26,219,336
26,220,275
26,221,1761
26,222,266
26,223,348
26,224,277
26,225,865
26,226,283
26,227,444
26,228,288
26,229,389
26,230,321
26,231,387
26,232,335
26,233,451
26,234,350
26,235,4095
26,236,402
26,237,489
26,238,517
26,239,503
26,240,449
26,241,519
26,242,493
26,243,562
26,244,506
26,245,907
26,246,693
26,247,958
26,248,580
26,249,706
26,250,609
26,251,689
26,252,653
26,253,714
26,254,770
26,255,686
26,256,648
27,1,366
27,2,414
27,3,390
27,4,406
27,5,384
27,6,540
27,7,415
27,8,761
27,9,1054
27,10,470
27,11,422
27,12,428
27,13,512
27,14,452
27,15,448
27,16,463
27,17,407
27,18,444
27,19,407
27,20,487
27,21,386
27,22,452
27,23,3812
27,24,436
27,25,413
27,26,435
27,27,450
27,28,1224
27,29,418
27,30,507
27,31,436
27,32,482
27,33,405
27,34,510
27,35,525
27,36,431
27,37,461
27,38,637
27,39,422
27,40,463
27,41,418
27,42,428
27,43,379
27,44,409
27,45,405
27,46,311
27,47,234
27,48,258
27,49,290
27,50,233
27,51,626
27,52,328
27,53,307
27,54,234
27,55,235
27,56,231
27,57,217
27,58,247
27,59,511
27,60,248
27,61,252
27,62,245
27,63,209
27,64,335
27,65,217
27,66,235
27,67,245
27,68,291
27,69,226
27,70,232
27,71,571
27,72,597
27,73,405
27,74,239
27,75,248
27,76,300
27,77,369
27,78,240
27,79,219
27,80,278
27,81,229
27,82,229
27,83,224
27,84,230
27,85,202
27,86,253
27,87,242
27,88,307
27,89,210
27,90,226
27,91,230
27,92,346
27,93,241
27,94,239
27,95,231
27,96,211
27,97,324
27,98,217
27,99,248
27,100,271
27,101,215
27,102,209
27,103,308
27,104,244
27,105,209
27,106,203
27,107,211
27,108,218
27,109,219
27,110,207
27,111,212
27,112,213
27,113,222
27,114,386
27,115,280
27,116,211
27,117,205
27,118,215
27,119,236
27,120,211
27,121,203
27,122,223
27,123,184
27,124,287
27,125,189
27,126,223
27,127,201
27,128,234
27,129,169
27,130,245
27,131,175
27,132,218
27,133,167
27,134,148
27,135,231
27,136,134
27,137,157
27,138,171
27,139,174
27,140,152
27,141,155
27,142,143
27,143,2673
27,144,685
27,145,241
27,146,139
27,147,158
27,148,307
27,149,162
27,150,165
27,151,168
27,152,177
27,153,196
27,154,155
27,155,246
27,156,171
27,157,224
27,158,184
27,159,182
27,160,275
27,161,224
27,162,170
27,163,254
27,164,178
27,165,176
27,166,188
27,167,182
27,168,184
27,169,184
27,170,242
27,171,226
27,172,179
27,173,193
27,174,223
27,175,190
27,176,176
27,177,193
27,178,217
27,179,3167
27,180,199
27,181,224
27,182,196
27,183,279
27,184,209
27,185,239
27,186,177
27,187,200
27,188,221
27,189,231
27,190,180
27,191,259
27,192,203
27,193,215
27,194,178
27,195,232
27,196,191
27,197,256
27,198,313
27,199,214
27,200,217
27,201,243
27,202,219
27,203,234
27,204,205
27,205,259
27,206,220
27,207,250
27,208,215
27,209,258
27,210,2624
27,211,350
27,212,218
27,213,445
27,214,298
27,215,435
27,216,221
27,217,291
27,218,274
27,219,333
27,220,277
27,221,1717
27,222,268
27,223,348
27,224,278
27,225,850
27,226,283
27,227,442
27,228,286
27,229,384
27,230,320
27,231,386
27,232,335
27,233,450
27,234,350
27,235,4095
27,236,404
27,237,487
27,238,521
27,239,502
27,240,449
27,241,516
27,242,484
27,243,562
27,244,506
27,245,886
27,246,686
27,247,923
27,248,580
27,249,705
27,250,613
27,251,684
27,252,652
27,253,713
27,254,771
27,255,685
27,256,649
28,1,367
28,2,413
28,3,390
28,4,406
28,5,383
28,6,543
28,7,420
28,8,764
28,9,1073
28,10,471
28,11,425
28,12,430
28,13,512
28,14,452
28,15,449
28,16,465
28,17,409
28,18,445
28,19,409
28,20,489
28,21,386
28,22,451
28,23,3816
28,24,437
28,25,413
28,26,436
28,27,450
28,28,1230
28,29,417
28,30,506
28,31,435
28,32,483
28,33,404
28,34,512
28,35,526
28,36,434
28,37,460
28,38,638
28,39,421
28,40,466
28,41,419
28,42,428
28,43,379
28,44,410
28,45,382
28,46,312
28,47,235
28,48,259
28,49,291
28,50,234
28,51,626
28,52,329
28,53,310
28,54,233
28,55,233
28,56,232
28,57,217
28,58,245
28,59,511
28,60,248
28,61,251
28,62,246
28,63,209
28,64,337
28,65,218
28,66,234
28,67,244
28,68,293
28,69,228
28,70,234
28,71,573
28,72,607
28,73,411
28,74,240
28,75,250
28,76,298
28,77,368
28,78,244
28,79,219
28,80,278
28,81,230
28,82,230
28,83,226
28,84,230
28,85,201
28,86,253
28,87,242
28,88,307
28,89,211
28,90,225
28,91,231
28,92,353
28,93,243
28,94,241
28,95,232
28,96,212
28,97,302
28,98,217
28,99,251
28,100,269
28,101,216
28,102,209
28,103,313
28,104,243
28,105,210
28,106,204
28,107,212
28,108,216
28,109,220
28,110,209
28,111,212
28,112,215
28,113,222
28,114,378
28,115,281
28,116,212
28,117,206
28,118,216
28,119,237
28,120,211
28,121,205
28,122,223
28,123,184
28,124,287
28,125,189
28,126,223
28,127,201
28,128,234
28,129,169
28,130,244
28,131,176
28,132,218
28,133,167
28,134,148
28,135,227
28,136,134
28,137,158
28,138,171
28,139,175
28,140,153
28,141,155
28,142,142
28,143,2672
28,144,686
28,145,242
28,146,140
28,147,158
28,148,308
28,149,163
28,150,164
28,151,170
28,152,178
28,153,197
28,154,157
28,155,246
28,156,171
28,157,225
28,158,186
28,159,182
28,160,276
28,161,226
28,162,172
28,163,259
28,164,180
28,165,175
28,166,187
28,167,182
28,168,186
28,169,182
28,170,242
28,171,223
28,172,181
28,173,193
28,174,224
28,175,189
28,176,177
28,177,193
28,178,218
28,179,3163
28,180,200
28,181,226
28,182,196
28,183,282
28,184,208
28,185,240
28,186,178
28,187,203
28,188,223
28,189,229
28,190,179
28,191,262
28,192,206
28,193,216
28,194,180
28,195,238
28,196,193
28,197,258
28,198,307
28,199,213
28,200,217
28,201,243
28,202,219
28,203,234
28,204,206
28,205,259
28,206,220
28,207,251
28,208,215
28,209,259
28,210,2623
28,211,348
28,212,218
28,213,436
28,214,297
28,215,431
28,216,221
28,217,293
28,218,274
28,219,333
28,220,276
28,221,1774
28,222,267
28,223,348
28,224,278
28,225,864
28,226,282
28,227,442
28,228,288
28,229,387
28,230,322
28,231,386
28,232,335
28,233,449
28,234,350
28,235,4095
28,236,400
28,237,487
28,238,517
28,239,504
28,240,451
28,241,517
28,242,484
28,243,562
28,244,506
28,245,884
28,246,693
28,247,914
28,248,582
28,249,702
28,250,611
28,251,688
28,252,653
28,253,712
28,254,785
28,255,686
28,256,647
