Line,Band,Value
1,1,160
1,2,202
1,3,169
1,4,191
1,5,163
1,6,225
1,7,184
1,8,278
1,9,350
1,10,204
1,11,183
1,12,205
1,13,196
1,14,209
1,15,182
1,16,211
1,17,170
1,18,204
1,19,172
1,20,213
1,21,161
1,22,202
1,23,1019
1,24,204
1,25,173
1,26,204
1,27,186
1,28,396
1,29,179
1,30,225
1,31,178
1,32,215
1,33,170
1,34,226
1,35,205
1,36,200
1,37,187
1,38,255
1,39,174
1,40,222
1,41,177
1,42,212
1,43,174
1,44,198
1,45,176
1,46,174
1,47,138
1,48,161
1,49,157
1,50,159
1,51,237
1,52,169
1,53,157
1,54,156
1,55,136
1,56,155
1,57,134
1,58,151
1,59,204
1,60,154
1,61,152
1,62,157
1,63,130
1,64,178
1,65,133
1,66,147
1,67,145
1,68,167
1,69,126
1,70,154
1,71,224
1,72,236
1,73,186
1,74,154
1,75,142
1,76,163
1,77,187
1,78,155
1,79,143
1,80,157
1,81,145
1,82,141
1,83,149
1,84,139
1,85,133
1,86,151
1,87,153
1,88,167
1,89,141
1,90,149
1,91,145
1,92,172
1,93,149
1,94,139
1,95,152
1,96,137
1,97,167
1,98,138
1,99,149
1,100,157
1,101,142
1,102,138
1,103,169
1,104,149
1,105,142
1,106,130
1,107,141
1,108,141
1,109,140
1,110,135
1,111,143
1,112,141
1,113,135
1,114,177
1,115,153
1,116,133
1,117,131
1,118,138
1,119,145
1,120,138
1,121,130
1,122,140
1,123,123
1,124,163
1,125,125
1,126,143
1,127,131
1,128,149
1,129,112
1,130,116
1,131,109
1,132,110
1,133,114
1,134,92
1,135,130
1,136,78
1,137,110
1,138,106
1,139,123
1,140,98
1,141,109
1,142,88
1,143,728
1,144,229
1,145,136
1,146,96
1,147,117
1,148,135
1,149,118
1,150,112
1,151,118
1,152,110
1,153,130
1,154,106
1,155,142
1,156,118
1,157,136
1,158,126
1,159,137
1,160,148
1,161,133
1,162,123
1,163,149
1,164,124
1,165,129
1,166,126
1,167,131
1,168,127
1,169,133
1,170,145
1,171,148
1,172,128
1,173,140
1,174,139
1,175,137
1,176,127
1,177,150
1,178,134
1,179,886
1,180,129
1,181,154
1,182,128
1,183,166
1,184,141
1,185,166
1,186,120
1,187,145
1,188,138
1,189,161
1,190,121
1,191,166
1,192,126
1,193,158
1,194,119
1,195,163
1,196,126
1,197,167
1,198,150
1,199,152
1,200,135
1,201,165
1,202,135
1,203,159
1,204,121
1,205,172
1,206,129
1,207,172
1,208,128
1,209,174
1,210,721
1,211,197
1,212,123
1,213,222
1,214,142
1,215,214
1,216,115
1,217,184
1,218,133
1,219,198
1,220,138
1,221,557
1,222,128
1,223,199
1,224,126
1,225,316
1,226,127
1,227,219
1,228,120
1,229,212
1,230,138
1,231,197
1,232,130
1,233,211
1,234,134
1,235,1480
1,236,148
1,237,220
1,238,181
1,239,217
1,240,151
1,241,221
1,242,162
1,243,230
1,244,167
1,245,308
1,246,205
1,247,312
1,248,175
1,249,251
1,250,184
1,251,252
1,252,202
1,253,249
1,254,227
1,255,237
1,256,186
2,1,160
2,2,201
2,3,170
2,4,190
2,5,163
2,6,223
2,7,185
2,8,278
2,9,340
2,10,204
2,11,184
2,12,205
2,13,196
2,14,209
2,15,181
2,16,210
2,17,171
2,18,205
2,19,172
2,20,214
2,21,161
2,22,202
2,23,1017
2,24,204
2,25,173
2,26,205
2,27,187
2,28,396
2,29,180
2,30,226
2,31,179
2,32,214
2,33,170
2,34,225
2,35,205
2,36,200
2,37,189
2,38,257
2,39,175
2,40,223
2,41,176
2,42,213
2,43,174
2,44,198
2,45,175
2,46,174
2,47,138
2,48,162
2,49,159
2,50,159
2,51,232
2,52,170
2,53,157
2,54,155
2,55,137
2,56,156
2,57,134
2,58,152
2,59,206
2,60,156
2,61,153
2,62,159
2,63,130
2,64,178
2,65,134
2,66,147
2,67,146
2,68,169
2,69,126
2,70,154
2,71,223
2,72,239
2,73,191
2,74,155
2,75,143
2,76,165
2,77,188
2,78,155
2,79,145
2,80,157
2,81,146
2,82,140
2,83,150
2,84,139
2,85,134
2,86,150
2,87,153
2,88,168
2,89,141
2,90,149
2,91,146
2,92,174
2,93,150
2,94,140
2,95,151
2,96,137
2,97,168
2,98,138
2,99,149
2,100,157
2,101,143
2,102,136
2,103,169
2,104,149
2,105,143
2,106,130
2,107,141
2,108,143
2,109,139
2,110,135
2,111,143
2,112,141
2,113,135
2,114,177
2,115,155
2,116,134
2,117,132
2,118,138
2,119,145
2,120,137
2,121,131
2,122,139
2,123,123
2,124,162
2,125,126
2,126,145
2,127,131
2,128,149
2,129,112
2,130,114
2,131,109
2,132,109
2,133,114
2,134,94
2,135,130
2,136,78
2,137,110
2,138,106
2,139,123
2,140,98
2,141,110
2,142,88
2,143,729
2,144,229
2,145,137
2,146,97
2,147,118
2,148,134
2,149,117
2,150,113
2,151,119
2,152,109
2,153,130
2,154,106
2,155,143
2,156,119
2,157,136
2,158,126
2,159,137
2,160,147
2,161,134
2,162,123
2,163,147
2,164,124
2,165,130
2,166,126
2,167,129
2,168,125
2,169,134
2,170,144
2,171,148
2,172,128
2,173,140
2,174,137
2,175,137
2,176,127
2,177,145
2,178,133
2,179,883
2,180,128
2,181,155
2,182,129
2,183,167
2,184,142
2,185,166
2,186,119
2,187,145
2,188,137
2,189,161
2,190,121
2,191,163
2,192,127
2,193,157
2,194,119
2,195,164
2,196,125
2,197,167
2,198,163
2,199,152
2,200,136
2,201,166
2,202,134
2,203,159
2,204,123
2,205,171
2,206,127
2,207,172
2,208,128
2,209,175
2,210,719
2,211,197
2,212,123
2,213,225
2,214,142
2,215,215
2,216,115
2,217,183
2,218,134
2,219,197
2,220,137
2,221,546
2,222,129
2,223,200
2,224,127
2,225,319
2,226,128
2,227,219
2,228,121
2,229,211
2,230,138
2,231,198
2,232,131
2,233,211
2,234,136
2,235,1480
2,236,146
2,237,220
2,238,180
2,239,219
2,240,154
2,241,221
2,242,163
2,243,231
2,244,168
2,245,305
2,246,204
2,247,311
2,248,212
2,249,254
2,250,184
2,251,252
2,252,201
2,253,248
2,254,230
2,255,236
2,256,186
3,1,161
3,2,202
3,3,170
3,4,190
3,5,163
3,6,222
3,7,184
3,8,282
3,9,339
3,10,205
3,11,182
3,12,205
3,13,197
3,14,210
3,15,183
3,16,248
3,17,170
3,18,204
3,19,172
3,20,214
3,21,162
3,22,202
3,23,1063
3,24,203
3,25,174
3,26,204
3,27,187
3,28,397
3,29,179
3,30,227
3,31,178
3,32,214
3,33,171
3,34,225
3,35,205
3,36,200
3,37,188
3,38,256
3,39,173
3,40,221
3,41,177
3,42,212
3,43,175
3,44,198
3,45,173
3,46,173
3,47,138
3,48,162
3,49,158
3,50,159
3,51,232
3,52,169
3,53,156
3,54,155
3,55,137
3,56,156
3,57,134
3,58,152
3,59,204
3,60,155
3,61,153
3,62,157
3,63,130
3,64,178
3,65,134
3,66,147
3,67,146
3,68,168
3,69,128
3,70,154
3,71,224
3,72,237
3,73,187
3,74,154
3,75,145
3,76,164
3,77,187
3,78,154
3,79,144
3,80,156
3,81,146
3,82,139
3,83,150
3,84,138
3,85,133
3,86,149
3,87,153
3,88,167
3,89,140
3,90,149
3,91,146
3,92,172
3,93,150
3,94,140
3,95,153
3,96,137
3,97,170
3,98,138
3,99,148
3,100,156
3,101,143
3,102,137
3,103,168
3,104,150
3,105,142
3,106,130
3,107,140
3,108,142
3,109,138
3,110,133
3,111,143
3,112,141
3,113,135
3,114,177
3,115,154
3,116,134
3,117,132
3,118,137
3,119,145
3,120,137
3,121,130
3,122,142
3,123,125
3,124,161
3,125,125
3,126,145
3,127,130
3,128,147
3,129,112
3,130,113
3,131,109
3,132,109
3,133,113
3,134,93
3,135,130
3,136,78
3,137,109
3,138,106
3,139,123
3,140,97
3,141,110
3,142,88
3,143,729
3,144,228
3,145,136
3,146,95
3,147,116
3,148,136
3,149,118
3,150,112
3,151,117
3,152,109
3,153,128
3,154,106
3,155,144
3,156,118
3,157,136
3,158,126
3,159,137
3,160,145
3,161,133
3,162,123
3,163,150
3,164,123
3,165,128
3,166,126
3,167,129
3,168,124
3,169,135
3,170,144
3,171,148
3,172,128
3,173,140
3,174,138
3,175,136
3,176,127
3,177,143
3,178,134
3,179,883
3,180,129
3,181,154
3,182,128
3,183,166
3,184,141
3,185,166
3,186,120
3,187,145
3,188,137
3,189,161
3,190,121
3,191,165
3,192,128
3,193,156
3,194,118
3,195,161
3,196,125
3,197,167
3,198,153
3,199,150
3,200,135
3,201,165
3,202,135
3,203,159
3,204,123
3,205,171
3,206,128
3,207,172
3,208,128
3,209,175
3,210,717
3,211,198
3,212,123
3,213,223
3,214,139
3,215,215
3,216,116
3,217,182
3,218,133
3,219,196
3,220,136
3,221,549
3,222,129
3,223,200
3,224,126
3,225,316
3,226,128
3,227,218
3,228,120
3,229,212
3,230,139
3,231,198
3,232,132
3,233,209
3,234,135
3,235,1474
3,236,146
3,237,221
3,238,182
3,239,218
3,240,152
3,241,221
3,242,162
3,243,230
3,244,165
3,245,306
3,246,202
3,247,312
3,248,175
3,249,253
3,250,185
3,251,253
3,252,201
3,253,249
3,254,234
3,255,237
3,256,186
4,1,159
4,2,201
4,3,170
4,4,191
4,5,163
4,6,223
4,7,184
4,8,280
4,9,338
4,10,206
4,11,205
4,12,223
4,13,199
4,14,211
4,15,185
4,16,213
4,17,173
4,18,205
4,19,171
4,20,214
4,21,160
4,22,202
4,23,1018
4,24,203
4,25,174
4,26,204
4,27,186
4,28,398
4,29,180
4,30,227
4,31,179
4,32,214
4,33,169
4,34,226
4,35,205
4,36,200
4,37,187
4,38,256
4,39,173
4,40,221
4,41,177
4,42,213
4,43,174
4,44,198
4,45,176
4,46,174
4,47,138
4,48,161
4,49,157
4,50,159
4,51,234
4,52,170
4,53,156
4,54,156
4,55,137
4,56,157
4,57,134
4,58,152
4,59,205
4,60,155
4,61,153
4,62,159
4,63,129
4,64,177
4,65,134
4,66,147
4,67,146
4,68,168
4,69,126
4,70,154
4,71,221
4,72,237
4,73,191
4,74,156
4,75,143
4,76,163
4,77,188
4,78,154
4,79,145
4,80,157
4,81,146
4,82,141
4,83,150
4,84,138
4,85,133
4,86,151
4,87,154
4,88,169
4,89,141
4,90,148
4,91,147
4,92,171
4,93,151
4,94,140
4,95,152
4,96,137
4,97,173
4,98,137
4,99,150
4,100,157
4,101,143
4,102,137
4,103,169
4,104,149
4,105,144
4,106,129
4,107,140
4,108,142
4,109,138
4,110,133
4,111,142
4,112,140
4,113,136
4,114,178
4,115,154
4,116,134
4,117,131
4,118,137
4,119,145
4,120,137
4,121,130
4,122,141
4,123,123
4,124,162
4,125,125
4,126,145
4,127,131
4,128,149
4,129,112
4,130,114
4,131,110
4,132,109
4,133,113
4,134,93
4,135,129
4,136,78
4,137,109
4,138,105
4,139,124
4,140,98
4,141,110
4,142,89
4,143,730
4,144,227
4,145,136
4,146,96
4,147,116
4,148,135
4,149,117
4,150,113
4,151,118
4,152,110
4,153,129
4,154,105
4,155,143
4,156,119
4,157,136
4,158,126
4,159,138
4,160,147
4,161,134
4,162,123
4,163,148
4,164,123
4,165,129
4,166,126
4,167,129
4,168,125
4,169,134
4,170,145
4,171,148
4,172,128
4,173,140
4,174,137
4,175,138
4,176,127
4,177,145
4,178,134
4,179,886
4,180,128
4,181,154
4,182,129
4,183,165
4,184,142
4,185,166
4,186,120
4,187,146
4,188,138
4,189,162
4,190,122
4,191,164
4,192,127
4,193,156
4,194,118
4,195,162
4,196,125
4,197,167
4,198,165
4,199,152
4,200,136
4,201,165
4,202,135
4,203,158
4,204,123
4,205,172
4,206,128
4,207,172
4,208,127
4,209,174
4,210,720
4,211,197
4,212,124
4,213,224
4,214,142
4,215,215
4,216,115
4,217,182
4,218,133
4,219,197
4,220,137
4,221,534
4,222,126
4,223,199
4,224,128
4,225,317
4,226,128
4,227,219
4,228,122
4,229,212
4,230,137
4,231,197
4,232,130
4,233,211
4,234,134
4,235,1475
4,236,147
4,237,222
4,238,184
4,239,218
4,240,153
4,241,221
4,242,163
4,243,231
4,244,169
4,245,306
4,246,195
4,247,309
4,248,176
4,249,252
4,250,184
4,251,254
4,252,201
4,253,248
4,254,228
4,255,238
4,256,187
5,1,159
5,2,202
5,3,169
5,4,191
5,5,162
5,6,223
5,7,185
5,8,283
5,9,340
5,10,206
5,11,183
5,12,206
5,13,195
5,14,210
5,15,182
5,16,212
5,17,169
5,18,205
5,19,171
5,20,215
5,21,159
5,22,203
5,23,1015
5,24,204
5,25,174
5,26,205
5,27,186
5,28,398
5,29,180
5,30,228
5,31,178
5,32,216
5,33,170
5,34,227
5,35,204
5,36,201
5,37,188
5,38,256
5,39,173
5,40,223
5,41,177
5,42,213
5,43,173
5,44,199
5,45,175
5,46,175
5,47,137
5,48,161
5,49,157
5,50,160
5,51,231
5,52,171
5,53,156
5,54,156
5,55,136
5,56,158
5,57,134
5,58,152
5,59,204
5,60,156
5,61,153
5,62,159
5,63,129
5,64,177
5,65,135
5,66,149
5,67,145
5,68,168
5,69,126
5,70,154
5,71,223
5,72,237
5,73,191
5,74,155
5,75,144
5,76,164
5,77,188
5,78,154
5,79,143
5,80,157
5,81,146
5,82,141
5,83,149
5,84,139
5,85,133
5,86,150
5,87,154
5,88,168
5,89,141
5,90,149
5,91,146
5,92,171
5,93,150
5,94,141
5,95,151
5,96,137
5,97,172
5,98,140
5,99,150
5,100,157
5,101,142
5,102,138
5,103,168
5,104,149
5,105,143
5,106,131
5,107,140
5,108,142
5,109,138
5,110,134
5,111,143
5,112,142
5,113,134
5,114,177
5,115,154
5,116,134
5,117,132
5,118,138
5,119,146
5,120,138
5,121,130
5,122,141
5,123,123
5,124,163
5,125,124
5,126,146
5,127,131
5,128,149
5,129,111
5,130,116
5,131,110
5,132,110
5,133,113
5,134,94
5,135,128
5,136,79
5,137,109
5,138,106
5,139,122
5,140,98
5,141,110
5,142,88
5,143,728
5,144,228
5,145,135
5,146,97
5,147,117
5,148,136
5,149,118
5,150,114
5,151,117
5,152,109
5,153,128
5,154,106
5,155,142
5,156,120
5,157,135
5,158,128
5,159,137
5,160,148
5,161,135
5,162,123
5,163,147
5,164,123
5,165,128
5,166,126
5,167,129
5,168,126
5,169,133
5,170,145
5,171,147
5,172,128
5,173,141
5,174,139
5,175,136
5,176,128
5,177,145
5,178,135
5,179,881
5,180,129
5,181,153
5,182,129
5,183,165
5,184,143
5,185,165
5,186,120
5,187,146
5,188,138
5,189,161
5,190,121
5,191,162
5,192,127
5,193,156
5,194,120
5,195,162
5,196,126
5,197,167
5,198,163
5,199,151
5,200,136
5,201,164
5,202,135
5,203,158
5,204,122
5,205,172
5,206,128
5,207,171
5,208,129
5,209,173
5,210,721
5,211,198
5,212,124
5,213,220
5,214,143
5,215,212
5,216,116
5,217,184
5,218,134
5,219,195
5,220,138
5,221,549
5,222,128
5,223,200
5,224,129
5,225,317
5,226,128
5,227,218
5,228,122
5,229,210
5,230,138
5,231,197
5,232,131
5,233,210
5,234,136
5,235,1477
5,236,147
5,237,220
5,238,182
5,239,216
5,240,154
5,241,221
5,242,163
5,243,231
5,244,169
5,245,306
5,246,205
5,247,318
5,248,175
5,249,251
5,250,185
5,251,252
5,252,202
5,253,249
5,254,233
5,255,239
5,256,187
6,1,160
6,2,202
6,3,170
6,4,191
6,5,164
6,6,224
6,7,183
6,8,280
6,9,343
6,10,205
6,11,184
6,12,206
6,13,198
6,14,210
6,15,183
6,16,212
6,17,170
6,18,205
6,19,179
6,20,215
6,21,161
6,22,204
6,23,1018
6,24,204
6,25,174
6,26,204
6,27,187
6,28,396
6,29,178
6,30,226
6,31,179
6,32,214
6,33,170
6,34,225
6,35,206
6,36,200
6,37,188
6,38,256
6,39,174
6,40,222
6,41,177
6,42,213
6,43,174
6,44,198
6,45,176
6,46,174
6,47,138
6,48,162
6,49,159
6,50,159
6,51,232
6,52,170
6,53,156
6,54,156
6,55,137
6,56,157
6,57,135
6,58,152
6,59,205
6,60,156
6,61,152
6,62,158
6,63,128
6,64,178
6,65,135
6,66,148
6,67,146
6,68,168
6,69,126
6,70,154
6,71,224
6,72,238
6,73,193
6,74,155
6,75,145
6,76,163
6,77,188
6,78,155
6,79,145
6,80,157
6,81,145
6,82,140
6,83,150
6,84,138
6,85,133
6,86,150
6,87,155
6,88,169
6,89,141
6,90,148
6,91,146
6,92,171
6,93,149
6,94,139
6,95,151
6,96,136
6,97,170
6,98,138
6,99,150
6,100,156
6,101,143
6,102,138
6,103,169
6,104,149
6,105,143
6,106,131
6,107,142
6,108,142
6,109,138
6,110,134
6,111,144
6,112,141
6,113,134
6,114,178
6,115,155
6,116,133
6,117,132
6,118,138
6,119,146
6,120,138
6,121,131
6,122,141
6,123,123
6,124,163
6,125,126
6,126,146
6,127,132
6,128,148
6,129,112
6,130,114
6,131,110
6,132,109
6,133,114
6,134,94
6,135,130
6,136,79
6,137,109
6,138,105
6,139,123
6,140,98
6,141,110
6,142,88
6,143,728
6,144,229
6,145,137
6,146,97
6,147,117
6,148,134
6,149,117
6,150,116
6,151,119
6,152,110
6,153,127
6,154,106
6,155,143
6,156,119
6,157,137
6,158,127
6,159,137
6,160,147
6,161,134
6,162,123
6,163,147
6,164,123
6,165,128
6,166,126
6,167,130
6,168,126
6,169,134
6,170,145
6,171,147
6,172,128
6,173,139
6,174,138
6,175,137
6,176,128
6,177,145
6,178,134
6,179,884
6,180,128
6,181,155
6,182,129
6,183,167
6,184,142
6,185,166
6,186,121
6,187,146
6,188,138
6,189,161
6,190,121
6,191,165
6,192,127
6,193,157
6,194,119
6,195,162
6,196,126
6,197,167
6,198,156
6,199,152
6,200,136
6,201,166
6,202,136
6,203,159
6,204,123
6,205,172
6,206,128
6,207,170
6,208,128
6,209,174
6,210,721
6,211,197
6,212,123
6,213,223
6,214,143
6,215,213
6,216,115
6,217,183
6,218,133
6,219,195
6,220,138
6,221,554
6,222,128
6,223,200
6,224,128
6,225,320
6,226,127
6,227,220
6,228,121
6,229,211
6,230,137
6,231,198
6,232,131
6,233,212
6,234,135
6,235,1477
6,236,148
6,237,221
6,238,181
6,239,218
6,240,153
6,241,222
6,242,163
6,243,230
6,244,167
6,245,305
6,246,202
6,247,307
6,248,177
6,249,252
6,250,185
6,251,253
6,252,201
6,253,249
6,254,233
6,255,238
6,256,186
7,1,160
7,2,202
7,3,169
7,4,192
7,5,163
7,6,223
7,7,185
7,8,279
7,9,343
7,10,206
7,11,183
7,12,206
7,13,196
7,14,210
7,15,181
7,16,211
7,17,167
7,18,204
7,19,172
7,20,215
7,21,160
7,22,203
7,23,1016
7,24,203
7,25,174
7,26,204
7,27,187
7,28,399
7,29,178
7,30,227
7,31,177
7,32,214
7,33,169
7,34,226
7,35,204
7,36,200
7,37,187
7,38,257
7,39,174
7,40,223
7,41,177
7,42,213
7,43,174
7,44,198
7,45,177
7,46,175
7,47,138
7,48,161
7,49,157
7,50,158
7,51,234
7,52,169
7,53,157
7,54,156
7,55,136
7,56,156
7,57,135
7,58,152
7,59,205
7,60,156
7,61,153
7,62,160
7,63,129
7,64,178
7,65,133
7,66,147
7,67,146
7,68,167
7,69,126
7,70,154
7,71,222
7,72,238
7,73,187
7,74,154
7,75,143
7,76,164
7,77,188
7,78,156
7,79,144
7,80,157
7,81,146
7,82,140
7,83,149
7,84,138
7,85,133
7,86,151
7,87,154
7,88,168
7,89,140
7,90,149
7,91,145
7,92,171
7,93,149
7,94,140
7,95,152
7,96,136
7,97,169
7,98,138
7,99,149
7,100,156
7,101,143
7,102,137
7,103,170
7,104,150
7,105,142
7,106,131
7,107,140
7,108,142
7,109,139
7,110,135
7,111,143
7,112,141
7,113,135
7,114,178
7,115,155
7,116,135
7,117,131
7,118,137
7,119,144
7,120,138
7,121,129
7,122,141
7,123,123
7,124,163
7,125,124
7,126,146
7,127,131
7,128,150
7,129,111
7,130,113
7,131,109
7,132,110
7,133,113
7,134,93
7,135,128
7,136,78
7,137,109
7,138,105
7,139,123
7,140,98
7,141,110
7,142,89
7,143,728
7,144,230
7,145,134
7,146,96
7,147,117
7,148,133
7,149,117
7,150,113
7,151,117
7,152,110
7,153,127
7,154,107
7,155,143
7,156,119
7,157,136
7,158,128
7,159,137
7,160,147
7,161,134
7,162,123
7,163,150
7,164,123
7,165,129
7,166,127
7,167,129
7,168,126
7,169,133
7,170,146
7,171,147
7,172,129
7,173,140
7,174,138
7,175,136
7,176,127
7,177,144
7,178,134
7,179,888
7,180,130
7,181,154
7,182,130
7,183,166
7,184,143
7,185,166
7,186,120
7,187,145
7,188,137
7,189,161
7,190,122
7,191,162
7,192,126
7,193,157
7,194,119
7,195,163
7,196,125
7,197,167
7,198,161
7,199,152
7,200,137
7,201,165
7,202,135
7,203,158
7,204,123
7,205,172
7,206,128
7,207,171
7,208,127
7,209,174
7,210,722
7,211,197
7,212,124
7,213,218
7,214,142
7,215,214
7,216,115
7,217,181
7,218,133
7,219,195
7,220,138
7,221,546
7,222,128
7,223,200
7,224,128
7,225,318
7,226,128
7,227,218
7,228,122
7,229,211
7,230,138
7,231,197
7,232,131
7,233,211
7,234,135
7,235,1474
7,236,148
7,237,220
7,238,182
7,239,218
7,240,153
7,241,220
7,242,162
7,243,232
7,244,168
7,245,306
7,246,203
7,247,312
7,248,176
7,249,253
7,250,185
7,251,252
7,252,202
7,253,249
7,254,231
7,255,236
7,256,186
8,1,160
8,2,202
8,3,170
8,4,191
8,5,163
8,6,222
8,7,185
8,8,281
8,9,355
8,10,205
8,11,183
8,12,204
8,13,197
8,14,209
8,15,184
8,16,211
8,17,169
8,18,205
8,19,171
8,20,214
8,21,160
8,22,202
8,23,1016
8,24,202
8,25,175
8,26,205
8,27,186
8,28,396
8,29,179
8,30,226
8,31,179
8,32,213
8,33,170
8,34,226
8,35,207
8,36,200
8,37,187
8,38,256
8,39,174
8,40,223
8,41,177
8,42,212
8,43,174
8,44,198
8,45,177
8,46,175
8,47,138
8,48,161
8,49,159
8,50,159
8,51,237
8,52,169
8,53,157
8,54,156
8,55,137
8,56,156
8,57,134
8,58,152
8,59,203
8,60,155
8,61,153
8,62,158
8,63,130
8,64,178
8,65,135
8,66,148
8,67,145
8,68,167
8,69,125
8,70,153
8,71,224
8,72,239
8,73,191
8,74,155
8,75,144
8,76,162
8,77,188
8,78,155
8,79,143
8,80,155
8,81,147
8,82,140
8,83,149
8,84,138
8,85,133
8,86,150
8,87,153
8,88,167
8,89,141
8,90,149
8,91,147
8,92,171
8,93,149
8,94,140
8,95,152
8,96,136
8,97,173
8,98,138
8,99,149
8,100,155
8,101,144
8,102,137
8,103,169
8,104,148
8,105,142
8,106,130
8,107,141
8,108,141
8,109,139
8,110,134
8,111,144
8,112,141
8,113,135
8,114,175
8,115,154
8,116,133
8,117,132
8,118,138
8,119,144
8,120,137
8,121,132
8,122,140
8,123,123
8,124,162
8,125,124
8,126,145
8,127,131
8,128,148
8,129,113
8,130,114
8,131,110
8,132,108
8,133,114
8,134,93
8,135,130
8,136,78
8,137,110
8,138,106
8,139,123
8,140,97
8,141,110
8,142,88
8,143,729
8,144,228
8,145,136
8,146,96
8,147,118
8,148,134
8,149,119
8,150,113
8,151,119
8,152,110
8,153,129
8,154,106
8,155,143
8,156,118
8,157,137
8,158,126
8,159,137
8,160,147
8,161,134
8,162,123
8,163,149
8,164,122
8,165,128
8,166,125
8,167,130
8,168,125
8,169,134
8,170,144
8,171,147
8,172,127
8,173,139
8,174,136
8,175,136
8,176,127
8,177,145
8,178,134
8,179,883
8,180,129
8,181,154
8,182,127
8,183,167
8,184,141
8,185,165
8,186,120
8,187,146
8,188,137
8,189,162
8,190,121
8,191,164
8,192,127
8,193,157
8,194,119
8,195,163
8,196,125
8,197,167
8,198,157
8,199,151
8,200,135
8,201,166
8,202,134
8,203,158
8,204,122
8,205,171
8,206,128
8,207,173
8,208,125
8,209,174
8,210,719
8,211,198
8,212,123
8,213,220
8,214,141
8,215,214
8,216,114
8,217,183
8,218,134
8,219,196
8,220,136
8,221,542
8,222,128
8,223,200
8,224,127
8,225,319
8,226,127
8,227,220
8,228,121
8,229,212
8,230,138
8,231,196
8,232,130
8,233,211
8,234,134
8,235,1474
8,236,147
8,237,221
8,238,182
8,239,218
8,240,152
8,241,220
8,242,162
8,243,231
8,244,167
8,245,306
8,246,206
8,247,317
8,248,175
8,249,253
8,250,184
8,251,252
8,252,201
8,253,250
8,254,228
8,255,238
8,256,186
9,1,160
9,2,201
9,3,169
9,4,190
9,5,163
9,6,224
9,7,186
9,8,280
9,9,342
9,10,206
9,11,183
9,12,205
9,13,196
9,14,210
9,15,182
9,16,211
9,17,171
9,18,204
9,19,173
9,20,215
9,21,162
9,22,202
9,23,1052
9,24,204
9,25,175
9,26,204
9,27,186
9,28,398
9,29,179
9,30,226
9,31,179
9,32,213
9,33,171
9,34,225
9,35,207
9,36,200
9,37,187
9,38,256
9,39,173
9,40,222
9,41,176
9,42,212
9,43,175
9,44,198
9,45,175
9,46,174
9,47,139
9,48,161
9,49,159
9,50,159
9,51,237
9,52,168
9,53,158
9,54,156
9,55,138
9,56,156
9,57,135
9,58,153
9,59,204
9,60,155
9,61,153
9,62,159
9,63,130
9,64,178
9,65,134
9,66,147
9,67,147
9,68,167
9,69,126
9,70,154
9,71,223
9,72,241
9,73,186
9,74,155
9,75,144
9,76,163
9,77,188
9,78,154
9,79,145
9,80,157
9,81,147
9,82,141
9,83,150
9,84,138
9,85,137
9,86,151
9,87,154
9,88,168
9,89,141
9,90,149
9,91,147
9,92,173
9,93,150
9,94,140
9,95,152
9,96,137
9,97,170
9,98,138
9,99,149
9,100,156
9,101,145
9,102,138
9,103,169
9,104,148
9,105,143
9,106,130
9,107,142
9,108,143
9,109,140
9,110,135
9,111,145
9,112,142
9,113,135
9,114,177
9,115,155
9,116,134
9,117,132
9,118,138
9,119,146
9,120,138
9,121,130
9,122,140
9,123,123
9,124,162
9,125,125
9,126,145
9,127,131
9,128,149
9,129,113
9,130,115
9,131,110
9,132,109
9,133,114
9,134,93
9,135,129
9,136,77
9,137,110
9,138,106
9,139,123
9,140,98
9,141,110
9,142,88
9,143,729
9,144,229
9,145,135
9,146,96
9,147,117
9,148,133
9,149,118
9,150,112
9,151,118
9,152,110
9,153,129
9,154,106
9,155,143
9,156,119
9,157,137
9,158,126
9,159,138
9,160,146
9,161,134
9,162,123
9,163,147
9,164,123
9,165,129
9,166,127
9,167,130
9,168,126
9,169,134
9,170,145
9,171,148
9,172,128
9,173,139
9,174,138
9,175,136
9,176,127
9,177,146
9,178,134
9,179,885
9,180,127
9,181,155
9,182,128
9,183,166
9,184,142
9,185,166
9,186,119
9,187,146
9,188,138
9,189,161
9,190,121
9,191,164
9,192,127
9,193,157
9,194,119
9,195,163
9,196,125
9,197,168
9,198,163
9,199,151
9,200,135
9,201,165
9,202,135
9,203,159
9,204,123
9,205,172
9,206,127
9,207,173
9,208,127
9,209,174
9,210,722
9,211,198
9,212,123
9,213,217
9,214,142
9,215,215
9,216,115
9,217,184
9,218,133
9,219,197
9,220,137
9,221,542
9,222,128
9,223,200
9,224,128
9,225,321
9,226,127
9,227,220
9,228,121
9,229,212
9,230,138
9,231,198
9,232,131
9,233,210
9,234,134
9,235,1474
9,236,149
9,237,222
9,238,182
9,239,219
9,240,153
9,241,221
9,242,163
9,243,232
9,244,181
9,245,308
9,246,203
9,247,320
9,248,175
9,249,253
9,250,185
9,251,254
9,252,202
9,253,249
9,254,233
9,255,238
9,256,187
10,1,160
10,2,202
10,3,169
10,4,191
10,5,163
10,6,222
10,7,183
10,8,280
10,9,342
10,10,205
10,11,183
10,12,205
10,13,196
10,14,209
10,15,181
10,16,212
10,17,169
10,18,204
10,19,172
10,20,214
10,21,161
10,22,205
10,23,1020
10,24,205
10,25,173
10,26,204
10,27,186
10,28,395
10,29,179
10,30,226
10,31,178
10,32,211
10,33,169
10,34,227
10,35,205
10,36,201
10,37,188
10,38,256
10,39,174
10,40,223
10,41,176
10,42,212
10,43,173
10,44,197
10,45,175
10,46,175
10,47,137
10,48,161
10,49,158
10,50,158
10,51,236
10,52,168
10,53,157
10,54,156
10,55,138
10,56,155
10,57,134
10,58,152
10,59,205
10,60,155
10,61,154
10,62,159
10,63,130
10,64,178
10,65,134
10,66,148
10,67,146
10,68,167
10,69,127
10,70,154
10,71,222
10,72,240
10,73,190
10,74,155
10,75,144
10,76,163
10,77,188
10,78,154
10,79,144
10,80,156
10,81,145
10,82,140
10,83,149
10,84,138
10,85,133
10,86,151
10,87,154
10,88,168
10,89,140
10,90,149
10,91,145
10,92,172
10,93,149
10,94,140
10,95,151
10,96,137
10,97,169
10,98,139
10,99,149
10,100,156
10,101,144
10,102,137
10,103,169
10,104,149
10,105,143
10,106,130
10,107,142
10,108,142
10,109,140
10,110,133
10,111,143
10,112,140
10,113,135
10,114,177
10,115,153
10,116,133
10,117,131
10,118,138
10,119,146
10,120,136
10,121,130
10,122,141
10,123,124
10,124,162
10,125,125
10,126,145
10,127,130
10,128,148
10,129,112
10,130,114
10,131,109
10,132,110
10,133,114
10,134,94
10,135,130
10,136,78
10,137,109
10,138,105
10,139,123
10,140,98
10,141,110
10,142,88
10,143,731
10,144,229
10,145,135
10,146,96
10,147,117
10,148,133
10,149,117
10,150,113
10,151,118
10,152,109
10,153,129
10,154,106
10,155,142
10,156,118
10,157,136
10,158,126
10,159,137
10,160,147
10,161,133
10,162,123
10,163,147
10,164,123
10,165,129
10,166,127
10,167,130
10,168,129
10,169,134
10,170,145
10,171,147
10,172,127
10,173,139
10,174,138
10,175,136
10,176,127
10,177,144
10,178,134
10,179,884
10,180,127
10,181,153
10,182,129
10,183,165
10,184,142
10,185,165
10,186,120
10,187,145
10,188,137
10,189,161
10,190,121
10,191,164
10,192,128
10,193,157
10,194,119
10,195,162
10,196,124
10,197,166
10,198,162
10,199,151
10,200,136
10,201,164
10,202,136
10,203,159
10,204,121
10,205,171
10,206,128
10,207,171
10,208,128
10,209,175
10,210,723
10,211,197
10,212,123
10,213,219
10,214,142
10,215,214
10,216,114
10,217,183
10,218,133
10,219,195
10,220,138
10,221,552
10,222,127
10,223,199
10,224,127
10,225,316
10,226,127
10,227,219
10,228,121
10,229,211
10,230,138
10,231,197
10,232,130
10,233,210
10,234,135
10,235,1480
10,236,148
10,237,220
10,238,182
10,239,219
10,240,153
10,241,220
10,242,164
10,243,230
10,244,168
10,245,306
10,246,206
10,247,319
10,248,175
10,249,252
10,250,184
10,251,251
10,252,202
10,253,248
10,254,232
10,255,235
10,256,187
11,1,160
11,2,204
11,3,169
11,4,191
11,5,163
11,6,224
11,7,185
11,8,280
11,9,337
11,10,205
11,11,183
11,12,206
11,13,197
11,14,209
11,15,182
11,16,210
11,17,171
11,18,203
11,19,172
11,20,214
11,21,161
11,22,203
11,23,1017
11,24,203
11,25,175
11,26,205
11,27,187
11,28,398
11,29,180
11,30,227
11,31,179
11,32,214
11,33,171
11,34,225
11,35,209
11,36,201
11,37,188
11,38,257
11,39,175
11,40,223
11,41,177
11,42,213
11,43,175
11,44,199
11,45,177
11,46,175
11,47,138
11,48,162
11,49,157
11,50,159
11,51,238
11,52,168
11,53,157
11,54,156
11,55,137
11,56,155
11,57,134
11,58,152
11,59,205
11,60,156
11,61,154
11,62,159
11,63,130
11,64,178
11,65,134
11,66,147
11,67,147
11,68,169
11,69,127
11,70,154
11,71,224
11,72,241
11,73,192
11,74,155
11,75,146
11,76,164
11,77,190
11,78,155
11,79,145
11,80,156
11,81,146
11,82,140
11,83,149
11,84,139
11,85,134
11,86,151
11,87,154
11,88,167
11,89,141
11,90,148
11,91,146
11,92,173
11,93,150
11,94,139
11,95,152
11,96,137
11,97,170
11,98,138
11,99,149
11,100,157
11,101,143
11,102,137
11,103,169
11,104,149
11,105,143
11,106,130
11,107,141
11,108,143
11,109,139
11,110,134
11,111,143
11,112,140
11,113,136
11,114,177
11,115,155
11,116,135
11,117,132
11,118,137
11,119,145
11,120,137
11,121,130
11,122,141
11,123,124
11,124,163
11,125,126
11,126,143
11,127,131
11,128,149
11,129,112
11,130,115
11,131,109
11,132,109
11,133,114
11,134,94
11,135,130
11,136,79
11,137,109
11,138,106
11,139,124
11,140,98
11,141,111
11,142,89
11,143,729
11,144,229
11,145,138
11,146,98
11,147,117
11,148,130
11,149,118
11,150,112
11,151,118
11,152,111
11,153,130
11,154,106
11,155,143
11,156,119
11,157,136
11,158,126
11,159,138
11,160,146
11,161,134
11,162,123
11,163,149
11,164,124
11,165,129
11,166,126
11,167,130
11,168,126
11,169,135
11,170,146
11,171,147
11,172,129
11,173,141
11,174,137
11,175,137
11,176,127
11,177,145
11,178,134
11,179,885
11,180,129
11,181,154
11,182,129
11,183,166
11,184,142
11,185,165
11,186,119
11,187,145
11,188,138
11,189,161
11,190,121
11,191,166
11,192,127
11,193,157
11,194,118
11,195,163
11,196,125
11,197,167
11,198,160
11,199,151
11,200,136
11,201,166
11,202,147
11,203,160
11,204,122
11,205,171
11,206,130
11,207,171
11,208,128
11,209,175
11,210,720
11,211,198
11,212,123
11,213,222
11,214,143
11,215,214
11,216,115
11,217,183
11,218,133
11,219,197
11,220,137
11,221,544
11,222,129
11,223,200
11,224,128
11,225,314
11,226,128
11,227,220
11,228,122
11,229,211
11,230,138
11,231,197
11,232,130
11,233,212
11,234,135
11,235,1478
11,236,146
11,237,222
11,238,182
11,239,220
11,240,153
11,241,222
11,242,164
11,243,231
11,244,168
11,245,307
11,246,204
11,247,317
11,248,175
11,249,250
11,250,186
11,251,253
11,252,201
11,253,249
11,254,229
11,255,236
11,256,186
12,1,160
12,2,201
12,3,170
12,4,190
12,5,162
12,6,223
12,7,184
12,8,280
12,9,329
12,10,204
12,11,183
12,12,204
12,13,197
12,14,210
12,15,183
12,16,211
12,17,169
12,18,204
12,19,172
12,20,213
12,21,161
12,22,202
12,23,1017
12,24,204
12,25,175
12,26,205
12,27,187
12,28,396
12,29,179
12,30,225
12,31,179
12,32,213
12,33,170
12,34,226
12,35,205
12,36,199
12,37,188
12,38,257
12,39,173
12,40,223
12,41,176
12,42,211
12,43,176
12,44,199
12,45,175
12,46,173
12,47,137
12,48,161
12,49,157
12,50,158
12,51,237
12,52,168
12,53,157
12,54,155
12,55,138
12,56,156
12,57,134
12,58,152
12,59,204
12,60,154
12,61,153
12,62,158
12,63,130
12,64,177
12,65,134
12,66,148
12,67,146
12,68,166
12,69,125
12,70,153
12,71,222
12,72,238
12,73,193
12,74,155
12,75,144
12,76,163
12,77,187
12,78,154
12,79,144
12,80,156
12,81,146
12,82,140
12,83,150
12,84,138
12,85,134
12,86,151
12,87,153
12,88,167
12,89,142
12,90,150
12,91,146
12,92,172
12,93,149
12,94,140
12,95,152
12,96,136
12,97,170
12,98,138
12,99,150
12,100,156
12,101,144
12,102,137
12,103,168
12,104,148
12,105,142
12,106,130
12,107,141
12,108,141
12,109,138
12,110,134
12,111,143
12,112,140
12,113,135
12,114,179
12,115,155
12,116,133
12,117,132
12,118,138
12,119,145
12,120,137
12,121,130
12,122,140
12,123,124
12,124,162
12,125,125
12,126,145
12,127,131
12,128,148
12,129,113
12,130,114
12,131,110
12,132,110
12,133,114
12,134,94
12,135,128
12,136,78
12,137,109
12,138,105
12,139,123
12,140,99
12,141,111
12,142,87
12,143,729
12,144,228
12,145,137
12,146,96
12,147,116
12,148,133
12,149,118
12,150,112
12,151,118
12,152,109
12,153,129
12,154,106
12,155,143
12,156,119
12,157,137
12,158,126
12,159,138
12,160,146
12,161,134
12,162,123
12,163,146
12,164,122
12,165,129
12,166,125
12,167,130
12,168,125
12,169,135
12,170,145
12,171,148
12,172,128
12,173,140
12,174,136
12,175,136
12,176,126
12,177,145
12,178,133
12,179,882
12,180,129
12,181,153
12,182,129
12,183,165
12,184,141
12,185,166
12,186,120
12,187,145
12,188,137
12,189,162
12,190,121
12,191,165
12,192,126
12,193,157
12,194,119
12,195,162
12,196,125
12,197,167
12,198,151
12,199,152
12,200,135
12,201,165
12,202,134
12,203,158
12,204,122
12,205,171
12,206,128
12,207,173
12,208,128
12,209,174
12,210,719
12,211,197
12,212,124
12,213,220
12,214,141
12,215,215
12,216,113
12,217,183
12,218,134
12,219,197
12,220,137
12,221,546
12,222,127
12,223,201
12,224,126
12,225,316
12,226,126
12,227,219
12,228,122
12,229,211
12,230,138
12,231,198
12,232,131
12,233,210
12,234,134
12,235,1475
12,236,147
12,237,220
12,238,182
12,239,219
12,240,153
12,241,221
12,242,163
12,243,231
12,244,168
12,245,307
12,246,203
12,247,311
12,248,175
12,249,251
12,250,184
12,251,251
12,252,200
12,253,249
12,254,234
12,255,237
12,256,187
13,1,159
13,2,202
13,3,169
13,4,192
13,5,163
13,6,223
13,7,186
13,8,282
13,9,339
13,10,204
13,11,182
13,12,206
13,13,195
13,14,210
13,15,182
13,16,211
13,17,170
13,18,204
13,19,171
13,20,214
13,21,161
13,22,203
13,23,1020
13,24,204
13,25,175
13,26,205
13,27,187
13,28,397
13,29,179
13,30,227
13,31,178
13,32,215
13,33,170
13,34,226
13,35,206
13,36,199
13,37,188
13,38,256
13,39,175
13,40,223
13,41,177
13,42,213
13,43,174
13,44,198
13,45,177
13,46,175
13,47,138
13,48,161
13,49,157
13,50,159
13,51,233
13,52,168
13,53,157
13,54,155
13,55,137
13,56,156
13,57,135
13,58,153
13,59,205
13,60,156
13,61,152
13,62,158
13,63,129
13,64,178
13,65,134
13,66,147
13,67,146
13,68,168
13,69,127
13,70,154
13,71,223
13,72,239
13,73,189
13,74,155
13,75,145
13,76,163
13,77,188
13,78,154
13,79,145
13,80,157
13,81,147
13,82,140
13,83,150
13,84,138
13,85,134
13,86,151
13,87,154
13,88,168
13,89,142
13,90,149
13,91,146
13,92,172
13,93,150
13,94,140
13,95,152
13,96,136
13,97,170
13,98,137
13,99,150
13,100,157
13,101,143
13,102,138
13,103,169
13,104,149
13,105,143
13,106,131
13,107,141
13,108,142
13,109,140
13,110,133
13,111,144
13,112,142
13,113,136
13,114,178
13,115,153
13,116,133
13,117,131
13,118,138
13,119,145
13,120,138
13,121,131
13,122,141
13,123,123
13,124,163
13,125,126
13,126,145
13,127,131
13,128,150
13,129,113
13,130,114
13,131,109
13,132,109
13,133,112
13,134,96
13,135,162
13,136,78
13,137,110
13,138,106
13,139,123
13,140,98
13,141,110
13,142,88
13,143,727
13,144,229
13,145,137
13,146,95
13,147,117
13,148,133
13,149,118
13,150,114
13,151,119
13,152,111
13,153,128
13,154,106
13,155,144
13,156,118
13,157,136
13,158,126
13,159,137
13,160,148
13,161,134
13,162,122
13,163,149
13,164,123
13,165,129
13,166,125
13,167,130
13,168,125
13,169,134
13,170,146
13,171,147
13,172,128
13,173,139
13,174,138
13,175,135
13,176,125
13,177,145
13,178,135
13,179,889
13,180,129
13,181,153
13,182,129
13,183,166
13,184,142
13,185,165
13,186,120
13,187,147
13,188,137
13,189,161
13,190,122
13,191,166
13,192,127
13,193,157
13,194,119
13,195,163
13,196,125
13,197,167
13,198,164
13,199,151
13,200,136
13,201,164
13,202,134
13,203,159
13,204,123
13,205,172
13,206,127
13,207,172
13,208,128
13,209,174
13,210,720
13,211,198
13,212,123
13,213,221
13,214,142
13,215,213
13,216,115
13,217,184
13,218,133
13,219,196
13,220,137
13,221,539
13,222,128
13,223,199
13,224,128
13,225,317
13,226,128
13,227,220
13,228,122
13,229,212
13,230,138
13,231,198
13,232,130
13,233,211
13,234,135
13,235,1476
13,236,146
13,237,221
13,238,183
13,239,218
13,240,153
13,241,222
13,242,163
13,243,231
13,244,168
13,245,307
13,246,207
13,247,314
13,248,174
13,249,251
13,250,186
13,251,253
13,252,202
13,253,249
13,254,229
13,255,237
13,256,185
14,1,159
14,2,201
14,3,169
14,4,192
14,5,162
14,6,223
14,7,183
14,8,280
14,9,335
14,10,206
14,11,183
14,12,206
14,13,194
14,14,210
14,15,183
14,16,211
14,17,170
14,18,203
14,19,171
14,20,215
14,21,162
14,22,202
14,23,1020
14,24,204
14,25,174
14,26,204
14,27,187
14,28,397
14,29,180
14,30,226
14,31,180
14,32,213
14,33,170
14,34,227
14,35,206
14,36,200
14,37,187
14,38,256
14,39,173
14,40,223
14,41,175
14,42,213
14,43,174
14,44,198
14,45,177
14,46,175
14,47,137
14,48,161
14,49,156
14,50,158
14,51,234
14,52,168
14,53,158
14,54,155
14,55,136
14,56,156
14,57,136
14,58,152
14,59,205
14,60,157
14,61,153
14,62,158
14,63,129
14,64,178
14,65,134
14,66,147
14,67,145
14,68,168
14,69,127
14,70,154
14,71,223
14,72,239
14,73,192
14,74,155
14,75,144
14,76,163
14,77,189
14,78,156
14,79,144
14,80,156
14,81,148
14,82,140
14,83,149
14,84,138
14,85,133
14,86,151
14,87,153
14,88,169
14,89,141
14,90,148
14,91,147
14,92,171
14,93,150
14,94,140
14,95,152
14,96,138
14,97,175
14,98,138
14,99,149
14,100,157
14,101,144
14,102,138
14,103,168
14,104,149
14,105,142
14,106,129
14,107,141
14,108,143
14,109,138
14,110,134
14,111,143
14,112,142
14,113,135
14,114,178
14,115,153
14,116,134
14,117,132
14,118,138
14,119,145
14,120,139
14,121,129
14,122,141
14,123,123
14,124,163
14,125,125
14,126,145
14,127,131
14,128,149
14,129,112
14,130,113
14,131,109
14,132,109
14,133,113
14,134,94
14,135,128
14,136,78
14,137,110
14,138,106
14,139,124
14,140,98
14,141,110
14,142,88
14,143,729
14,144,228
14,145,137
14,146,97
14,147,117
14,148,135
14,149,117
14,150,112
14,151,118
14,152,110
14,153,129
14,154,107
14,155,143
14,156,119
14,157,135
14,158,126
14,159,138
14,160,146
14,161,133
14,162,123
14,163,146
14,164,129
14,165,172
14,166,126
14,167,129
14,168,125
14,169,134
14,170,145
14,171,147
14,172,128
14,173,138
14,174,137
14,175,136
14,176,127
14,177,145
14,178,133
14,179,884
14,180,129
14,181,153
14,182,129
14,183,167
14,184,143
14,185,165
14,186,119
14,187,145
14,188,138
14,189,161
14,190,121
14,191,165
14,192,128
14,193,157
14,194,119
14,195,161
14,196,125
14,197,167
14,198,165
14,199,151
14,200,135
14,201,165
14,202,135
14,203,158
14,204,122
14,205,172
14,206,128
14,207,171
14,208,127
14,209,174
14,210,722
14,211,198
14,212,123
14,213,218
14,214,142
14,215,213
14,216,115
14,217,182
14,218,134
14,219,197
14,220,136
14,221,535
14,222,128
14,223,199
14,224,127
14,225,312
14,226,127
14,227,219
14,228,122
14,229,211
14,230,137
14,231,198
14,232,131
14,233,211
14,234,135
14,235,1483
14,236,147
14,237,219
14,238,180
14,239,219
14,240,153
14,241,221
14,242,163
14,243,231
14,244,167
14,245,306
14,246,208
14,247,317
14,248,175
14,249,251
14,250,184
14,251,252
14,252,202
14,253,249
14,254,233
14,255,236
14,256,187
15,1,161
15,2,201
15,3,170
15,4,190
15,5,163
15,6,223
15,7,185
15,8,282
15,9,337
15,10,205
15,11,184
15,12,205
15,13,196
15,14,210
15,15,182
15,16,211
15,17,171
15,18,203
15,19,171
15,20,214
15,21,161
15,22,202
15,23,1017
15,24,204
15,25,175
15,26,204
15,27,187
15,28,397
15,29,179
15,30,227
15,31,179
15,32,214
15,33,169
15,34,225
15,35,207
15,36,199
15,37,188
15,38,256
15,39,174
15,40,223
15,41,176
15,42,212
15,43,176
15,44,198
15,45,176
15,46,174
15,47,138
15,48,161
15,49,157
15,50,158
15,51,233
15,52,171
15,53,157
15,54,156
15,55,137
15,56,156
15,57,135
15,58,153
15,59,206
15,60,155
15,61,155
15,62,158
15,63,130
15,64,176
15,65,135
15,66,148
15,67,146
15,68,167
15,69,127
15,70,155
15,71,223
15,72,237
15,73,192
15,74,155
15,75,144
15,76,163
15,77,187
15,78,155
15,79,145
15,80,157
15,81,146
15,82,141
15,83,150
15,84,138
15,85,133
15,86,156
15,87,154
15,88,169
15,89,141
15,90,149
15,91,146
15,92,174
15,93,149
15,94,140
15,95,152
15,96,137
15,97,169
15,98,138
15,99,149
15,100,156
15,101,144
15,102,137
15,103,170
15,104,151
15,105,144
15,106,130
15,107,141
15,108,143
15,109,140
15,110,134
15,111,144
15,112,141
15,113,135
15,114,176
15,115,155
15,116,134
15,117,132
15,118,138
15,119,145
15,120,138
15,121,130
15,122,141
15,123,123
15,124,163
15,125,125
15,126,145
15,127,131
15,128,150
15,129,111
15,130,113
15,131,110
15,132,110
15,133,114
15,134,94
15,135,131
15,136,79
15,137,110
15,138,106
15,139,124
15,140,98
15,141,111
15,142,88
15,143,729
15,144,229
15,145,137
15,146,97
15,147,117
15,148,134
15,149,118
15,150,114
15,151,119
15,152,111
15,153,129
15,154,107
15,155,143
15,156,120
15,157,136
15,158,126
15,159,137
15,160,147
15,161,134
15,162,122
15,163,148
15,164,123
15,165,129
15,166,126
15,167,129
15,168,125
15,169,135
15,170,145
15,171,147
15,172,127
15,173,139
15,174,137
15,175,136
15,176,127
15,177,146
15,178,134
15,179,883
15,180,129
15,181,154
15,182,129
15,183,167
15,184,142
15,185,166
15,186,120
15,187,145
15,188,137
15,189,162
15,190,121
15,191,163
15,192,127
15,193,158
15,194,118
15,195,163
15,196,126
15,197,168
15,198,160
15,199,152
15,200,135
15,201,165
15,202,135
15,203,159
15,204,124
15,205,171
15,206,128
15,207,172
15,208,128
15,209,174
15,210,722
15,211,198
15,212,124
15,213,221
15,214,143
15,215,214
15,216,115
15,217,182
15,218,134
15,219,197
15,220,137
15,221,542
15,222,128
15,223,200
15,224,129
15,225,311
15,226,128
15,227,219
15,228,122
15,229,212
15,230,138
15,231,197
15,232,130
15,233,211
15,234,136
15,235,1472
15,236,148
15,237,221
15,238,182
15,239,219
15,240,154
15,241,221
15,242,163
15,243,231
15,244,167
15,245,307
15,246,207
15,247,314
15,248,175
15,249,251
15,250,185
15,251,254
15,252,201
15,253,249
15,254,229
15,255,238
15,256,186
16,1,160
16,2,202
16,3,168
16,4,191
16,5,162
16,6,223
16,7,185
16,8,280
16,9,334
16,10,206
16,11,183
16,12,205
16,13,195
16,14,210
16,15,182
16,16,212
16,17,170
16,18,204
16,19,170
16,20,214
16,21,160
16,22,202
16,23,1017
16,24,205
16,25,173
16,26,205
16,27,187
16,28,398
16,29,178
16,30,226
16,31,179
16,32,215
16,33,168
16,34,226
16,35,207
16,36,201
16,37,188
16,38,257
16,39,173
16,40,222
16,41,178
16,42,213
16,43,174
16,44,198
16,45,177
16,46,173
16,47,138
16,48,162
16,49,156
16,50,159
16,51,232
16,52,170
16,53,155
16,54,156
16,55,136
16,56,156
16,57,134
16,58,151
16,59,203
16,60,155
16,61,153
16,62,159
16,63,129
16,64,178
16,65,134
16,66,148
16,67,146
16,68,168
16,69,125
16,70,155
16,71,223
16,72,240
16,73,190
16,74,156
16,75,144
16,76,164
16,77,188
16,78,156
16,79,144
16,80,155
16,81,147
16,82,140
16,83,149
16,84,140
16,85,133
16,86,151
16,87,154
16,88,168
16,89,140
16,90,149
16,91,145
16,92,173
16,93,150
16,94,139
16,95,152
16,96,137
16,97,173
16,98,138
16,99,148
16,100,156
16,101,143
16,102,138
16,103,169
16,104,150
16,105,142
16,106,131
16,107,141
16,108,143
16,109,138
16,110,134
16,111,143
16,112,141
16,113,135
16,114,178
16,115,154
16,116,134
16,117,131
16,118,138
16,119,145
16,120,138
16,121,130
16,122,140
16,123,123
16,124,163
16,125,124
16,126,144
16,127,130
16,128,149
16,129,112
16,130,113
16,131,109
16,132,110
16,133,114
16,134,94
16,135,128
16,136,79
16,137,109
16,138,106
16,139,123
16,140,97
16,141,111
16,142,89
16,143,730
16,144,230
16,145,136
16,146,96
16,147,117
16,148,135
16,149,118
16,150,113
16,151,118
16,152,110
16,153,129
16,154,107
16,155,143
16,156,119
16,157,137
16,158,127
16,159,137
16,160,146
16,161,134
16,162,146
16,163,149
16,164,123
16,165,129
16,166,127
16,167,129
16,168,125
16,169,133
16,170,145
16,171,148
16,172,128
16,173,140
16,174,138
16,175,136
16,176,127
16,177,145
16,178,135
16,179,882
16,180,132
16,181,154
16,182,130
16,183,168
16,184,142
16,185,166
16,186,120
16,187,145
16,188,138
16,189,161
16,190,121
16,191,164
16,192,126
16,193,156
16,194,118
16,195,162
16,196,126
16,197,166
16,198,161
16,199,151
16,200,135
16,201,165
16,202,135
16,203,158
16,204,122
16,205,171
16,206,129
16,207,172
16,208,128
16,209,174
16,210,722
16,211,198
16,212,124
16,213,220
16,214,142
16,215,214
16,216,115
16,217,183
16,218,133
16,219,196
16,220,137
16,221,560
16,222,128
16,223,199
16,224,127
16,225,319
16,226,128
16,227,219
16,228,121
16,229,213
16,230,139
16,231,212
16,232,131
16,233,211
16,234,135
16,235,1475
16,236,146
16,237,221
16,238,183
16,239,219
16,240,153
16,241,220
16,242,162
16,243,231
16,244,168
16,245,306
16,246,209
16,247,317
16,248,177
16,249,251
16,250,186
16,251,253
16,252,201
16,253,250
16,254,228
16,255,237
16,256,187
17,1,160
17,2,201
17,3,168
17,4,191
17,5,163
17,6,219
17,7,185
17,8,279
17,9,339
17,10,206
17,11,182
17,12,205
17,13,196
17,14,210
17,15,183
17,16,211
17,17,170
17,18,205
17,19,172
17,20,215
17,21,161
17,22,203
17,23,1013
17,24,204
17,25,175
17,26,205
17,27,188
17,28,397
17,29,180
17,30,225
17,31,179
17,32,214
17,33,170
17,34,226
17,35,206
17,36,200
17,37,187
17,38,257
17,39,173
17,40,221
17,41,178
17,42,213
17,43,175
17,44,198
17,45,174
17,46,174
17,47,137
17,48,161
17,49,156
17,50,158
17,51,233
17,52,169
17,53,157
17,54,156
17,55,137
17,56,156
17,57,133
17,58,153
17,59,205
17,60,156
17,61,154
17,62,158
17,63,129
17,64,178
17,65,135
17,66,147
17,67,146
17,68,168
17,69,126
17,70,154
17,71,223
17,72,238
17,73,191
17,74,155
17,75,144
17,76,164
17,77,187
17,78,155
17,79,144
17,80,156
17,81,146
17,82,140
17,83,150
17,84,138
17,85,134
17,86,150
17,87,154
17,88,167
17,89,141
17,90,149
17,91,145
17,92,173
17,93,149
17,94,140
17,95,152
17,96,136
17,97,172
17,98,137
17,99,149
17,100,156
17,101,144
17,102,137
17,103,168
17,104,150
17,105,142
17,106,130
17,107,140
17,108,142
17,109,138
17,110,134
17,111,143
17,112,141
17,113,135
17,114,177
17,115,154
17,116,134
17,117,131
17,118,138
17,119,144
17,120,136
17,121,129
17,122,141
17,123,123
17,124,162
17,125,125
17,126,145
17,127,131
17,128,149
17,129,112
17,130,113
17,131,109
17,132,109
17,133,113
17,134,94
17,135,128
17,136,78
17,137,109
17,138,105
17,139,123
17,140,98
17,141,110
17,142,88
17,143,729
17,144,229
17,145,136
17,146,96
17,147,117
17,148,134
17,149,118
17,150,113
17,151,118
17,152,110
17,153,130
17,154,105
17,155,142
17,156,118
17,157,136
17,158,126
17,159,138
17,160,147
17,161,134
17,162,122
17,163,148
17,164,123
17,165,128
17,166,126
17,167,130
17,168,125
17,169,134
17,170,145
17,171,147
17,172,128
17,173,140
17,174,138
17,175,136
17,176,126
17,177,146
17,178,134
17,179,883
17,180,127
17,181,154
17,182,128
17,183,167
17,184,141
17,185,166
17,186,120
17,187,145
17,188,137
17,189,162
17,190,121
17,191,163
17,192,127
17,193,156
17,194,118
17,195,163
17,196,125
17,197,168
17,198,152
17,199,151
17,200,135
17,201,165
17,202,135
17,203,157
17,204,122
17,205,171
17,206,129
17,207,171
17,208,129
17,209,175
17,210,723
17,211,197
17,212,123
17,213,222
17,214,142
17,215,215
17,216,115
17,217,183
17,218,133
17,219,196
17,220,137
17,221,551
17,222,128
17,223,200
17,224,127
17,225,320
17,226,127
17,227,219
17,228,123
17,229,211
17,230,138
17,231,197
17,232,130
17,233,211
17,234,135
17,235,1478
17,236,147
17,237,220
17,238,182
17,239,219
17,240,153
17,241,221
17,242,163
17,243,231
17,244,167
17,245,307
17,246,208
17,247,316
17,248,175
17,249,252
17,250,184
17,251,252
17,252,201
17,253,250
17,254,227
17,255,238
17,256,187
18,1,159
18,2,202
18,3,169
18,4,190
18,5,163
18,6,220
18,7,183
18,8,279
18,9,333
18,10,205
18,11,183
18,12,205
18,13,197
18,14,209
18,15,182
18,16,211
18,17,169
18,18,205
18,19,171
18,20,214
18,21,160
18,22,202
18,23,1027
18,24,203
18,25,173
18,26,204
18,27,192
18,28,397
18,29,179
18,30,226
18,31,179
18,32,213
18,33,170
18,34,226
18,35,205
18,36,199
18,37,188
18,38,257
18,39,174
18,40,222
18,41,177
18,42,213
18,43,174
18,44,198
18,45,175
18,46,174
18,47,137
18,48,161
18,49,157
18,50,159
18,51,234
18,52,170
18,53,157
18,54,156
18,55,137
18,56,156
18,57,135
18,58,152
18,59,204
18,60,155
18,61,154
18,62,158
18,63,129
18,64,178
18,65,133
18,66,147
18,67,146
18,68,168
18,69,125
18,70,154
18,71,223
18,72,237
18,73,193
18,74,155
18,75,143
18,76,163
18,77,187
18,78,155
18,79,143
18,80,155
18,81,144
18,82,139
18,83,148
18,84,138
18,85,133
18,86,149
18,87,153
18,88,167
18,89,141
18,90,149
18,91,146
18,92,172
18,93,149
18,94,140
18,95,151
18,96,137
18,97,173
18,98,139
18,99,149
18,100,156
18,101,143
18,102,137
18,103,169
18,104,150
18,105,142
18,106,130
18,107,141
18,108,141
18,109,139
18,110,134
18,111,143
18,112,140
18,113,135
18,114,177
18,115,154
18,116,133
18,117,132
18,118,138
18,119,145
18,120,137
18,121,130
18,122,139
18,123,124
18,124,162
18,125,125
18,126,145
18,127,130
18,128,148
18,129,113
18,130,115
18,131,108
18,132,109
18,133,114
18,134,94
18,135,129
18,136,78
18,137,110
18,138,106
18,139,123
18,140,98
18,141,109
18,142,88
18,143,729
18,144,228
18,145,136
18,146,96
18,147,117
18,148,135
18,149,117
18,150,113
18,151,117
18,152,109
18,153,129
18,154,105
18,155,143
18,156,119
18,157,136
18,158,126
18,159,136
18,160,146
18,161,133
18,162,122
18,163,146
18,164,123
18,165,128
18,166,125
18,167,129
18,168,125
18,169,133
18,170,145
18,171,146
18,172,128
18,173,139
18,174,137
18,175,137
18,176,127
18,177,146
18,178,134
18,179,887
18,180,128
18,181,152
18,182,128
18,183,167
18,184,142
18,185,165
18,186,119
18,187,145
18,188,137
18,189,161
18,190,120
18,191,163
18,192,126
18,193,157
18,194,118
18,195,162
18,196,124
18,197,167
18,198,156
18,199,152
18,200,135
18,201,164
18,202,134
18,203,159
18,204,123
18,205,170
18,206,128
18,207,171
18,208,128
18,209,174
18,210,721
18,211,197
18,212,123
18,213,223
18,214,142
18,215,215
18,216,115
18,217,182
18,218,132
18,219,197
18,220,136
18,221,563
18,222,127
18,223,200
18,224,128
18,225,316
18,226,127
18,227,220
18,228,121
18,229,210
18,230,137
18,231,197
18,232,129
18,233,211
18,234,134
18,235,1473
18,236,146
18,237,219
18,238,181
18,239,218
18,240,152
18,241,221
18,242,162
18,243,231
18,244,167
18,245,307
18,246,209
18,247,316
18,248,174
18,249,251
18,250,185
18,251,253
18,252,203
18,253,249
18,254,232
18,255,235
18,256,186
19,1,161
19,2,201
19,3,169
19,4,192
19,5,164
19,6,220
19,7,185
19,8,281
19,9,334
19,10,205
19,11,183
19,12,206
19,13,196
19,14,210
19,15,181
19,16,211
19,17,171
19,18,205
19,19,171
19,20,215
19,21,161
19,22,203
19,23,1010
19,24,204
19,25,173
19,26,205
19,27,187
19,28,397
19,29,179
19,30,226
19,31,179
19,32,214
19,33,170
19,34,227
19,35,206
19,36,200
19,37,189
19,38,257
19,39,174
19,40,223
19,41,178
19,42,212
19,43,175
19,44,198
19,45,177
19,46,175
19,47,138
19,48,162
19,49,157
19,50,159
19,51,234
19,52,170
19,53,157
19,54,156
19,55,138
19,56,157
19,57,135
19,58,153
19,59,205
19,60,157
19,61,153
19,62,159
19,63,129
19,64,178
19,65,135
19,66,147
19,67,145
19,68,169
19,69,128
19,70,154
19,71,222
19,72,239
19,73,190
19,74,155
19,75,143
19,76,164
19,77,188
19,78,155
19,79,145
19,80,156
19,81,147
19,82,141
19,83,149
19,84,138
19,85,134
19,86,150
19,87,154
19,88,168
19,89,141
19,90,149
19,91,147
19,92,173
19,93,149
19,94,141
19,95,152
19,96,138
19,97,174
19,98,139
19,99,149
19,100,157
19,101,144
19,102,138
19,103,170
19,104,150
19,105,143
19,106,131
19,107,142
19,108,142
19,109,139
19,110,135
19,111,145
19,112,141
19,113,135
19,114,177
19,115,154
19,116,134
19,117,134
19,118,138
19,119,146
19,120,138
19,121,132
19,122,141
19,123,124
19,124,162
19,125,125
19,126,146
19,127,132
19,128,149
19,129,113
19,130,115
19,131,111
19,132,110
19,133,114
19,134,94
19,135,129
19,136,79
19,137,110
19,138,106
19,139,124
19,140,98
19,141,110
19,142,89
19,143,728
19,144,229
19,145,137
19,146,97
19,147,117
19,148,135
19,149,118
19,150,113
19,151,119
19,152,110
19,153,129
19,154,107
19,155,144
19,156,119
19,157,136
19,158,126
19,159,138
19,160,146
19,161,134
19,162,122
19,163,147
19,164,123
19,165,129
19,166,126
19,167,129
19,168,125
19,169,134
19,170,145
19,171,148
19,172,128
19,173,141
19,174,138
19,175,137
19,176,127
19,177,145
19,178,134
19,179,885
19,180,129
19,181,154
19,182,130
19,183,167
19,184,143
19,185,167
19,186,120
19,187,145
19,188,137
19,189,162
19,190,121
19,191,163
19,192,127
19,193,156
19,194,118
19,195,163
19,196,126
19,197,168
19,198,157
19,199,151
19,200,135
19,201,165
19,202,135
19,203,159
19,204,123
19,205,172
19,206,129
19,207,171
19,208,128
19,209,174
19,210,721
19,211,197
19,212,125
19,213,222
19,214,142
19,215,214
19,216,115
19,217,182
19,218,134
19,219,197
19,220,137
19,221,551
19,222,128
19,223,201
19,224,129
19,225,317
19,226,128
19,227,219
19,228,122
19,229,211
19,230,138
19,231,198
19,232,131
19,233,210
19,234,135
19,235,1475
19,236,147
19,237,221
19,238,182
19,239,218
19,240,154
19,241,222
19,242,163
19,243,232
19,244,167
19,245,306
19,246,206
19,247,317
19,248,175
19,249,251
19,250,186
19,251,253
19,252,203
19,253,249
19,254,234
19,255,239
19,256,186
20,1,160
20,2,202
20,3,170
20,4,191
20,5,163
20,6,224
20,7,185
20,8,281
20,9,340
20,10,205
20,11,184
20,12,206
20,13,195
20,14,210
20,15,182
20,16,211
20,17,171
20,18,205
20,19,172
20,20,214
20,21,162
20,22,202
20,23,1012
20,24,204
20,25,175
20,26,205
20,27,188
20,28,397
20,29,179
20,30,226
20,31,180
20,32,214
20,33,170
20,34,226
20,35,205
20,36,200
20,37,188
20,38,256
20,39,174
20,40,223
20,41,177
20,42,213
20,43,175
20,44,199
20,45,176
20,46,174
20,47,138
20,48,163
20,49,157
20,50,159
20,51,234
20,52,170
20,53,158
20,54,156
20,55,137
20,56,156
20,57,134
20,58,154
20,59,205
20,60,157
20,61,153
20,62,159
20,63,130
20,64,178
20,65,135
20,66,148
20,67,145
20,68,168
20,69,126
20,70,154
20,71,223
20,72,239
20,73,193
20,74,156
20,75,145
20,76,163
20,77,188
20,78,156
20,79,145
20,80,157
20,81,147
20,82,141
20,83,150
20,84,139
20,85,134
20,86,150
20,87,154
20,88,168
20,89,141
20,90,149
20,91,147
20,92,173
20,93,151
20,94,139
20,95,152
20,96,137
20,97,170
20,98,138
20,99,150
20,100,157
20,101,144
20,102,138
20,103,170
20,104,151
20,105,143
20,106,130
20,107,142
20,108,142
20,109,138
20,110,134
20,111,143
20,112,141
20,113,136
20,114,178
20,115,154
20,116,134
20,117,131
20,118,138
20,119,145
20,120,138
20,121,130
20,122,141
20,123,124
20,124,164
20,125,126
20,126,146
20,127,131
20,128,149
20,129,113
20,130,114
20,131,110
20,132,109
20,133,114
20,134,94
20,135,130
20,136,78
20,137,110
20,138,106
20,139,123
20,140,98
20,141,111
20,142,89
20,143,728
20,144,228
20,145,137
20,146,97
20,147,117
20,148,135
20,149,117
20,150,113
20,151,119
20,152,110
20,153,129
20,154,106
20,155,143
20,156,119
20,157,137
20,158,127
20,159,138
20,160,146
20,161,135
20,162,123
20,163,148
20,164,124
20,165,129
20,166,126
20,167,130
20,168,125
20,169,134
20,170,144
20,171,148
20,172,129
20,173,141
20,174,138
20,175,137
20,176,128
20,177,145
20,178,134
20,179,883
20,180,129
20,181,154
20,182,128
20,183,166
20,184,142
20,185,165
20,186,120
20,187,145
20,188,137
20,189,162
20,190,121
20,191,164
20,192,127
20,193,157
20,194,119
20,195,163
20,196,126
20,197,167
20,198,151
20,199,152
20,200,136
20,201,166
20,202,136
20,203,159
20,204,124
20,205,172
20,206,129
20,207,172
20,208,127
20,209,175
20,210,723
20,211,198
20,212,124
20,213,221
20,214,142
20,215,211
20,216,115
20,217,183
20,218,133
20,219,198
20,220,138
20,221,551
20,222,128
20,223,199
20,224,128
20,225,314
20,226,128
20,227,219
20,228,122
20,229,212
20,230,138
20,231,198
20,232,131
20,233,211
20,234,136
20,235,1479
20,236,147
20,237,220
20,238,183
20,239,218
20,240,153
20,241,223
20,242,164
20,243,231
20,244,168
20,245,307
20,246,205
20,247,319
20,248,175
20,249,252
20,250,184
20,251,253
20,252,202
20,253,249
20,254,231
20,255,238
20,256,187
21,1,162
21,2,202
21,3,170
21,4,191
21,5,163
21,6,225
21,7,186
21,8,284
21,9,339
21,10,205
21,11,183
21,12,205
21,13,196
21,14,210
21,15,183
21,16,211
21,17,171
21,18,205
21,19,173
21,20,215
21,21,161
21,22,203
21,23,1011
21,24,203
21,25,175
21,26,205
21,27,190
21,28,397
21,29,179
21,30,227
21,31,180
21,32,215
21,33,170
21,34,227
21,35,206
21,36,200
21,37,188
21,38,256
21,39,174
21,40,223
21,41,177
21,42,212
21,43,175
21,44,198
21,45,176
21,46,176
21,47,138
21,48,162
21,49,157
21,50,159
21,51,234
21,52,170
21,53,158
21,54,157
21,55,138
21,56,156
21,57,134
21,58,152
21,59,205
21,60,157
21,61,154
21,62,159
21,63,129
21,64,177
21,65,134
21,66,148
21,67,146
21,68,167
21,69,126
21,70,155
21,71,223
21,72,239
21,73,190
21,74,155
21,75,146
21,76,163
21,77,189
21,78,156
21,79,144
21,80,156
21,81,145
21,82,141
21,83,149
21,84,139
21,85,134
21,86,150
21,87,154
21,88,168
21,89,141
21,90,149
21,91,146
21,92,174
21,93,150
21,94,140
21,95,152
21,96,137
21,97,174
21,98,139
21,99,150
21,100,157
21,101,145
21,102,139
21,103,170
21,104,150
21,105,141
21,106,129
21,107,141
21,108,142
21,109,140
21,110,135
21,111,144
21,112,141
21,113,135
21,114,177
21,115,155
21,116,135
21,117,132
21,118,139
21,119,144
21,120,137
21,121,131
21,122,141
21,123,125
21,124,164
21,125,125
21,126,145
21,127,131
21,128,150
21,129,112
21,130,116
21,131,110
21,132,110
21,133,114
21,134,94
21,135,129
21,136,79
21,137,109
21,138,106
21,139,124
21,140,99
21,141,110
21,142,88
21,143,728
21,144,229
21,145,137
21,146,97
21,147,117
21,148,135
21,149,119
21,150,113
21,151,118
21,152,110
21,153,130
21,154,106
21,155,143
21,156,119
21,157,137
21,158,128
21,159,138
21,160,145
21,161,134
21,162,124
21,163,148
21,164,123
21,165,129
21,166,126
21,167,130
21,168,126
21,169,135
21,170,145
21,171,148
21,172,128
21,173,142
21,174,138
21,175,136
21,176,127
21,177,145
21,178,133
21,179,882
21,180,129
21,181,154
21,182,129
21,183,166
21,184,141
21,185,165
21,186,121
21,187,145
21,188,137
21,189,162
21,190,122
21,191,165
21,192,127
21,193,157
21,194,119
21,195,162
21,196,126
21,197,168
21,198,150
21,199,151
21,200,136
21,201,165
21,202,135
21,203,158
21,204,122
21,205,171
21,206,129
21,207,171
21,208,129
21,209,175
21,210,722
21,211,197
21,212,124
21,213,222
21,214,142
21,215,214
21,216,116
21,217,183
21,218,134
21,219,195
21,220,138
21,221,554
21,222,128
21,223,200
21,224,129
21,225,314
21,226,128
21,227,220
21,228,122
21,229,212
21,230,138
21,231,197
21,232,131
21,233,211
21,234,135
21,235,1482
21,236,147
21,237,222
21,238,182
21,239,219
21,240,153
21,241,220
21,242,162
21,243,231
21,244,168
21,245,306
21,246,203
21,247,316
21,248,177
21,249,251
21,250,186
21,251,253
21,252,203
21,253,248
21,254,234
21,255,237
21,256,185
22,1,160
22,2,202
22,3,171
22,4,191
22,5,164
22,6,223
22,7,184
22,8,283
22,9,334
22,10,206
22,11,183
22,12,205
22,13,198
22,14,210
22,15,182
22,16,210
22,17,169
22,18,205
22,19,171
22,20,215
22,21,161
22,22,203
22,23,1060
22,24,204
22,25,174
22,26,203
22,27,187
22,28,398
22,29,179
22,30,226
22,31,179
22,32,215
22,33,170
22,34,228
22,35,205
22,36,200
22,37,187
22,38,254
22,39,174
22,40,223
22,41,177
22,42,213
22,43,175
22,44,200
22,45,176
22,46,175
22,47,137
22,48,161
22,49,157
22,50,157
22,51,231
22,52,170
22,53,157
22,54,157
22,55,136
22,56,156
22,57,135
22,58,152
22,59,204
22,60,156
22,61,153
22,62,159
22,63,130
22,64,178
22,65,134
22,66,148
22,67,146
22,68,168
22,69,127
22,70,155
22,71,224
22,72,241
22,73,192
22,74,155
22,75,144
22,76,163
22,77,189
22,78,156
22,79,144
22,80,157
22,81,146
22,82,141
22,83,149
22,84,138
22,85,133
22,86,151
22,87,154
22,88,169
22,89,141
22,90,149
22,91,146
22,92,174
22,93,151
22,94,139
22,95,151
22,96,137
22,97,171
22,98,139
22,99,149
22,100,157
22,101,143
22,102,137
22,103,168
22,104,150
22,105,143
22,106,130
22,107,141
22,108,143
22,109,140
22,110,135
22,111,143
22,112,141
22,113,134
22,114,178
22,115,154
22,116,134
22,117,132
22,118,138
22,119,146
22,120,138
22,121,131
22,122,141
22,123,123
22,124,161
22,125,125
22,126,145
22,127,132
22,128,149
22,129,112
22,130,116
22,131,109
22,132,109
22,133,114
22,134,94
22,135,128
22,136,79
22,137,110
22,138,107
22,139,124
22,140,97
22,141,110
22,142,89
22,143,728
22,144,227
22,145,136
22,146,98
22,147,116
22,148,135
22,149,117
22,150,113
22,151,118
22,152,110
22,153,129
22,154,106
22,155,143
22,156,119
22,157,136
22,158,127
22,159,137
22,160,148
22,161,134
22,162,123
22,163,147
22,164,123
22,165,129
22,166,127
22,167,130
22,168,126
22,169,134
22,170,145
22,171,148
22,172,129
22,173,141
22,174,139
22,175,136
22,176,127
22,177,145
22,178,134
22,179,884
22,180,128
22,181,153
22,182,129
22,183,166
22,184,142
22,185,166
22,186,120
22,187,145
22,188,138
22,189,160
22,190,120
22,191,163
22,192,126
22,193,157
22,194,119
22,195,161
22,196,125
22,197,166
22,198,155
22,199,152
22,200,136
22,201,165
22,202,135
22,203,159
22,204,122
22,205,171
22,206,129
22,207,171
22,208,129
22,209,174
22,210,722
22,211,197
22,212,125
22,213,219
22,214,141
22,215,214
22,216,116
22,217,183
22,218,133
22,219,195
22,220,137
22,221,539
22,222,129
22,223,200
22,224,127
22,225,320
22,226,127
22,227,220
22,228,121
22,229,211
22,230,139
22,231,197
22,232,131
22,233,211
22,234,135
22,235,1485
22,236,148
22,237,220
22,238,182
22,239,219
22,240,153
22,241,221
22,242,163
22,243,230
22,244,168
22,245,306
22,246,206
22,247,318
22,248,177
22,249,252
22,250,186
22,251,252
22,252,202
22,253,248
22,254,234
22,255,237
22,256,185
23,1,158
23,2,202
23,3,170
23,4,191
23,5,162
23,6,222
23,7,186
23,8,282
23,9,340
23,10,205
23,11,183
23,12,205
23,13,196
23,14,210
23,15,181
23,16,212
23,17,168
23,18,204
23,19,171
23,20,215
23,21,159
23,22,203
23,23,1059
23,24,205
23,25,174
23,26,204
23,27,186
23,28,398
23,29,179
23,30,227
23,31,177
23,32,215
23,33,170
23,34,228
23,35,206
23,36,199
23,37,187
23,38,258
23,39,174
23,40,224
23,41,175
23,42,213
23,43,174
23,44,199
23,45,176
23,46,175
23,47,138
23,48,162
23,49,158
23,50,159
23,51,232
23,52,170
23,53,157
23,54,156
23,55,137
23,56,156
23,57,134
23,58,152
23,59,204
23,60,156
23,61,153
23,62,159
23,63,129
23,64,177
23,65,134
23,66,148
23,67,146
23,68,169
23,69,125
23,70,155
23,71,222
23,72,242
23,73,190
23,74,155
23,75,144
23,76,164
23,77,187
23,78,156
23,79,143
23,80,157
23,81,146
23,82,141
23,83,149
23,84,138
23,85,133
23,86,151
23,87,153
23,88,169
23,89,141
23,90,150
23,91,145
23,92,173
23,93,150
23,94,140
23,95,151
23,96,137
23,97,167
23,98,137
23,99,149
23,100,157
23,101,142
23,102,138
23,103,169
23,104,150
23,105,142
23,106,131
23,107,141
23,108,144
23,109,138
23,110,135
23,111,143
23,112,141
23,113,134
23,114,178
23,115,154
23,116,135
23,117,131
23,118,138
23,119,144
23,120,138
23,121,130
23,122,141
23,123,123
23,124,163
23,125,125
23,126,146
23,127,130
23,128,150
23,129,112
23,130,116
23,131,109
23,132,109
23,133,113
23,134,94
23,135,128
23,136,79
23,137,109
23,138,107
23,139,122
23,140,98
23,141,109
23,142,89
23,143,729
23,144,229
23,145,136
23,146,97
23,147,116
23,148,133
23,149,117
23,150,113
23,151,117
23,152,111
23,153,128
23,154,106
23,155,142
23,156,119
23,157,136
23,158,127
23,159,136
23,160,147
23,161,133
23,162,123
23,163,148
23,164,124
23,165,128
23,166,126
23,167,129
23,168,125
23,169,133
23,170,145
23,171,146
23,172,128
23,173,139
23,174,138
23,175,136
23,176,127
23,177,145
23,178,134
23,179,884
23,180,129
23,181,154
23,182,130
23,183,165
23,184,142
23,185,165
23,186,120
23,187,144
23,188,138
23,189,161
23,190,121
23,191,163
23,192,127
23,193,156
23,194,119
23,195,161
23,196,126
23,197,167
23,198,159
23,199,151
23,200,137
23,201,164
23,202,135
23,203,158
23,204,122
23,205,171
23,206,129
23,207,170
23,208,128
23,209,173
23,210,723
23,211,196
23,212,124
23,213,221
23,214,141
23,215,214
23,216,116
23,217,182
23,218,134
23,219,195
23,220,138
23,221,557
23,222,129
23,223,199
23,224,128
23,225,314
23,226,128
23,227,219
23,228,122
23,229,212
23,230,137
23,231,198
23,232,131
23,233,212
23,234,135
23,235,1474
23,236,148
23,237,221
23,238,184
23,239,217
23,240,152
23,241,221
23,242,164
23,243,230
23,244,167
23,245,304
23,246,204
23,247,312
23,248,176
23,249,250
23,250,186
23,251,252
23,252,202
23,253,248
23,254,234
23,255,237
23,256,187
24,1,159
24,2,200
24,3,169
24,4,190
24,5,163
24,6,222
24,7,185
24,8,281
24,9,344
24,10,205
24,11,185
24,12,205
24,13,196
24,14,209
24,15,182
24,16,211
24,17,171
24,18,203
24,19,172
24,20,214
24,21,160
24,22,202
24,23,1060
24,24,204
24,25,174
24,26,204
24,27,187
24,28,398
24,29,178
24,30,226
24,31,179
24,32,213
24,33,169
24,34,227
24,35,206
24,36,200
24,37,187
24,38,256
24,39,174
24,40,222
24,41,177
24,42,213
24,43,174
24,44,198
24,45,175
24,46,174
24,47,137
24,48,161
24,49,157
24,50,159
24,51,233
24,52,169
24,53,157
24,54,156
24,55,138
24,56,156
24,57,135
24,58,152
24,59,204
24,60,156
24,61,153
24,62,158
24,63,129
24,64,177
24,65,135
24,66,147
24,67,146
24,68,166
24,69,126
24,70,154
24,71,224
24,72,243
24,73,193
24,74,155
24,75,144
24,76,164
24,77,188
24,78,155
24,79,144
24,80,155
24,81,147
24,82,141
24,83,149
24,84,138
24,85,134
24,86,150
24,87,153
24,88,167
24,89,140
24,90,148
24,91,147
24,92,173
24,93,150
24,94,140
24,95,153
24,96,137
24,97,170
24,98,137
24,99,149
24,100,156
24,101,143
24,102,136
24,103,170
24,104,149
24,105,143
24,106,130
24,107,142
24,108,142
24,109,139
24,110,134
24,111,143
24,112,141
24,113,135
24,114,179
24,115,153
24,116,133
24,117,133
24,118,138
24,119,145
24,120,136
24,121,130
24,122,140
24,123,124
24,124,163
24,125,125
24,126,146
24,127,131
24,128,149
24,129,112
24,130,116
24,131,110
24,132,110
24,133,114
24,134,93
24,135,129
24,136,79
24,137,109
24,138,105
24,139,123
24,140,98
24,141,111
24,142,89
24,143,730
24,144,227
24,145,137
24,146,95
24,147,117
24,148,133
24,149,117
24,150,113
24,151,118
24,152,110
24,153,130
24,154,106
24,155,143
24,156,118
24,157,137
24,158,125
24,159,137
24,160,147
24,161,134
24,162,122
24,163,147
24,164,123
24,165,128
24,166,125
24,167,130
24,168,123
24,169,133
24,170,145
24,171,150
24,172,128
24,173,141
24,174,138
24,175,137
24,176,127
24,177,145
24,178,134
24,179,882
24,180,129
24,181,154
24,182,129
24,183,166
24,184,142
24,185,165
24,186,120
24,187,145
24,188,137
24,189,161
24,190,121
24,191,165
24,192,127
24,193,157
24,194,118
24,195,162
24,196,124
24,197,168
24,198,149
24,199,152
24,200,135
24,201,165
24,202,135
24,203,160
24,204,121
24,205,171
24,206,127
24,207,172
24,208,128
24,209,174
24,210,719
24,211,198
24,212,123
24,213,221
24,214,143
24,215,215
24,216,115
24,217,184
24,218,133
24,219,196
24,220,137
24,221,544
24,222,128
24,223,198
24,224,128
24,225,317
24,226,127
24,227,219
24,228,122
24,229,211
24,230,138
24,231,197
24,232,130
24,233,211
24,234,135
24,235,1481
24,236,147
24,237,221
24,238,182
24,239,218
24,240,154
24,241,221
24,242,162
24,243,231
24,244,167
24,245,305
24,246,203
24,247,314
24,248,176
24,249,251
24,250,184
24,251,253
24,252,201
24,253,249
24,254,233
24,255,237
24,256,185
25,1,160
25,2,202
25,3,171
25,4,190
25,5,162
25,6,223
25,7,185
25,8,282
25,9,339
25,10,204
25,11,184
25,12,204
25,13,196
25,14,208
25,15,182
25,16,210
25,17,170
25,18,203
25,19,171
25,20,214
25,21,161
25,22,201
25,23,1011
25,24,205
25,25,175
25,26,205
25,27,188
25,28,397
25,29,180
25,30,225
25,31,179
25,32,215
25,33,170
25,34,225
25,35,205
25,36,201
25,37,188
25,38,257
25,39,174
25,40,222
25,41,178
25,42,212
25,43,175
25,44,198
25,45,176
25,46,173
25,47,138
25,48,161
25,49,156
25,50,159
25,51,235
25,52,171
25,53,157
25,54,155
25,55,137
25,56,156
25,57,134
25,58,152
25,59,204
25,60,156
25,61,153
25,62,158
25,63,130
25,64,175
25,65,135
25,66,148
25,67,145
25,68,167
25,69,125
25,70,154
25,71,224
25,72,240
25,73,192
25,74,154
25,75,144
25,76,164
25,77,188
25,78,154
25,79,144
25,80,156
25,81,146
25,82,139
25,83,151
25,84,138
25,85,134
25,86,150
25,87,154
25,88,167
25,89,140
25,90,148
25,91,146
25,92,172
25,93,150
25,94,139
25,95,152
25,96,136
25,97,174
25,98,139
25,99,148
25,100,156
25,101,143
25,102,137
25,103,171
25,104,148
25,105,142
25,106,130
25,107,141
25,108,141
25,109,139
25,110,134
25,111,143
25,112,141
25,113,135
25,114,176
25,115,155
25,116,133
25,117,132
25,118,137
25,119,145
25,120,137
25,121,130
25,122,139
25,123,124
25,124,162
25,125,124
25,126,144
25,127,131
25,128,149
25,129,112
25,130,115
25,131,110
25,132,110
25,133,114
25,134,94
25,135,128
25,136,78
25,137,110
25,138,105
25,139,124
25,140,98
25,141,111
25,142,89
25,143,729
25,144,229
25,145,137
25,146,95
25,147,117
25,148,133
25,149,117
25,150,111
25,151,117
25,152,110
25,153,128
25,154,106
25,155,143
25,156,119
25,157,136
25,158,126
25,159,138
25,160,146
25,161,134
25,162,122
25,163,150
25,164,122
25,165,129
25,166,125
25,167,130
25,168,125
25,169,134
25,170,145
25,171,147
25,172,128
25,173,139
25,174,137
25,175,136
25,176,127
25,177,145
25,178,133
25,179,885
25,180,129
25,181,152
25,182,128
25,183,166
25,184,142
25,185,165
25,186,119
25,187,145
25,188,136
25,189,161
25,190,120
25,191,163
25,192,127
25,193,156
25,194,118
25,195,163
25,196,125
25,197,167
25,198,158
25,199,152
25,200,135
25,201,165
25,202,136
25,203,158
25,204,122
25,205,171
25,206,128
25,207,173
25,208,127
25,209,175
25,210,722
25,211,199
25,212,123
25,213,221
25,214,141
25,215,215
25,216,115
25,217,185
25,218,137
25,219,197
25,220,137
25,221,554
25,222,127
25,223,199
25,224,128
25,225,317
25,226,126
25,227,219
25,228,122
25,229,212
25,230,138
25,231,198
25,232,130
25,233,212
25,234,134
25,235,1475
25,236,146
25,237,222
25,238,184
25,239,219
25,240,153
25,241,221
25,242,161
25,243,231
25,244,167
25,245,305
25,246,201
25,247,318
25,248,175
25,249,253
25,250,185
25,251,253
25,252,200
25,253,249
25,254,229
25,255,238
25,256,186
26,1,160
26,2,202
26,3,170
26,4,191
26,5,163
26,6,221
26,7,183
26,8,283
26,9,342
26,10,206
26,11,183
26,12,205
26,13,195
26,14,211
26,15,182
26,16,212
26,17,170
26,18,205
26,19,171
26,20,213
26,21,161
26,22,203
26,23,1011
26,24,204
26,25,174
26,26,204
26,27,188
26,28,397
26,29,179
26,30,226
26,31,178
26,32,214
26,33,170
26,34,227
26,35,207
26,36,200
26,37,187
26,38,256
26,39,173
26,40,223
26,41,176
26,42,212
26,43,175
26,44,198
26,45,176
26,46,174
26,47,138
26,48,162
26,49,155
26,50,159
26,51,233
26,52,169
26,53,157
26,54,157
26,55,136
26,56,156
26,57,135
26,58,152
26,59,205
26,60,157
26,61,153
26,62,158
26,63,130
26,64,178
26,65,134
26,66,147
26,67,145
26,68,168
26,69,126
26,70,154
26,71,224
26,72,244
26,73,190
26,74,156
26,75,143
26,76,163
26,77,187
26,78,154
26,79,143
26,80,155
26,81,146
26,82,140
26,83,149
26,84,137
26,85,133
26,86,150
26,87,153
26,88,169
26,89,141
26,90,149
26,91,145
26,92,172
26,93,150
26,94,140
26,95,151
26,96,137
26,97,167
26,98,137
26,99,149
26,100,157
26,101,143
26,102,137
26,103,171
26,104,150
26,105,144
26,106,130
26,107,141
26,108,143
26,109,138
26,110,134
26,111,143
26,112,141
26,113,135
26,114,178
26,115,154
26,116,134
26,117,131
26,118,138
26,119,144
26,120,138
26,121,130
26,122,140
26,123,123
26,124,163
26,125,124
26,126,145
26,127,131
26,128,149
26,129,111
26,130,117
26,131,109
26,132,109
26,133,113
26,134,94
26,135,128
26,136,78
26,137,110
26,138,106
26,139,123
26,140,98
26,141,110
26,142,88
26,143,726
26,144,228
26,145,137
26,146,97
26,147,117
26,148,134
26,149,117
26,150,112
26,151,118
26,152,110
26,153,128
26,154,106
26,155,142
26,156,120
26,157,136
26,158,127
26,159,136
26,160,147
26,161,133
26,162,123
26,163,148
26,164,124
26,165,128
26,166,125
26,167,130
26,168,125
26,169,135
26,170,145
26,171,147
26,172,127
26,173,140
26,174,138
26,175,137
26,176,127
26,177,145
26,178,135
26,179,884
26,180,129
26,181,152
26,182,129
26,183,165
26,184,142
26,185,166
26,186,119
26,187,143
26,188,138
26,189,160
26,190,122
26,191,163
26,192,127
26,193,156
26,194,119
26,195,162
26,196,126
26,197,167
26,198,160
26,199,151
26,200,135
26,201,164
26,202,135
26,203,158
26,204,122
26,205,171
26,206,129
26,207,171
26,208,129
26,209,174
26,210,723
26,211,196
26,212,124
26,213,220
26,214,142
26,215,213
26,216,116
26,217,182
26,218,133
26,219,194
26,220,138
26,221,539
26,222,128
26,223,199
26,224,128
26,225,316
26,226,127
26,227,219
26,228,122
26,229,211
26,230,138
26,231,197
26,232,131
26,233,212
26,234,135
26,235,1479
26,236,148
26,237,220
26,238,184
26,239,219
26,240,153
26,241,220
26,242,162
26,243,231
26,244,169
26,245,305
26,246,207
26,247,316
26,248,176
26,249,251
26,250,184
26,251,252
26,252,202
26,253,249
26,254,229
26,255,237
26,256,185
27,1,161
27,2,201
27,3,170
27,4,191
27,5,163
27,6,222
27,7,185
27,8,281
27,9,338
27,10,206
27,11,183
27,12,206
27,13,195
27,14,211
27,15,182
27,16,212
27,17,170
27,18,205
27,19,172
27,20,215
27,21,161
27,22,203
27,23,1013
27,24,205
27,25,173
27,26,205
27,27,186
27,28,398
27,29,180
27,30,227
27,31,179
27,32,215
27,33,170
27,34,226
27,35,204
27,36,201
27,37,187
27,38,257
27,39,174
27,40,223
27,41,177
27,42,213
27,43,175
27,44,199
27,45,176
27,46,175
27,47,138
27,48,162
27,49,157
27,50,159
27,51,233
27,52,168
27,53,158
27,54,156
27,55,137
27,56,156
27,57,133
27,58,153
27,59,206
27,60,157
27,61,153
27,62,159
27,63,129
27,64,178
27,65,134
27,66,148
27,67,146
27,68,168
27,69,126
27,70,154
27,71,223
27,72,244
27,73,192
27,74,155
27,75,143
27,76,164
27,77,188
27,78,156
27,79,144
27,80,157
27,81,147
27,82,140
27,83,150
27,84,138
27,85,133
27,86,150
27,87,154
27,88,168
27,89,141
27,90,149
27,91,146
27,92,172
27,93,149
27,94,141
27,95,151
27,96,138
27,97,167
27,98,138
27,99,149
27,100,157
27,101,143
27,102,137
27,103,169
27,104,150
27,105,143
27,106,131
27,107,141
27,108,142
27,109,140
27,110,135
27,111,144
27,112,141
27,113,136
27,114,178
27,115,156
27,116,134
27,117,133
27,118,139
27,119,146
27,120,138
27,121,130
27,122,140
27,123,123
27,124,163
27,125,125
27,126,145
27,127,132
27,128,150
27,129,112
27,130,118
27,131,109
27,132,109
27,133,114
27,134,94
27,135,127
27,136,79
27,137,110
27,138,106
27,139,123
27,140,99
27,141,110
27,142,89
27,143,731
27,144,229
27,145,136
27,146,96
27,147,117
27,148,133
27,149,118
27,150,112
27,151,118
27,152,111
27,153,128
27,154,106
27,155,143
27,156,119
27,157,136
27,158,127
27,159,137
27,160,148
27,161,134
27,162,122
27,163,148
27,164,124
27,165,129
27,166,127
27,167,129
27,168,126
27,169,134
27,170,146
27,171,147
27,172,128
27,173,140
27,174,138
27,175,137
27,176,128
27,177,145
27,178,134
27,179,884
27,180,129
27,181,153
27,182,129
27,183,166
27,184,142
27,185,166
27,186,120
27,187,145
27,188,137
27,189,160
27,190,121
27,191,163
27,192,128
27,193,157
27,194,119
27,195,164
27,196,126
27,197,167
27,198,161
27,199,152
27,200,136
27,201,166
27,202,135
27,203,159
27,204,123
27,205,171
27,206,129
27,207,171
27,208,128
27,209,174
27,210,730
27,211,197
27,212,124
27,213,221
27,214,142
27,215,215
27,216,116
27,217,183
27,218,133
27,219,196
27,220,138
27,221,548
27,222,128
27,223,200
27,224,130
27,225,314
27,226,128
27,227,219
27,228,122
27,229,211
27,230,138
27,231,198
27,232,131
27,233,212
27,234,137
27,235,1478
27,236,148
27,237,220
27,238,182
27,239,218
27,240,154
27,241,220
27,242,164
27,243,230
27,244,168
27,245,305
27,246,203
27,247,320
27,248,175
27,249,253
27,250,186
27,251,253
27,252,202
27,253,250
27,254,233
27,255,238
27,256,187
28,1,161
28,2,201
28,3,170
28,4,191
28,5,162
28,6,224
28,7,185
28,8,281
28,9,334
28,10,205
28,11,184
28,12,206
28,13,196
28,14,209
28,15,182
28,16,211
28,17,171
28,18,205
28,19,173
28,20,215
28,21,160
28,22,202
28,23,1009
28,24,203
28,25,174
28,26,205
28,27,186
28,28,398
28,29,180
28,30,226
28,31,179
28,32,214
28,33,169
28,34,225
28,35,205
28,36,199
28,37,187
28,38,256
28,39,174
28,40,222
28,41,176
28,42,212
28,43,174
28,44,197
28,45,175
28,46,175
28,47,138
28,48,162
28,49,156
28,50,158
28,51,234
28,52,169
28,53,157
28,54,156
28,55,136
28,56,155
28,57,135
28,58,151
28,59,205
28,60,156
28,61,153
28,62,159
28,63,129
28,64,179
28,65,135
28,66,148
28,67,145
28,68,167
28,69,127
28,70,153
28,71,224
28,72,242
28,73,194
28,74,154
28,75,147
28,76,163
28,77,188
28,78,155
28,79,143
28,80,157
28,81,146
28,82,141
28,83,149
28,84,138
28,85,134
28,86,150
28,87,153
28,88,168
28,89,140
28,90,148
28,91,146
28,92,173
28,93,150
28,94,140
28,95,152
28,96,136
28,97,169
28,98,138
28,99,149
28,100,157
28,101,143
28,102,137
28,103,169
28,104,149
28,105,143
28,106,131
28,107,141
28,108,141
28,109,139
28,110,134
28,111,144
28,112,140
28,113,135
28,114,177
28,115,154
28,116,134
28,117,131
28,118,138
28,119,145
28,120,137
28,121,130
28,122,139
28,123,124
28,124,162
28,125,126
28,126,146
28,127,132
28,128,149
28,129,111
28,130,116
28,131,109
28,132,109
28,133,114
28,134,94
28,135,128
28,136,78
28,137,109
28,138,106
28,139,123
28,140,98
28,141,110
28,142,88
28,143,729
28,144,228
28,145,137
28,146,96
28,147,117
28,148,134
28,149,117
28,150,112
28,151,118
28,152,110
28,153,129
28,154,105
28,155,144
28,156,118
28,157,136
28,158,126
28,159,137
28,160,147
28,161,134
28,162,123
28,163,147
28,164,123
28,165,129
28,166,125
28,167,129
28,168,125
28,169,134
28,170,145
28,171,149
28,172,128
28,173,140
28,174,138
28,175,136
28,176,127
28,177,145
28,178,134
28,179,883
28,180,129
28,181,153
28,182,129
28,183,165
28,184,141
28,185,165
28,186,120
28,187,145
28,188,138
28,189,161
28,190,121
28,191,166
28,192,127
28,193,157
28,194,118
28,195,163
28,196,125
28,197,169
28,198,157
28,199,151
28,200,135
28,201,165
28,202,135
28,203,159
28,204,121
28,205,170
28,206,128
28,207,171
28,208,127
28,209,175
28,210,723
28,211,197
28,212,123
28,213,220
28,214,142
28,215,211
28,216,115
28,217,182
28,218,134
28,219,197
28,220,138
28,221,544
28,222,127
28,223,198
28,224,128
28,225,319
28,226,127
28,227,220
28,228,121
28,229,211
28,230,138
28,231,197
28,232,129
28,233,210
28,234,135
28,235,1483
28,236,147
28,237,221
28,238,183
28,239,219
28,240,153
28,241,221
28,242,163
28,243,231
28,244,168
28,245,305
28,246,205
28,247,312
28,248,175
28,249,250
28,250,184
28,251,252
28,252,202
28,253,248
28,254,232
28,255,236
28,256,186
