Line,Band,Value
1,1,362
1,2,410
1,3,380
1,4,399
1,5,379
1,6,538
1,7,414
1,8,764
1,9,1067
1,10,465
1,11,417
1,12,425
1,13,506
1,14,446
1,15,442
1,16,458
1,17,403
1,18,440
1,19,402
1,20,483
1,21,380
1,22,450
1,23,3803
1,24,430
1,25,408
1,26,430
1,27,449
1,28,1220
1,29,414
1,30,501
1,31,429
1,32,480
1,33,401
1,34,505
1,35,519
1,36,427
1,37,454
1,38,664
1,39,416
1,40,462
1,41,413
1,42,426
1,43,374
1,44,404
1,45,401
1,46,310
1,47,234
1,48,257
1,49,287
1,50,232
1,51,604
1,52,327
1,53,305
1,54,232
1,55,233
1,56,231
1,57,217
1,58,244
1,59,511
1,60,246
1,61,250
1,62,243
1,63,207
1,64,334
1,65,217
1,66,231
1,67,245
1,68,290
1,69,225
1,70,232
1,71,574
1,72,602
1,73,415
1,74,237
1,75,249
1,76,289
1,77,370
1,78,239
1,79,216
1,80,276
1,81,228
1,82,229
1,83,222
1,84,230
1,85,201
1,86,255
1,87,237
1,88,306
1,89,209
1,90,226
1,91,228
1,92,343
1,93,241
1,94,233
1,95,230
1,96,210
1,97,309
1,98,216
1,99,249
1,100,268
1,101,214
1,102,207
1,103,305
1,104,243
1,105,208
1,106,202
1,107,209
1,108,215
1,109,216
1,110,206
1,111,211
1,112,212
1,113,221
1,114,377
1,115,280
1,116,208
1,117,203
1,118,214
1,119,233
1,120,208
1,121,201
1,122,223
1,123,185
1,124,287
1,125,189
1,126,223
1,127,198
1,128,230
1,129,167
1,130,249
1,131,175
1,132,215
1,133,166
1,134,148
1,135,227
1,136,133
1,137,155
1,138,166
1,139,172
1,140,152
1,141,154
1,142,142
1,143,2671
1,144,685
1,145,236
1,146,140
1,147,157
1,148,311
1,149,163
1,150,163
1,151,168
1,152,175
1,153,197
1,154,156
1,155,243
1,156,170
1,157,224
1,158,183
1,159,182
1,160,274
1,161,226
1,162,170
1,163,253
1,164,179
1,165,175
1,166,186
1,167,180
1,168,185
1,169,183
1,170,245
1,171,223
1,172,181
1,173,191
1,174,226
1,175,189
1,176,176
1,177,194
1,178,215
1,179,3169
1,180,200
1,181,225
1,182,195
1,183,270
1,184,206
1,185,237
1,186,177
1,187,201
1,188,221
1,189,229
1,190,177
1,191,261
1,192,204
1,193,214
1,194,178
1,195,236
1,196,190
1,197,256
1,198,305
1,199,214
1,200,216
1,201,243
1,202,218
1,203,233
1,204,204
1,205,256
1,206,219
1,207,250
1,208,216
1,209,257
1,210,2631
1,211,347
1,212,218
1,213,445
1,214,297
1,215,414
1,216,219
1,217,289
1,218,273
1,219,332
1,220,275
1,221,1770
1,222,265
1,223,345
1,224,276
1,225,831
1,226,281
1,227,441
1,228,286
1,229,383
1,230,319
1,231,383
1,232,332
1,233,446
1,234,346
1,235,4095
1,236,395
1,237,483
1,238,515
1,239,490
1,240,446
1,241,511
1,242,479
1,243,555
1,244,497
1,245,882
1,246,650
1,247,895
1,248,571
1,249,700
1,250,602
1,251,677
1,252,643
1,253,707
1,254,775
1,255,676
1,256,638
2,1,362
2,2,423
2,3,392
2,4,401
2,5,379
2,6,540
2,7,414
2,8,764
2,9,1073
2,10,464
2,11,419
2,12,426
2,13,507
2,14,450
2,15,443
2,16,459
2,17,404
2,18,440
2,19,401
2,20,485
2,21,382
2,22,448
2,23,3799
2,24,430
2,25,411
2,26,431
2,27,451
2,28,1222
2,29,414
2,30,505
2,31,431
2,32,481
2,33,399
2,34,507
2,35,521
2,36,429
2,37,455
2,38,665
2,39,414
2,40,461
2,41,414
2,42,426
2,43,376
2,44,404
2,45,406
2,46,311
2,47,234
2,48,257
2,49,283
2,50,233
2,51,601
2,52,329
2,53,307
2,54,234
2,55,232
2,56,230
2,57,217
2,58,243
2,59,512
2,60,247
2,61,253
2,62,245
2,63,207
2,64,337
2,65,218
2,66,230
2,67,245
2,68,289
2,69,225
2,70,231
2,71,576
2,72,610
2,73,407
2,74,237
2,75,249
2,76,288
2,77,368
2,78,240
2,79,218
2,80,277
2,81,229
2,82,229
2,83,223
2,84,231
2,85,201
2,86,252
2,87,238
2,88,306
2,89,209
2,90,226
2,91,229
2,92,345
2,93,238
2,94,234
2,95,230
2,96,210
2,97,306
2,98,217
2,99,251
2,100,267
2,101,215
2,102,209
2,103,307
2,104,243
2,105,209
2,106,202
2,107,209
2,108,216
2,109,214
2,110,206
2,111,212
2,112,212
2,113,221
2,114,377
2,115,282
2,116,209
2,117,203
2,118,214
2,119,234
2,120,210
2,121,202
2,122,223
2,123,185
2,124,293
2,125,189
2,126,224
2,127,199
2,128,234
2,129,167
2,130,246
2,131,175
2,132,217
2,133,166
2,134,149
2,135,229
2,136,131
2,137,157
2,138,167
2,139,175
2,140,152
2,141,156
2,142,143
2,143,2670
2,144,687
2,145,238
2,146,140
2,147,158
2,148,314
2,149,163
2,150,164
2,151,168
2,152,175
2,153,197
2,154,155
2,155,244
2,156,172
2,157,224
2,158,184
2,159,183
2,160,276
2,161,225
2,162,171
2,163,253
2,164,178
2,165,177
2,166,188
2,167,181
2,168,186
2,169,183
2,170,245
2,171,222
2,172,181
2,173,193
2,174,226
2,175,190
2,176,175
2,177,196
2,178,213
2,179,3171
2,180,200
2,181,224
2,182,193
2,183,263
2,184,208
2,185,239
2,186,177
2,187,201
2,188,222
2,189,230
2,190,178
2,191,260
2,192,204
2,193,214
2,194,178
2,195,232
2,196,190
2,197,253
2,198,305
2,199,215
2,200,216
2,201,242
2,202,217
2,203,232
2,204,204
2,205,257
2,206,218
2,207,251
2,208,216
2,209,257
2,210,2632
2,211,348
2,212,216
2,213,447
2,214,296
2,215,419
2,216,219
2,217,290
2,218,272
2,219,333
2,220,273
2,221,1752
2,222,265
2,223,346
2,224,275
2,225,841
2,226,280
2,227,439
2,228,285
2,229,383
2,230,318
2,231,383
2,232,332
2,233,446
2,234,346
2,235,4095
2,236,397
2,237,486
2,238,517
2,239,494
2,240,444
2,241,512
2,242,480
2,243,557
2,244,497
2,245,886
2,246,680
2,247,910
2,248,572
2,249,699
2,250,604
2,251,677
2,252,643
2,253,712
2,254,765
2,255,676
2,256,641
3,1,363
3,2,413
3,3,383
3,4,401
3,5,379
3,6,539
3,7,413
3,8,757
3,9,1090
3,10,466
3,11,419
3,12,425
3,13,506
3,14,447
3,15,443
3,16,460
3,17,403
3,18,441
3,19,403
3,20,484
3,21,381
3,22,445
3,23,3807
3,24,432
3,25,410
3,26,431
3,27,450
3,28,1222
3,29,415
3,30,505
3,31,431
3,32,483
3,33,402
3,34,502
3,35,517
3,36,429
3,37,458
3,38,664
3,39,415
3,40,463
3,41,412
3,42,423
3,43,375
3,44,404
3,45,405
3,46,309
3,47,233
3,48,257
3,49,282
3,50,232
3,51,603
3,52,329
3,53,307
3,54,231
3,55,233
3,56,231
3,57,215
3,58,245
3,59,510
3,60,248
3,61,250
3,62,246
3,63,208
3,64,336
3,65,217
3,66,232
3,67,244
3,68,291
3,69,225
3,70,233
3,71,578
3,72,609
3,73,411
3,74,238
3,75,248
3,76,291
3,77,371
3,78,241
3,79,219
3,80,277
3,81,230
3,82,230
3,83,223
3,84,230
3,85,201
3,86,257
3,87,238
3,88,306
3,89,209
3,90,226
3,91,230
3,92,351
3,93,240
3,94,234
3,95,230
3,96,210
3,97,317
3,98,215
3,99,251
3,100,267
3,101,215
3,102,208
3,103,306
3,104,242
3,105,207
3,106,202
3,107,209
3,108,215
3,109,216
3,110,207
3,111,211
3,112,213
3,113,221
3,114,381
3,115,283
3,116,211
3,117,204
3,118,213
3,119,234
3,120,210
3,121,203
3,122,225
3,123,184
3,124,288
3,125,190
3,126,224
3,127,199
3,128,235
3,129,167
3,130,245
3,131,176
3,132,217
3,133,166
3,134,147
3,135,233
3,136,133
3,137,155
3,138,171
3,139,174
3,140,152
3,141,155
3,142,142
3,143,2670
3,144,686
3,145,237
3,146,141
3,147,158
3,148,319
3,149,162
3,150,163
3,151,169
3,152,175
3,153,197
3,154,157
3,155,243
3,156,171
3,157,226
3,158,184
3,159,183
3,160,275
3,161,227
3,162,171
3,163,254
3,164,178
3,165,176
3,166,187
3,167,182
3,168,184
3,169,184
3,170,245
3,171,224
3,172,180
3,173,193
3,174,227
3,175,190
3,176,177
3,177,195
3,178,215
3,179,3168
3,180,200
3,181,223
3,182,194
3,183,271
3,184,206
3,185,240
3,186,177
3,187,201
3,188,222
3,189,230
3,190,179
3,191,259
3,192,203
3,193,215
3,194,178
3,195,237
3,196,191
3,197,253
3,198,308
3,199,215
3,200,217
3,201,242
3,202,218
3,203,233
3,204,205
3,205,258
3,206,217
3,207,249
3,208,213
3,209,257
3,210,2629
3,211,347
3,212,217
3,213,447
3,214,297
3,215,416
3,216,218
3,217,289
3,218,271
3,219,332
3,220,276
3,221,1787
3,222,262
3,223,346
3,224,275
3,225,828
3,226,280
3,227,437
3,228,286
3,229,383
3,230,317
3,231,385
3,232,355
3,233,451
3,234,347
3,235,4095
3,236,397
3,237,486
3,238,514
3,239,492
3,240,444
3,241,512
3,242,481
3,243,557
3,244,497
3,245,886
3,246,647
3,247,931
3,248,572
3,249,699
3,250,601
3,251,678
3,252,642
3,253,709
3,254,773
3,255,678
3,256,638
4,1,362
4,2,411
4,3,381
4,4,402
4,5,380
4,6,549
4,7,413
4,8,756
4,9,1068
4,10,462
4,11,420
4,12,424
4,13,506
4,14,450
4,15,442
4,16,458
4,17,403
4,18,439
4,19,403
4,20,482
4,21,382
4,22,446
4,23,3805
4,24,431
4,25,410
4,26,431
4,27,448
4,28,1220
4,29,415
4,30,502
4,31,430
4,32,481
4,33,400
4,34,503
4,35,517
4,36,427
4,37,457
4,38,663
4,39,414
4,40,461
4,41,414
4,42,426
4,43,373
4,44,405
4,45,405
4,46,311
4,47,233
4,48,257
4,49,282
4,50,232
4,51,595
4,52,328
4,53,309
4,54,232
4,55,233
4,56,230
4,57,216
4,58,246
4,59,510
4,60,248
4,61,252
4,62,244
4,63,207
4,64,333
4,65,217
4,66,230
4,67,244
4,68,291
4,69,226
4,70,232
4,71,575
4,72,605
4,73,410
4,74,238
4,75,248
4,76,288
4,77,370
4,78,246
4,79,218
4,80,278
4,81,229
4,82,228
4,83,224
4,84,231
4,85,201
4,86,253
4,87,239
4,88,307
4,89,210
4,90,227
4,91,228
4,92,345
4,93,242
4,94,232
4,95,230
4,96,211
4,97,310
4,98,212
4,99,252
4,100,269
4,101,214
4,102,208
4,103,313
4,104,243
4,105,208
4,106,201
4,107,209
4,108,215
4,109,215
4,110,207
4,111,210
4,112,212
4,113,223
4,114,385
4,115,284
4,116,209
4,117,204
4,118,214
4,119,234
4,120,209
4,121,202
4,122,224
4,123,184
4,124,287
4,125,190
4,126,224
4,127,199
4,128,234
4,129,168
4,130,246
4,131,175
4,132,217
4,133,166
4,134,147
4,135,231
4,136,131
4,137,157
4,138,169
4,139,174
4,140,150
4,141,153
4,142,141
4,143,2673
4,144,688
4,145,237
4,146,140
4,147,159
4,148,312
4,149,163
4,150,165
4,151,168
4,152,174
4,153,196
4,154,155
4,155,245
4,156,172
4,157,224
4,158,184
4,159,183
4,160,277
4,161,224
4,162,170
4,163,255
4,164,178
4,165,175
4,166,188
4,167,181
4,168,184
4,169,182
4,170,242
4,171,222
4,172,180
4,173,192
4,174,227
4,175,190
4,176,178
4,177,194
4,178,214
4,179,3172
4,180,199
4,181,223
4,182,195
4,183,274
4,184,205
4,185,239
4,186,177
4,187,200
4,188,220
4,189,230
4,190,178
4,191,261
4,192,203
4,193,216
4,194,178
4,195,237
4,196,191
4,197,253
4,198,300
4,199,213
4,200,217
4,201,242
4,202,219
4,203,232
4,204,204
4,205,258
4,206,218
4,207,249
4,208,215
4,209,257
4,210,2630
4,211,348
4,212,218
4,213,449
4,214,295
4,215,420
4,216,219
4,217,290
4,218,272
4,219,332
4,220,273
4,221,1722
4,222,265
4,223,344
4,224,278
4,225,831
4,226,280
4,227,438
4,228,286
4,229,385
4,230,317
4,231,383
4,232,333
4,233,444
4,234,346
4,235,4095
4,236,399
4,237,483
4,238,515
4,239,492
4,240,443
4,241,512
4,242,481
4,243,556
4,244,497
4,245,886
4,246,658
4,247,920
4,248,570
4,249,687
4,250,605
4,251,677
4,252,644
4,253,709
4,254,773
4,255,678
4,256,646
5,1,362
5,2,412
5,3,379
5,4,402
5,5,378
5,6,542
5,7,414
5,8,754
5,9,1066
5,10,464
5,11,420
5,12,424
5,13,505
5,14,447
5,15,442
5,16,459
5,17,403
5,18,441
5,19,402
5,20,483
5,21,381
5,22,449
5,23,3801
5,24,432
5,25,412
5,26,431
5,27,452
5,28,1220
5,29,413
5,30,505
5,31,431
5,32,484
5,33,401
5,34,505
5,35,517
5,36,429
5,37,453
5,38,664
5,39,416
5,40,464
5,41,412
5,42,425
5,43,374
5,44,403
5,45,406
5,46,310
5,47,234
5,48,258
5,49,282
5,50,232
5,51,606
5,52,328
5,53,308
5,54,232
5,55,234
5,56,231
5,57,215
5,58,245
5,59,512
5,60,247
5,61,251
5,62,244
5,63,206
5,64,338
5,65,215
5,66,233
5,67,244
5,68,289
5,69,221
5,70,231
5,71,576
5,72,616
5,73,415
5,74,238
5,75,246
5,76,287
5,77,370
5,78,240
5,79,217
5,80,277
5,81,230
5,82,228
5,83,223
5,84,230
5,85,200
5,86,255
5,87,239
5,88,306
5,89,209
5,90,225
5,91,227
5,92,343
5,93,243
5,94,233
5,95,228
5,96,210
5,97,313
5,98,217
5,99,250
5,100,267
5,101,213
5,102,208
5,103,313
5,104,244
5,105,208
5,106,202
5,107,208
5,108,216
5,109,213
5,110,205
5,111,212
5,112,212
5,113,221
5,114,383
5,115,282
5,116,210
5,117,203
5,118,215
5,119,232
5,120,209
5,121,201
5,122,225
5,123,183
5,124,284
5,125,188
5,126,224
5,127,199
5,128,233
5,129,166
5,130,246
5,131,175
5,132,217
5,133,165
5,134,148
5,135,230
5,136,132
5,137,157
5,138,172
5,139,174
5,140,153
5,141,153
5,142,141
5,143,2672
5,144,687
5,145,272
5,146,140
5,147,157
5,148,311
5,149,162
5,150,164
5,151,168
5,152,175
5,153,196
5,154,155
5,155,244
5,156,169
5,157,223
5,158,184
5,159,183
5,160,278
5,161,226
5,162,170
5,163,258
5,164,178
5,165,174
5,166,186
5,167,180
5,168,184
5,169,181
5,170,243
5,171,222
5,172,181
5,173,191
5,174,227
5,175,189
5,176,177
5,177,193
5,178,215
5,179,3172
5,180,199
5,181,221
5,182,195
5,183,271
5,184,207
5,185,238
5,186,176
5,187,199
5,188,221
5,189,228
5,190,178
5,191,259
5,192,204
5,193,215
5,194,178
5,195,235
5,196,191
5,197,251
5,198,310
5,199,214
5,200,216
5,201,242
5,202,218
5,203,233
5,204,204
5,205,257
5,206,217
5,207,250
5,208,214
5,209,259
5,210,2629
5,211,348
5,212,217
5,213,445
5,214,294
5,215,435
5,216,219
5,217,290
5,218,272
5,219,332
5,220,275
5,221,1779
5,222,265
5,223,346
5,224,276
5,225,819
5,226,281
5,227,435
5,228,285
5,229,385
5,230,318
5,231,382
5,232,331
5,233,443
5,234,347
5,235,4095
5,236,399
5,237,484
5,238,518
5,239,490
5,240,442
5,241,510
5,242,482
5,243,554
5,244,498
5,245,879
5,246,649
5,247,897
5,248,571
5,249,701
5,250,602
5,251,678
5,252,644
5,253,710
5,254,773
5,255,677
5,256,649
6,1,361
6,2,413
6,3,380
6,4,401
6,5,379
6,6,535
6,7,414
6,8,763
6,9,1093
6,10,465
6,11,420
6,12,424
6,13,505
6,14,447
6,15,442
6,16,458
6,17,403
6,18,440
6,19,402
6,20,484
6,21,381
6,22,450
6,23,3808
6,24,431
6,25,409
6,26,431
6,27,451
6,28,1221
6,29,412
6,30,503
6,31,430
6,32,482
6,33,402
6,34,506
6,35,518
6,36,429
6,37,456
6,38,666
6,39,415
6,40,462
6,41,413
6,42,427
6,43,374
6,44,405
6,45,404
6,46,310
6,47,236
6,48,258
6,49,288
6,50,231
6,51,611
6,52,327
6,53,310
6,54,232
6,55,234
6,56,231
6,57,216
6,58,243
6,59,510
6,60,249
6,61,251
6,62,245
6,63,207
6,64,335
6,65,216
6,66,231
6,67,245
6,68,291
6,69,226
6,70,233
6,71,575
6,72,601
6,73,409
6,74,237
6,75,248
6,76,288
6,77,370
6,78,243
6,79,218
6,80,278
6,81,228
6,82,229
6,83,223
6,84,230
6,85,201
6,86,255
6,87,240
6,88,307
6,89,209
6,90,226
6,91,229
6,92,341
6,93,242
6,94,232
6,95,229
6,96,211
6,97,310
6,98,214
6,99,250
6,100,268
6,101,213
6,102,207
6,103,307
6,104,243
6,105,208
6,106,201
6,107,209
6,108,216
6,109,216
6,110,206
6,111,212
6,112,212
6,113,222
6,114,382
6,115,281
6,116,210
6,117,203
6,118,214
6,119,231
6,120,209
6,121,201
6,122,223
6,123,184
6,124,288
6,125,188
6,126,223
6,127,199
6,128,234
6,129,166
6,130,243
6,131,175
6,132,216
6,133,166
6,134,148
6,135,230
6,136,132
6,137,155
6,138,169
6,139,173
6,140,153
6,141,153
6,142,155
6,143,2673
6,144,688
6,145,239
6,146,140
6,147,157
6,148,308
6,149,162
6,150,164
6,151,167
6,152,175
6,153,196
6,154,156
6,155,244
6,156,172
6,157,223
6,158,185
6,159,182
6,160,274
6,161,224
6,162,170
6,163,253
6,164,178
6,165,175
6,166,186
6,167,180
6,168,185
6,169,183
6,170,243
6,171,223
6,172,179
6,173,192
6,174,227
6,175,190
6,176,175
6,177,193
6,178,215
6,179,3169
6,180,200
6,181,221
6,182,193
6,183,269
6,184,206
6,185,239
6,186,177
6,187,200
6,188,221
6,189,230
6,190,178
6,191,260
6,192,205
6,193,215
6,194,179
6,195,231
6,196,192
6,197,253
6,198,297
6,199,214
6,200,217
6,201,243
6,202,219
6,203,233
6,204,203
6,205,258
6,206,218
6,207,251
6,208,216
6,209,256
6,210,2630
6,211,348
6,212,218
6,213,452
6,214,297
6,215,428
6,216,219
6,217,290
6,218,274
6,219,333
6,220,274
6,221,1758
6,222,265
6,223,344
6,224,275
6,225,831
6,226,279
6,227,443
6,228,286
6,229,384
6,230,318
6,231,383
6,232,332
6,233,442
6,234,347
6,235,4095
6,236,400
6,237,485
6,238,518
6,239,491
6,240,445
6,241,510
6,242,479
6,243,555
6,244,498
6,245,885
6,246,683
6,247,905
6,248,572
6,249,700
6,250,602
6,251,678
6,252,640
6,253,708
6,254,757
6,255,677
6,256,649
7,1,362
7,2,414
7,3,380
7,4,401
7,5,379
7,6,548
7,7,414
7,8,761
7,9,1099
7,10,463
7,11,418
7,12,426
7,13,506
7,14,446
7,15,442
7,16,459
7,17,402
7,18,438
7,19,402
7,20,484
7,21,381
7,22,449
7,23,3799
7,24,429
7,25,410
7,26,432
7,27,449
7,28,1220
7,29,413
7,30,503
7,31,432
7,32,482
7,33,401
7,34,503
7,35,522
7,36,428
7,37,453
7,38,668
7,39,415
7,40,464
7,41,414
7,42,427
7,43,375
7,44,405
7,45,406
7,46,310
7,47,234
7,48,258
7,49,287
7,50,232
7,51,607
7,52,327
7,53,308
7,54,231
7,55,233
7,56,232
7,57,215
7,58,244
7,59,512
7,60,249
7,61,252
7,62,245
7,63,206
7,64,338
7,65,217
7,66,231
7,67,245
7,68,291
7,69,227
7,70,233
7,71,575
7,72,598
7,73,412
7,74,236
7,75,247
7,76,286
7,77,367
7,78,243
7,79,219
7,80,274
7,81,229
7,82,228
7,83,224
7,84,230
7,85,201
7,86,255
7,87,238
7,88,306
7,89,209
7,90,226
7,91,228
7,92,342
7,93,242
7,94,232
7,95,229
7,96,210
7,97,299
7,98,215
7,99,251
7,100,267
7,101,213
7,102,207
7,103,304
7,104,242
7,105,209
7,106,203
7,107,208
7,108,216
7,109,216
7,110,206
7,111,211
7,112,212
7,113,220
7,114,381
7,115,282
7,116,208
7,117,204
7,118,214
7,119,233
7,120,209
7,121,202
7,122,223
7,123,184
7,124,290
7,125,190
7,126,223
7,127,198
7,128,234
7,129,167
7,130,245
7,131,174
7,132,216
7,133,165
7,134,148
7,135,227
7,136,131
7,137,156
7,138,169
7,139,173
7,140,151
7,141,153
7,142,142
7,143,2671
7,144,686
7,145,238
7,146,139
7,147,157
7,148,309
7,149,162
7,150,165
7,151,168
7,152,176
7,153,196
7,154,156
7,155,243
7,156,171
7,157,224
7,158,184
7,159,182
7,160,272
7,161,225
7,162,170
7,163,254
7,164,178
7,165,175
7,166,186
7,167,182
7,168,186
7,169,184
7,170,243
7,171,221
7,172,181
7,173,193
7,174,226
7,175,189
7,176,175
7,177,193
7,178,214
7,179,3175
7,180,199
7,181,220
7,182,195
7,183,274
7,184,206
7,185,238
7,186,176
7,187,202
7,188,220
7,189,228
7,190,176
7,191,261
7,192,203
7,193,215
7,194,178
7,195,236
7,196,192
7,197,252
7,198,298
7,199,215
7,200,216
7,201,242
7,202,218
7,203,233
7,204,204
7,205,258
7,206,217
7,207,249
7,208,215
7,209,257
7,210,2632
7,211,348
7,212,216
7,213,426
7,214,295
7,215,433
7,216,219
7,217,289
7,218,274
7,219,332
7,220,274
7,221,1738
7,222,264
7,223,345
7,224,277
7,225,831
7,226,279
7,227,437
7,228,285
7,229,384
7,230,317
7,231,381
7,232,333
7,233,450
7,234,346
7,235,4095
7,236,398
7,237,482
7,238,517
7,239,493
7,240,444
7,241,511
7,242,480
7,243,556
7,244,498
7,245,883
7,246,651
7,247,918
7,248,572
7,249,702
7,250,602
7,251,676
7,252,642
7,253,709
7,254,763
7,255,676
7,256,648
8,1,361
8,2,413
8,3,380
8,4,401
8,5,379
8,6,544
8,7,411
8,8,757
8,9,1074
8,10,466
8,11,419
8,12,425
8,13,505
8,14,449
8,15,442
8,16,459
8,17,403
8,18,440
8,19,402
8,20,482
8,21,382
8,22,446
8,23,4018
8,24,431
8,25,409
8,26,433
8,27,450
8,28,1222
8,29,415
8,30,503
8,31,430
8,32,480
8,33,399
8,34,504
8,35,517
8,36,428
8,37,455
8,38,637
8,39,415
8,40,468
8,41,414
8,42,426
8,43,374
8,44,404
8,45,406
8,46,310
8,47,233
8,48,257
8,49,282
8,50,232
8,51,612
8,52,326
8,53,305
8,54,232
8,55,232
8,56,230
8,57,216
8,58,244
8,59,510
8,60,249
8,61,253
8,62,244
8,63,206
8,64,337
8,65,217
8,66,231
8,67,245
8,68,290
8,69,225
8,70,233
8,71,575
8,72,595
8,73,409
8,74,236
8,75,248
8,76,287
8,77,369
8,78,240
8,79,218
8,80,276
8,81,228
8,82,228
8,83,223
8,84,229
8,85,201
8,86,258
8,87,239
8,88,307
8,89,209
8,90,227
8,91,229
8,92,349
8,93,240
8,94,233
8,95,229
8,96,211
8,97,313
8,98,215
8,99,250
8,100,268
8,101,214
8,102,208
8,103,306
8,104,243
8,105,208
8,106,201
8,107,210
8,108,216
8,109,216
8,110,206
8,111,211
8,112,214
8,113,222
8,114,381
8,115,282
8,116,210
8,117,204
8,118,215
8,119,234
8,120,210
8,121,200
8,122,224
8,123,185
8,124,291
8,125,190
8,126,223
8,127,199
8,128,236
8,129,167
8,130,247
8,131,175
8,132,215
8,133,165
8,134,149
8,135,229
8,136,131
8,137,156
8,138,169
8,139,173
8,140,152
8,141,155
8,142,142
8,143,2671
8,144,686
8,145,237
8,146,140
8,147,158
8,148,316
8,149,163
8,150,165
8,151,169
8,152,176
8,153,196
8,154,155
8,155,244
8,156,172
8,157,226
8,158,184
8,159,182
8,160,276
8,161,225
8,162,171
8,163,254
8,164,178
8,165,174
8,166,187
8,167,182
8,168,186
8,169,183
8,170,244
8,171,221
8,172,181
8,173,191
8,174,226
8,175,190
8,176,176
8,177,193
8,178,214
8,179,3173
8,180,200
8,181,225
8,182,195
8,183,277
8,184,207
8,185,239
8,186,178
8,187,200
8,188,221
8,189,230
8,190,180
8,191,259
8,192,205
8,193,215
8,194,178
8,195,231
8,196,191
8,197,254
8,198,291
8,199,214
8,200,217
8,201,241
8,202,218
8,203,233
8,204,205
8,205,259
8,206,217
8,207,250
8,208,214
8,209,258
8,210,2632
8,211,346
8,212,218
8,213,439
8,214,296
8,215,432
8,216,219
8,217,289
8,218,273
8,219,333
8,220,276
8,221,1810
8,222,264
8,223,343
8,224,277
8,225,834
8,226,280
8,227,439
8,228,285
8,229,384
8,230,317
8,231,383
8,232,333
8,233,448
8,234,346
8,235,4095
8,236,399
8,237,483
8,238,515
8,239,492
8,240,444
8,241,512
8,242,478
8,243,555
8,244,498
8,245,881
8,246,647
8,247,933
8,248,573
8,249,691
8,250,603
8,251,678
8,252,643
8,253,709
8,254,775
8,255,677
8,256,652
9,1,360
9,2,412
9,3,380
9,4,400
9,5,379
9,6,543
9,7,414
9,8,760
9,9,1129
9,10,467
9,11,419
9,12,424
9,13,505
9,14,449
9,15,443
9,16,459
9,17,403
9,18,441
9,19,402
9,20,484
9,21,381
9,22,445
9,23,3804
9,24,429
9,25,410
9,26,440
9,27,462
9,28,1220
9,29,415
9,30,505
9,31,429
9,32,478
9,33,402
9,34,506
9,35,517
9,36,429
9,37,457
9,38,637
9,39,416
9,40,462
9,41,411
9,42,427
9,43,375
9,44,405
9,45,411
9,46,310
9,47,233
9,48,257
9,49,288
9,50,232
9,51,616
9,52,328
9,53,308
9,54,232
9,55,235
9,56,232
9,57,217
9,58,245
9,59,509
9,60,247
9,61,252
9,62,244
9,63,207
9,64,338
9,65,217
9,66,230
9,67,243
9,68,290
9,69,226
9,70,232
9,71,576
9,72,597
9,73,412
9,74,236
9,75,247
9,76,287
9,77,371
9,78,241
9,79,218
9,80,279
9,81,229
9,82,227
9,83,223
9,84,231
9,85,200
9,86,255
9,87,238
9,88,306
9,89,209
9,90,226
9,91,228
9,92,345
9,93,239
9,94,231
9,95,230
9,96,210
9,97,307
9,98,217
9,99,250
9,100,268
9,101,213
9,102,208
9,103,313
9,104,243
9,105,208
9,106,202
9,107,209
9,108,216
9,109,215
9,110,206
9,111,211
9,112,211
9,113,221
9,114,385
9,115,282
9,116,209
9,117,203
9,118,213
9,119,236
9,120,209
9,121,202
9,122,224
9,123,184
9,124,290
9,125,189
9,126,223
9,127,200
9,128,232
9,129,167
9,130,248
9,131,175
9,132,217
9,133,166
9,134,148
9,135,233
9,136,132
9,137,156
9,138,170
9,139,174
9,140,151
9,141,153
9,142,143
9,143,2672
9,144,686
9,145,238
9,146,139
9,147,157
9,148,312
9,149,163
9,150,165
9,151,168
9,152,175
9,153,196
9,154,155
9,155,244
9,156,172
9,157,225
9,158,183
9,159,183
9,160,277
9,161,225
9,162,171
9,163,252
9,164,179
9,165,173
9,166,187
9,167,221
9,168,186
9,169,182
9,170,244
9,171,223
9,172,180
9,173,193
9,174,227
9,175,189
9,176,176
9,177,193
9,178,213
9,179,3170
9,180,199
9,181,225
9,182,195
9,183,274
9,184,204
9,185,240
9,186,177
9,187,200
9,188,220
9,189,230
9,190,178
9,191,260
9,192,204
9,193,215
9,194,179
9,195,234
9,196,191
9,197,256
9,198,285
9,199,215
9,200,216
9,201,242
9,202,218
9,203,233
9,204,205
9,205,259
9,206,218
9,207,250
9,208,214
9,209,257
9,210,2627
9,211,346
9,212,218
9,213,439
9,214,297
9,215,430
9,216,218
9,217,290
9,218,273
9,219,333
9,220,275
9,221,1748
9,222,266
9,223,346
9,224,275
9,225,841
9,226,280
9,227,438
9,228,287
9,229,384
9,230,317
9,231,383
9,232,333
9,233,443
9,234,345
9,235,4095
9,236,399
9,237,483
9,238,515
9,239,490
9,240,444
9,241,512
9,242,480
9,243,555
9,244,497
9,245,881
9,246,676
9,247,913
9,248,573
9,249,698
9,250,602
9,251,679
9,252,642
9,253,706
9,254,765
9,255,675
9,256,650
10,1,362
10,2,414
10,3,381
10,4,401
10,5,379
10,6,539
10,7,414
10,8,764
10,9,1104
10,10,465
10,11,420
10,12,426
10,13,505
10,14,447
10,15,441
10,16,461
10,17,405
10,18,440
10,19,403
10,20,482
10,21,382
10,22,446
10,23,3801
10,24,431
10,25,409
10,26,431
10,27,449
10,28,1220
10,29,414
10,30,503
10,31,429
10,32,484
10,33,402
10,34,503
10,35,521
10,36,427
10,37,455
10,38,636
10,39,414
10,40,465
10,41,413
10,42,427
10,43,375
10,44,406
10,45,406
10,46,311
10,47,235
10,48,258
10,49,288
10,50,231
10,51,614
10,52,329
10,53,309
10,54,245
10,55,237
10,56,270
10,57,217
10,58,245
10,59,509
10,60,246
10,61,252
10,62,244
10,63,207
10,64,339
10,65,217
10,66,232
10,67,244
10,68,290
10,69,226
10,70,232
10,71,575
10,72,595
10,73,414
10,74,238
10,75,249
10,76,287
10,77,378
10,78,240
10,79,218
10,80,278
10,81,229
10,82,228
10,83,223
10,84,231
10,85,200
10,86,254
10,87,238
10,88,307
10,89,208
10,90,226
10,91,228
10,92,346
10,93,243
10,94,233
10,95,230
10,96,209
10,97,311
10,98,213
10,99,251
10,100,267
10,101,215
10,102,209
10,103,314
10,104,243
10,105,208
10,106,201
10,107,208
10,108,216
10,109,215
10,110,207
10,111,212
10,112,213
10,113,221
10,114,380
10,115,281
10,116,210
10,117,205
10,118,213
10,119,235
10,120,210
10,121,201
10,122,223
10,123,184
10,124,288
10,125,189
10,126,223
10,127,199
10,128,233
10,129,167
10,130,246
10,131,175
10,132,217
10,133,166
10,134,148
10,135,228
10,136,132
10,137,156
10,138,169
10,139,173
10,140,153
10,141,154
10,142,143
10,143,2669
10,144,685
10,145,235
10,146,139
10,147,158
10,148,318
10,149,164
10,150,165
10,151,168
10,152,174
10,153,197
10,154,155
10,155,243
10,156,171
10,157,225
10,158,185
10,159,183
10,160,277
10,161,225
10,162,170
10,163,255
10,164,178
10,165,174
10,166,187
10,167,181
10,168,185
10,169,183
10,170,243
10,171,222
10,172,180
10,173,192
10,174,226
10,175,189
10,176,177
10,177,193
10,178,213
10,179,3172
10,180,199
10,181,224
10,182,194
10,183,274
10,184,207
10,185,239
10,186,176
10,187,202
10,188,222
10,189,229
10,190,179
10,191,261
10,192,202
10,193,215
10,194,179
10,195,233
10,196,192
10,197,257
10,198,313
10,199,214
10,200,216
10,201,242
10,202,218
10,203,233
10,204,204
10,205,258
10,206,218
10,207,251
10,208,215
10,209,259
10,210,2631
10,211,348
10,212,217
10,213,442
10,214,295
10,215,431
10,216,218
10,217,290
10,218,273
10,219,333
10,220,275
10,221,1761
10,222,264
10,223,346
10,224,275
10,225,846
10,226,280
10,227,438
10,228,285
10,229,382
10,230,318
10,231,381
10,232,332
10,233,446
10,234,346
10,235,4095
10,236,399
10,237,483
10,238,516
10,239,492
10,240,444
10,241,511
10,242,480
10,243,555
10,244,499
10,245,880
10,246,658
10,247,937
10,248,572
10,249,693
10,250,603
10,251,677
10,252,642
10,253,709
10,254,765
10,255,676
10,256,649
11,1,361
11,2,413
11,3,385
11,4,402
11,5,380
11,6,545
11,7,415
11,8,764
11,9,1052
11,10,465
11,11,419
11,12,426
11,13,505
11,14,447
11,15,441
11,16,460
11,17,403
11,18,439
11,19,403
11,20,483
11,21,382
11,22,446
11,23,3835
11,24,431
11,25,409
11,26,430
11,27,448
11,28,1218
11,29,415
11,30,503
11,31,431
11,32,481
11,33,401
11,34,505
11,35,518
11,36,428
11,37,455
11,38,637
11,39,415
11,40,464
11,41,413
11,42,426
11,43,376
11,44,406
11,45,399
11,46,309
11,47,233
11,48,259
11,49,283
11,50,233
11,51,620
11,52,326
11,53,301
11,54,233
11,55,234
11,56,231
11,57,216
11,58,242
11,59,512
11,60,248
11,61,251
11,62,245
11,63,206
11,64,342
11,65,215
11,66,231
11,67,245
11,68,289
11,69,227
11,70,233
11,71,575
11,72,594
11,73,409
11,74,237
11,75,248
11,76,290
11,77,370
11,78,239
11,79,218
11,80,278
11,81,229
11,82,229
11,83,224
11,84,230
11,85,201
11,86,257
11,87,238
11,88,307
11,89,209
11,90,226
11,91,229
11,92,345
11,93,242
11,94,232
11,95,230
11,96,210
11,97,317
11,98,217
11,99,250
11,100,267
11,101,214
11,102,208
11,103,311
11,104,244
11,105,209
11,106,202
11,107,209
11,108,215
11,109,215
11,110,205
11,111,211
11,112,211
11,113,224
11,114,380
11,115,281
11,116,209
11,117,204
11,118,214
11,119,234
11,120,210
11,121,203
11,122,224
11,123,184
11,124,287
11,125,191
11,126,223
11,127,200
11,128,233
11,129,168
11,130,248
11,131,175
11,132,217
11,133,166
11,134,148
11,135,228
11,136,132
11,137,157
11,138,170
11,139,174
11,140,152
11,141,155
11,142,143
11,143,2679
11,144,687
11,145,240
11,146,140
11,147,157
11,148,315
11,149,162
11,150,163
11,151,170
11,152,176
11,153,196
11,154,155
11,155,243
11,156,172
11,157,225
11,158,186
11,159,184
11,160,278
11,161,226
11,162,170
11,163,256
11,164,178
11,165,174
11,166,186
11,167,181
11,168,185
11,169,182
11,170,244
11,171,225
11,172,180
11,173,191
11,174,228
11,175,190
11,176,177
11,177,193
11,178,216
11,179,3171
11,180,199
11,181,221
11,182,195
11,183,277
11,184,206
11,185,241
11,186,177
11,187,200
11,188,221
11,189,230
11,190,179
11,191,259
11,192,203
11,193,215
11,194,178
11,195,238
11,196,192
11,197,255
11,198,295
11,199,214
11,200,215
11,201,242
11,202,218
11,203,233
11,204,205
11,205,257
11,206,218
11,207,250
11,208,215
11,209,257
11,210,2629
11,211,347
11,212,217
11,213,449
11,214,294
11,215,428
11,216,219
11,217,291
11,218,273
11,219,332
11,220,275
11,221,1788
11,222,265
11,223,346
11,224,277
11,225,849
11,226,280
11,227,437
11,228,286
11,229,384
11,230,318
11,231,383
11,232,331
11,233,447
11,234,347
11,235,4095
11,236,398
11,237,483
11,238,515
11,239,492
11,240,444
11,241,511
11,242,482
11,243,555
11,244,499
11,245,890
11,246,646
11,247,931
11,248,574
11,249,696
11,250,602
11,251,677
11,252,642
11,253,708
11,254,775
11,255,676
11,256,650
12,1,365
12,2,413
12,3,383
12,4,401
12,5,380
12,6,541
12,7,415
12,8,765
12,9,1042
12,10,467
12,11,419
12,12,425
12,13,505
12,14,448
12,15,442
12,16,459
12,17,402
12,18,441
12,19,402
12,20,485
12,21,382
12,22,447
12,23,3801
12,24,432
12,25,409
12,26,432
12,27,450
12,28,1223
12,29,413
12,30,508
12,31,432
12,32,479
12,33,401
12,34,506
12,35,520
12,36,428
12,37,457
12,38,638
12,39,415
12,40,466
12,41,416
12,42,424
12,43,375
12,44,405
12,45,405
12,46,311
12,47,235
12,48,258
12,49,283
12,50,233
12,51,622
12,52,328
12,53,308
12,54,234
12,55,233
12,56,232
12,57,218
12,58,246
12,59,512
12,60,248
12,61,252
12,62,245
12,63,207
12,64,342
12,65,216
12,66,233
12,67,244
12,68,291
12,69,223
12,70,233
12,71,576
12,72,606
12,73,397
12,74,238
12,75,248
12,76,290
12,77,368
12,78,242
12,79,218
12,80,277
12,81,229
12,82,230
12,83,225
12,84,231
12,85,201
12,86,256
12,87,240
12,88,306
12,89,209
12,90,225
12,91,228
12,92,353
12,93,239
12,94,235
12,95,230
12,96,210
12,97,310
12,98,214
12,99,251
12,100,267
12,101,214
12,102,209
12,103,306
12,104,244
12,105,208
12,106,203
12,107,215
12,108,224
12,109,218
12,110,206
12,111,211
12,112,212
12,113,220
12,114,386
12,115,283
12,116,209
12,117,205
12,118,214
12,119,236
12,120,211
12,121,201
12,122,223
12,123,186
12,124,285
12,125,191
12,126,223
12,127,199
12,128,232
12,129,168
12,130,240
12,131,175
12,132,216
12,133,165
12,134,149
12,135,226
12,136,131
12,137,156
12,138,171
12,139,176
12,140,153
12,141,156
12,142,144
12,143,2676
12,144,684
12,145,245
12,146,140
12,147,159
12,148,313
12,149,161
12,150,165
12,151,168
12,152,176
12,153,197
12,154,155
12,155,244
12,156,174
12,157,225
12,158,185
12,159,183
12,160,276
12,161,225
12,162,171
12,163,255
12,164,179
12,165,174
12,166,188
12,167,181
12,168,185
12,169,183
12,170,243
12,171,223
12,172,181
12,173,194
12,174,228
12,175,190
12,176,176
12,177,194
12,178,216
12,179,3168
12,180,199
12,181,225
12,182,195
12,183,277
12,184,206
12,185,239
12,186,177
12,187,200
12,188,222
12,189,231
12,190,178
12,191,261
12,192,205
12,193,217
12,194,179
12,195,237
12,196,192
12,197,255
12,198,287
12,199,213
12,200,217
12,201,242
12,202,218
12,203,233
12,204,205
12,205,258
12,206,218
12,207,251
12,208,214
12,209,259
12,210,2633
12,211,349
12,212,217
12,213,443
12,214,296
12,215,431
12,216,220
12,217,289
12,218,273
12,219,334
12,220,277
12,221,1761
12,222,265
12,223,345
12,224,275
12,225,844
12,226,280
12,227,439
12,228,286
12,229,382
12,230,318
12,231,383
12,232,331
12,233,447
12,234,345
12,235,4095
12,236,395
12,237,484
12,238,516
12,239,490
12,240,445
12,241,511
12,242,479
12,243,556
12,244,500
12,245,890
12,246,685
12,247,904
12,248,574
12,249,698
12,250,603
12,251,679
12,252,645
12,253,709
12,254,776
12,255,677
12,256,652
13,1,360
13,2,412
13,3,380
13,4,400
13,5,379
13,6,543
13,7,415
13,8,763
13,9,1069
13,10,468
13,11,419
13,12,424
13,13,504
13,14,448
13,15,443
13,16,458
13,17,403
13,18,441
13,19,401
13,20,483
13,21,379
13,22,450
13,23,3810
13,24,430
13,25,410
13,26,430
13,27,450
13,28,1222
13,29,411
13,30,501
13,31,430
13,32,477
13,33,403
13,34,506
13,35,521
13,36,429
13,37,456
13,38,635
13,39,417
13,40,465
13,41,413
13,42,423
13,43,375
13,44,403
13,45,406
13,46,310
13,47,234
13,48,257
13,49,288
13,50,232
13,51,625
13,52,327
13,53,311
13,54,234
13,55,233
13,56,231
13,57,217
13,58,243
13,59,512
13,60,245
13,61,253
13,62,244
13,63,207
13,64,339
13,65,217
13,66,232
13,67,245
13,68,291
13,69,227
13,70,233
13,71,576
13,72,597
13,73,407
13,74,238
13,75,249
13,76,289
13,77,370
13,78,238
13,79,218
13,80,276
13,81,228
13,82,230
13,83,223
13,84,230
13,85,201
13,86,257
13,87,239
13,88,307
13,89,208
13,90,225
13,91,229
13,92,347
13,93,241
13,94,232
13,95,229
13,96,210
13,97,311
13,98,214
13,99,250
13,100,266
13,101,215
13,102,209
13,103,311
13,104,243
13,105,208
13,106,201
13,107,209
13,108,217
13,109,217
13,110,205
13,111,211
13,112,212
13,113,221
13,114,377
13,115,283
13,116,209
13,117,204
13,118,214
13,119,235
13,120,209
13,121,202
13,122,222
13,123,186
13,124,286
13,125,190
13,126,223
13,127,199
13,128,233
13,129,168
13,130,246
13,131,175
13,132,217
13,133,165
13,134,147
13,135,229
13,136,132
13,137,155
13,138,169
13,139,174
13,140,152
13,141,155
13,142,142
13,143,2670
13,144,686
13,145,239
13,146,139
13,147,158
13,148,303
13,149,163
13,150,165
13,151,169
13,152,176
13,153,196
13,154,155
13,155,243
13,156,172
13,157,226
13,158,186
13,159,182
13,160,277
13,161,225
13,162,170
13,163,250
13,164,178
13,165,174
13,166,188
13,167,180
13,168,185
13,169,183
13,170,243
13,171,222
13,172,180
13,173,193
13,174,227
13,175,190
13,176,175
13,177,194
13,178,215
13,179,3169
13,180,200
13,181,225
13,182,194
13,183,274
13,184,207
13,185,239
13,186,177
13,187,200
13,188,221
13,189,230
13,190,178
13,191,261
13,192,204
13,193,214
13,194,179
13,195,236
13,196,191
13,197,256
13,198,319
13,199,214
13,200,215
13,201,242
13,202,218
13,203,233
13,204,203
13,205,257
13,206,216
13,207,251
13,208,216
13,209,257
13,210,2628
13,211,347
13,212,216
13,213,447
13,214,296
13,215,433
13,216,219
13,217,290
13,218,271
13,219,334
13,220,274
13,221,1762
13,222,265
13,223,346
13,224,272
13,225,846
13,226,281
13,227,439
13,228,285
13,229,383
13,230,317
13,231,383
13,232,331
13,233,446
13,234,345
13,235,4095
13,236,398
13,237,484
13,238,512
13,239,493
13,240,443
13,241,510
13,242,480
13,243,555
13,244,498
13,245,887
13,246,679
13,247,923
13,248,573
13,249,697
13,250,601
13,251,678
13,252,645
13,253,708
13,254,774
13,255,674
13,256,650
14,1,361
14,2,413
14,3,381
14,4,401
14,5,379
14,6,539
14,7,417
14,8,763
14,9,1090
14,10,465
14,11,419
14,12,425
14,13,505
14,14,447
14,15,444
14,16,457
14,17,404
14,18,442
14,19,403
14,20,483
14,21,381
14,22,451
14,23,3834
14,24,431
14,25,410
14,26,431
14,27,448
14,28,1222
14,29,413
14,30,504
14,31,430
14,32,479
14,33,401
14,34,503
14,35,523
14,36,430
14,37,456
14,38,635
14,39,416
14,40,465
14,41,412
14,42,427
14,43,375
14,44,403
14,45,405
14,46,311
14,47,235
14,48,257
14,49,284
14,50,233
14,51,612
14,52,329
14,53,311
14,54,233
14,55,233
14,56,233
14,57,216
14,58,244
14,59,512
14,60,249
14,61,250
14,62,246
14,63,207
14,64,339
14,65,217
14,66,232
14,67,244
14,68,290
14,69,227
14,70,234
14,71,576
14,72,605
14,73,418
14,74,238
14,75,247
14,76,291
14,77,371
14,78,241
14,79,218
14,80,278
14,81,230
14,82,231
14,83,223
14,84,231
14,85,200
14,86,258
14,87,239
14,88,307
14,89,209
14,90,227
14,91,227
14,92,341
14,93,244
14,94,233
14,95,230
14,96,211
14,97,308
14,98,216
14,99,249
14,100,269
14,101,215
14,102,210
14,103,311
14,104,243
14,105,209
14,106,202
14,107,210
14,108,218
14,109,217
14,110,207
14,111,212
14,112,215
14,113,222
14,114,382
14,115,281
14,116,209
14,117,206
14,118,214
14,119,236
14,120,209
14,121,202
14,122,223
14,123,184
14,124,288
14,125,191
14,126,224
14,127,199
14,128,233
14,129,167
14,130,249
14,131,176
14,132,218
14,133,166
14,134,148
14,135,232
14,136,131
14,137,155
14,138,171
14,139,174
14,140,153
14,141,154
14,142,143
14,143,2670
14,144,687
14,145,239
14,146,140
14,147,158
14,148,313
14,149,163
14,150,166
14,151,169
14,152,175
14,153,196
14,154,155
14,155,243
14,156,172
14,157,226
14,158,184
14,159,183
14,160,273
14,161,226
14,162,170
14,163,251
14,164,179
14,165,175
14,166,187
14,167,180
14,168,185
14,169,183
14,170,244
14,171,223
14,172,181
14,173,193
14,174,227
14,175,190
14,176,176
14,177,195
14,178,215
14,179,3177
14,180,200
14,181,227
14,182,195
14,183,269
14,184,206
14,185,239
14,186,177
14,187,201
14,188,221
14,189,230
14,190,180
14,191,266
14,192,203
14,193,215
14,194,177
14,195,238
14,196,191
14,197,256
14,198,289
14,199,214
14,200,216
14,201,241
14,202,218
14,203,233
14,204,205
14,205,258
14,206,219
14,207,251
14,208,215
14,209,259
14,210,2635
14,211,347
14,212,218
14,213,438
14,214,296
14,215,431
14,216,219
14,217,291
14,218,273
14,219,331
14,220,274
14,221,1743
14,222,263
14,223,347
14,224,275
14,225,849
14,226,281
14,227,437
14,228,286
14,229,383
14,230,319
14,231,382
14,232,331
14,233,443
14,234,346
14,235,4095
14,236,399
14,237,483
14,238,515
14,239,490
14,240,444
14,241,512
14,242,479
14,243,556
14,244,499
14,245,890
14,246,650
14,247,930
14,248,572
14,249,693
14,250,603
14,251,676
14,252,642
14,253,709
14,254,773
14,255,677
14,256,651
15,1,361
15,2,413
15,3,382
15,4,402
15,5,377
15,6,537
15,7,416
15,8,762
15,9,1105
15,10,466
15,11,416
15,12,424
15,13,503
15,14,448
15,15,442
15,16,459
15,17,404
15,18,439
15,19,400
15,20,482
15,21,382
15,22,450
15,23,3830
15,24,433
15,25,410
15,26,430
15,27,450
15,28,1222
15,29,412
15,30,503
15,31,431
15,32,479
15,33,401
15,34,507
15,35,520
15,36,429
15,37,455
15,38,635
15,39,414
15,40,466
15,41,413
15,42,427
15,43,375
15,44,403
15,45,405
15,46,309
15,47,234
15,48,258
15,49,289
15,50,233
15,51,630
15,52,327
15,53,307
15,54,232
15,55,232
15,56,231
15,57,216
15,58,244
15,59,510
15,60,246
15,61,253
15,62,244
15,63,207
15,64,340
15,65,214
15,66,232
15,67,245
15,68,291
15,69,223
15,70,232
15,71,574
15,72,606
15,73,412
15,74,239
15,75,247
15,76,288
15,77,371
15,78,239
15,79,218
15,80,277
15,81,228
15,82,229
15,83,223
15,84,231
15,85,200
15,86,257
15,87,239
15,88,307
15,89,209
15,90,227
15,91,227
15,92,352
15,93,242
15,94,240
15,95,228
15,96,210
15,97,308
15,98,217
15,99,250
15,100,269
15,101,214
15,102,209
15,103,311
15,104,243
15,105,209
15,106,202
15,107,209
15,108,215
15,109,216
15,110,206
15,111,211
15,112,213
15,113,221
15,114,382
15,115,280
15,116,210
15,117,204
15,118,215
15,119,239
15,120,229
15,121,208
15,122,223
15,123,183
15,124,288
15,125,190
15,126,224
15,127,200
15,128,236
15,129,167
15,130,250
15,131,172
15,132,216
15,133,166
15,134,147
15,135,231
15,136,132
15,137,156
15,138,171
15,139,174
15,140,153
15,141,153
15,142,144
15,143,2670
15,144,685
15,145,238
15,146,139
15,147,158
15,148,308
15,149,163
15,150,166
15,151,168
15,152,177
15,153,195
15,154,155
15,155,245
15,156,172
15,157,225
15,158,185
15,159,181
15,160,276
15,161,225
15,162,171
15,163,257
15,164,177
15,165,173
15,166,187
15,167,180
15,168,185
15,169,183
15,170,244
15,171,221
15,172,181
15,173,193
15,174,227
15,175,189
15,176,177
15,177,194
15,178,217
15,179,3199
15,180,199
15,181,227
15,182,194
15,183,271
15,184,207
15,185,239
15,186,178
15,187,200
15,188,238
15,189,230
15,190,179
15,191,264
15,192,204
15,193,215
15,194,179
15,195,236
15,196,192
15,197,254
15,198,308
15,199,214
15,200,217
15,201,241
15,202,219
15,203,233
15,204,205
15,205,258
15,206,218
15,207,249
15,208,216
15,209,260
15,210,2633
15,211,346
15,212,217
15,213,439
15,214,296
15,215,431
15,216,220
15,217,290
15,218,272
15,219,333
15,220,276
15,221,1743
15,222,266
15,223,346
15,224,275
15,225,837
15,226,279
15,227,438
15,228,285
15,229,383
15,230,319
15,231,382
15,232,331
15,233,441
15,234,345
15,235,4095
15,236,400
15,237,483
15,238,512
15,239,490
15,240,443
15,241,510
15,242,480
15,243,555
15,244,498
15,245,885
15,246,681
15,247,927
15,248,574
15,249,701
15,250,601
15,251,676
15,252,643
15,253,709
15,254,777
15,255,676
15,256,640
16,1,362
16,2,414
16,3,381
16,4,401
16,5,379
16,6,537
16,7,416
16,8,774
16,9,1056
16,10,466
16,11,419
16,12,425
16,13,507
16,14,448
16,15,443
16,16,459
16,17,402
16,18,439
16,19,403
16,20,484
16,21,382
16,22,446
16,23,3862
16,24,432
16,25,409
16,26,432
16,27,449
16,28,1223
16,29,413
16,30,505
16,31,431
16,32,479
16,33,400
16,34,506
16,35,515
16,36,429
16,37,456
16,38,632
16,39,413
16,40,464
16,41,410
16,42,426
16,43,375
16,44,405
16,45,404
16,46,310
16,47,233
16,48,257
16,49,287
16,50,233
16,51,616
16,52,327
16,53,308
16,54,233
16,55,233
16,56,231
16,57,215
16,58,243
16,59,512
16,60,249
16,61,251
16,62,246
16,63,208
16,64,339
16,65,216
16,66,232
16,67,245
16,68,290
16,69,225
16,70,233
16,71,576
16,72,599
16,73,409
16,74,239
16,75,247
16,76,290
16,77,371
16,78,239
16,79,217
16,80,277
16,81,230
16,82,228
16,83,223
16,84,230
16,85,201
16,86,257
16,87,238
16,88,306
16,89,208
16,90,226
16,91,228
16,92,343
16,93,241
16,94,239
16,95,229
16,96,210
16,97,319
16,98,214
16,99,250
16,100,267
16,101,214
16,102,209
16,103,312
16,104,242
16,105,207
16,106,202
16,107,209
16,108,217
16,109,216
16,110,206
16,111,211
16,112,214
16,113,221
16,114,391
16,115,282
16,116,210
16,117,205
16,118,233
16,119,236
16,120,210
16,121,202
16,122,224
16,123,184
16,124,285
16,125,190
16,126,223
16,127,198
16,128,234
16,129,168
16,130,248
16,131,174
16,132,216
16,133,166
16,134,147
16,135,229
16,136,132
16,137,156
16,138,170
16,139,174
16,140,154
16,141,155
16,142,143
16,143,2666
16,144,685
16,145,239
16,146,140
16,147,158
16,148,309
16,149,163
16,150,163
16,151,168
16,152,175
16,153,196
16,154,155
16,155,244
16,156,173
16,157,226
16,158,182
16,159,182
16,160,276
16,161,225
16,162,170
16,163,253
16,164,179
16,165,174
16,166,186
16,167,181
16,168,185
16,169,183
16,170,245
16,171,223
16,172,179
16,173,193
16,174,227
16,175,190
16,176,175
16,177,194
16,178,215
16,179,3166
16,180,199
16,181,228
16,182,193
16,183,274
16,184,206
16,185,240
16,186,177
16,187,201
16,188,239
16,189,230
16,190,178
16,191,260
16,192,205
16,193,215
16,194,179
16,195,232
16,196,191
16,197,255
16,198,298
16,199,214
16,200,218
16,201,243
16,202,219
16,203,234
16,204,204
16,205,257
16,206,218
16,207,251
16,208,215
16,209,257
16,210,2629
16,211,350
16,212,218
16,213,443
16,214,295
16,215,434
16,216,220
16,217,289
16,218,274
16,219,331
16,220,274
16,221,1749
16,222,265
16,223,349
16,224,273
16,225,858
16,226,281
16,227,436
16,228,285
16,229,384
16,230,317
16,231,382
16,232,331
16,233,446
16,234,346
16,235,4095
16,236,400
16,237,485
16,238,516
16,239,491
16,240,443
16,241,512
16,242,480
16,243,554
16,244,498
16,245,887
16,246,677
16,247,917
16,248,571
16,249,702
16,250,602
16,251,677
16,252,644
16,253,710
16,254,774
16,255,677
16,256,639
17,1,361
17,2,412
17,3,385
17,4,402
17,5,379
17,6,539
17,7,413
17,8,761
17,9,1090
17,10,466
17,11,417
17,12,425
17,13,503
17,14,447
17,15,440
17,16,458
17,17,402
17,18,439
17,19,403
17,20,483
17,21,383
17,22,446
17,23,4015
17,24,431
17,25,409
17,26,431
17,27,446
17,28,1222
17,29,413
17,30,504
17,31,429
17,32,481
17,33,402
17,34,506
17,35,519
17,36,428
17,37,456
17,38,634
17,39,415
17,40,463
17,41,413
17,42,425
17,43,375
17,44,404
17,45,405
17,46,308
17,47,235
17,48,257
17,49,288
17,50,232
17,51,621
17,52,321
17,53,309
17,54,231
17,55,233
17,56,231
17,57,216
17,58,243
17,59,510
17,60,247
17,61,254
17,62,243
17,63,207
17,64,338
17,65,217
17,66,232
17,67,245
17,68,291
17,69,225
17,70,232
17,71,576
17,72,596
17,73,410
17,74,238
17,75,249
17,76,294
17,77,370
17,78,236
17,79,218
17,80,276
17,81,229
17,82,228
17,83,223
17,84,230
17,85,200
17,86,259
17,87,240
17,88,305
17,89,208
17,90,226
17,91,227
17,92,343
17,93,241
17,94,238
17,95,231
17,96,211
17,97,316
17,98,215
17,99,250
17,100,266
17,101,214
17,102,208
17,103,311
17,104,242
17,105,207
17,106,202
17,107,208
17,108,216
17,109,218
17,110,206
17,111,211
17,112,211
17,113,223
17,114,380
17,115,281
17,116,209
17,117,204
17,118,214
17,119,236
17,120,208
17,121,202
17,122,222
17,123,185
17,124,284
17,125,189
17,126,223
17,127,198
17,128,234
17,129,168
17,130,247
17,131,174
17,132,217
17,133,165
17,134,148
17,135,231
17,136,132
17,137,157
17,138,169
17,139,174
17,140,151
17,141,153
17,142,143
17,143,2674
17,144,687
17,145,238
17,146,139
17,147,157
17,148,313
17,149,163
17,150,163
17,151,169
17,152,176
17,153,196
17,154,155
17,155,243
17,156,170
17,157,224
17,158,184
17,159,182
17,160,272
17,161,225
17,162,171
17,163,254
17,164,178
17,165,175
17,166,187
17,167,181
17,168,184
17,169,183
17,170,242
17,171,221
17,172,180
17,173,191
17,174,226
17,175,190
17,176,176
17,177,193
17,178,214
17,179,3167
17,180,199
17,181,228
17,182,194
17,183,269
17,184,205
17,185,238
17,186,176
17,187,200
17,188,238
17,189,230
17,190,178
17,191,261
17,192,203
17,193,215
17,194,178
17,195,232
17,196,191
17,197,256
17,198,308
17,199,214
17,200,217
17,201,242
17,202,219
17,203,233
17,204,204
17,205,258
17,206,218
17,207,251
17,208,215
17,209,258
17,210,2630
17,211,347
17,212,217
17,213,439
17,214,295
17,215,435
17,216,218
17,217,290
17,218,273
17,219,333
17,220,274
17,221,1744
17,222,265
17,223,345
17,224,273
17,225,831
17,226,279
17,227,437
17,228,286
17,229,384
17,230,317
17,231,383
17,232,332
17,233,446
17,234,346
17,235,4095
17,236,398
17,237,483
17,238,513
17,239,490
17,240,444
17,241,511
17,242,481
17,243,554
17,244,500
17,245,883
17,246,694
17,247,903
17,248,572
17,249,702
17,250,601
17,251,677
17,252,642
17,253,707
17,254,773
17,255,677
17,256,639
18,1,360
18,2,412
18,3,378
18,4,400
18,5,380
18,6,540
18,7,414
18,8,758
18,9,1059
18,10,466
18,11,417
18,12,426
18,13,506
18,14,450
18,15,443
18,16,459
18,17,401
18,18,440
18,19,401
18,20,484
18,21,382
18,22,447
18,23,3821
18,24,433
18,25,408
18,26,431
18,27,447
18,28,1222
18,29,413
18,30,503
18,31,428
18,32,482
18,33,401
18,34,506
18,35,520
18,36,429
18,37,456
18,38,634
18,39,416
18,40,460
18,41,414
18,42,426
18,43,399
18,44,406
18,45,401
18,46,310
18,47,234
18,48,258
18,49,288
18,50,232
18,51,608
18,52,329
18,53,308
18,54,233
18,55,232
18,56,232
18,57,216
18,58,242
18,59,512
18,60,257
18,61,253
18,62,245
18,63,207
18,64,341
18,65,217
18,66,233
18,67,243
18,68,289
18,69,226
18,70,232
18,71,576
18,72,602
18,73,410
18,74,238
18,75,246
18,76,287
18,77,376
18,78,239
18,79,217
18,80,277
18,81,228
18,82,230
18,83,223
18,84,230
18,85,201
18,86,256
18,87,238
18,88,306
18,89,208
18,90,226
18,91,228
18,92,348
18,93,242
18,94,238
18,95,229
18,96,211
18,97,305
18,98,215
18,99,249
18,100,267
18,101,214
18,102,208
18,103,310
18,104,243
18,105,208
18,106,202
18,107,209
18,108,215
18,109,215
18,110,206
18,111,212
18,112,212
18,113,223
18,114,385
18,115,280
18,116,210
18,117,205
18,118,215
18,119,236
18,120,208
18,121,202
18,122,225
18,123,185
18,124,284
18,125,189
18,126,223
18,127,200
18,128,234
18,129,167
18,130,247
18,131,174
18,132,217
18,133,166
18,134,148
18,135,231
18,136,133
18,137,156
18,138,169
18,139,173
18,140,151
18,141,155
18,142,143
18,143,2675
18,144,685
18,145,238
18,146,140
18,147,158
18,148,317
18,149,163
18,150,165
18,151,168
18,152,175
18,153,196
18,154,155
18,155,244
18,156,172
18,157,224
18,158,184
18,159,182
18,160,276
18,161,225
18,162,171
18,163,256
18,164,178
18,165,174
18,166,187
18,167,180
18,168,184
18,169,182
18,170,242
18,171,224
18,172,181
18,173,192
18,174,226
18,175,188
18,176,177
18,177,194
18,178,215
18,179,3166
18,180,200
18,181,227
18,182,194
18,183,269
18,184,207
18,185,239
18,186,177
18,187,200
18,188,239
18,189,230
18,190,179
18,191,261
18,192,204
18,193,214
18,194,178
18,195,236
18,196,190
18,197,255
18,198,287
18,199,215
18,200,216
18,201,241
18,202,220
18,203,232
18,204,204
18,205,257
18,206,217
18,207,250
18,208,216
18,209,258
18,210,2627
18,211,354
18,212,218
18,213,444
18,214,295
18,215,428
18,216,218
18,217,289
18,218,274
18,219,332
18,220,276
18,221,1748
18,222,264
18,223,345
18,224,276
18,225,855
18,226,280
18,227,438
18,228,286
18,229,383
18,230,318
18,231,383
18,232,333
18,233,445
18,234,344
18,235,4095
18,236,399
18,237,483
18,238,514
18,239,490
18,240,445
18,241,511
18,242,477
18,243,553
18,244,497
18,245,881
18,246,702
18,247,916
18,248,573
18,249,696
18,250,601
18,251,678
18,252,642
18,253,709
18,254,775
18,255,675
18,256,639
19,1,362
19,2,412
19,3,381
19,4,401
19,5,378
19,6,546
19,7,413
19,8,761
19,9,1144
19,10,463
19,11,419
19,12,425
19,13,506
19,14,448
19,15,441
19,16,459
19,17,401
19,18,439
19,19,401
19,20,483
19,21,382
19,22,446
19,23,3816
19,24,431
19,25,410
19,26,430
19,27,449
19,28,1221
19,29,413
19,30,503
19,31,428
19,32,482
19,33,401
19,34,505
19,35,518
19,36,427
19,37,457
19,38,633
19,39,415
19,40,462
19,41,415
19,42,425
19,43,376
19,44,403
19,45,403
19,46,310
19,47,236
19,48,257
19,49,287
19,50,232
19,51,607
19,52,327
19,53,308
19,54,233
19,55,234
19,56,230
19,57,215
19,58,242
19,59,511
19,60,248
19,61,253
19,62,245
19,63,206
19,64,341
19,65,216
19,66,232
19,67,244
19,68,290
19,69,227
19,70,232
19,71,575
19,72,603
19,73,410
19,74,238
19,75,248
19,76,288
19,77,371
19,78,238
19,79,218
19,80,277
19,81,229
19,82,229
19,83,223
19,84,229
19,85,201
19,86,253
19,87,240
19,88,307
19,89,210
19,90,226
19,91,228
19,92,343
19,93,241
19,94,238
19,95,231
19,96,209
19,97,313
19,98,215
19,99,250
19,100,266
19,101,214
19,102,208
19,103,313
19,104,242
19,105,207
19,106,201
19,107,209
19,108,215
19,109,216
19,110,206
19,111,211
19,112,212
19,113,222
19,114,379
19,115,282
19,116,209
19,117,205
19,118,214
19,119,235
19,120,209
19,121,201
19,122,224
19,123,183
19,124,287
19,125,189
19,126,223
19,127,199
19,128,233
19,129,166
19,130,260
19,131,175
19,132,217
19,133,166
19,134,146
19,135,232
19,136,133
19,137,157
19,138,169
19,139,174
19,140,150
19,141,153
19,142,143
19,143,2670
19,144,687
19,145,239
19,146,139
19,147,158
19,148,314
19,149,163
19,150,164
19,151,168
19,152,176
19,153,196
19,154,154
19,155,246
19,156,172
19,157,225
19,158,183
19,159,181
19,160,273
19,161,226
19,162,170
19,163,253
19,164,177
19,165,175
19,166,188
19,167,182
19,168,184
19,169,182
19,170,243
19,171,221
19,172,182
19,173,192
19,174,226
19,175,188
19,176,177
19,177,193
19,178,215
19,179,3169
19,180,199
19,181,231
19,182,194
19,183,272
19,184,207
19,185,239
19,186,203
19,187,261
19,188,241
19,189,230
19,190,178
19,191,259
19,192,203
19,193,216
19,194,179
19,195,237
19,196,191
19,197,255
19,198,307
19,199,215
19,200,216
19,201,242
19,202,220
19,203,233
19,204,204
19,205,258
19,206,218
19,207,250
19,208,216
19,209,277
19,210,2631
19,211,346
19,212,218
19,213,444
19,214,297
19,215,429
19,216,219
19,217,288
19,218,272
19,219,333
19,220,275
19,221,1751
19,222,265
19,223,345
19,224,275
19,225,833
19,226,279
19,227,438
19,228,285
19,229,385
19,230,319
19,231,382
19,232,333
19,233,447
19,234,346
19,235,4095
19,236,396
19,237,484
19,238,516
19,239,490
19,240,443
19,241,512
19,242,478
19,243,556
19,244,497
19,245,883
19,246,679
19,247,907
19,248,571
19,249,702
19,250,602
19,251,678
19,252,643
19,253,708
19,254,774
19,255,676
19,256,638
20,1,359
20,2,413
20,3,382
20,4,401
20,5,380
20,6,541
20,7,417
20,8,763
20,9,1079
20,10,465
20,11,419
20,12,424
20,13,505
20,14,447
20,15,442
20,16,458
20,17,402
20,18,440
20,19,404
20,20,483
20,21,379
20,22,446
20,23,3818
20,24,431
20,25,411
20,26,433
20,27,449
20,28,1221
20,29,413
20,30,504
20,31,431
20,32,482
20,33,401
20,34,505
20,35,516
20,36,428
20,37,456
20,38,636
20,39,416
20,40,459
20,41,412
20,42,428
20,43,375
20,44,406
20,45,380
20,46,310
20,47,235
20,48,258
20,49,282
20,50,233
20,51,618
20,52,326
20,53,308
20,54,234
20,55,233
20,56,231
20,57,215
20,58,245
20,59,511
20,60,246
20,61,254
20,62,245
20,63,208
20,64,341
20,65,217
20,66,231
20,67,245
20,68,292
20,69,227
20,70,233
20,71,576
20,72,608
20,73,419
20,74,237
20,75,249
20,76,291
20,77,370
20,78,239
20,79,218
20,80,277
20,81,229
20,82,231
20,83,222
20,84,230
20,85,200
20,86,253
20,87,239
20,88,307
20,89,210
20,90,226
20,91,228
20,92,344
20,93,240
20,94,240
20,95,251
20,96,211
20,97,312
20,98,218
20,99,251
20,100,267
20,101,214
20,102,208
20,103,314
20,104,242
20,105,208
20,106,202
20,107,209
20,108,217
20,109,216
20,110,205
20,111,211
20,112,213
20,113,221
20,114,379
20,115,284
20,116,210
20,117,204
20,118,215
20,119,237
20,120,209
20,121,203
20,122,225
20,123,183
20,124,287
20,125,190
20,126,223
20,127,201
20,128,234
20,129,167
20,130,261
20,131,174
20,132,218
20,133,165
20,134,146
20,135,230
20,136,133
20,137,157
20,138,169
20,139,174
20,140,152
20,141,154
20,142,143
20,143,2671
20,144,685
20,145,239
20,146,139
20,147,158
20,148,310
20,149,163
20,150,164
20,151,169
20,152,176
20,153,198
20,154,155
20,155,245
20,156,172
20,157,224
20,158,183
20,159,182
20,160,277
20,161,225
20,162,171
20,163,256
20,164,179
20,165,175
20,166,188
20,167,182
20,168,185
20,169,182
20,170,242
20,171,224
20,172,180
20,173,193
20,174,228
20,175,189
20,176,177
20,177,194
20,178,215
20,179,3170
20,180,200
20,181,228
20,182,193
20,183,275
20,184,207
20,185,237
20,186,177
20,187,200
20,188,240
20,189,229
20,190,179
20,191,262
20,192,204
20,193,215
20,194,178
20,195,236
20,196,191
20,197,256
20,198,301
20,199,215
20,200,217
20,201,242
20,202,220
20,203,234
20,204,204
20,205,259
20,206,219
20,207,250
20,208,214
20,209,257
20,210,2630
20,211,346
20,212,217
20,213,456
20,214,349
20,215,430
20,216,219
20,217,289
20,218,273
20,219,334
20,220,275
20,221,1765
20,222,265
20,223,348
20,224,275
20,225,835
20,226,280
20,227,440
20,228,286
20,229,384
20,230,317
20,231,383
20,232,330
20,233,443
20,234,345
20,235,4095
20,236,397
20,237,482
20,238,516
20,239,491
20,240,445
20,241,511
20,242,481
20,243,558
20,244,502
20,245,883
20,246,680
20,247,915
20,248,571
20,249,698
20,250,601
20,251,677
20,252,644
20,253,710
20,254,777
20,255,675
20,256,638
21,1,360
21,2,413
21,3,380
21,4,401
21,5,380
21,6,546
21,7,415
21,8,756
21,9,1070
21,10,464
21,11,418
21,12,424
21,13,506
21,14,447
21,15,444
21,16,458
21,17,403
21,18,434
21,19,401
21,20,481
21,21,383
21,22,444
21,23,3886
21,24,432
21,25,410
21,26,431
21,27,447
21,28,1223
21,29,413
21,30,504
21,31,430
21,32,477
21,33,402
21,34,505
21,35,517
21,36,429
21,37,455
21,38,636
21,39,416
21,40,460
21,41,413
21,42,427
21,43,376
21,44,404
21,45,406
21,46,310
21,47,234
21,48,256
21,49,290
21,50,232
21,51,611
21,52,328
21,53,309
21,54,232
21,55,232
21,56,230
21,57,217
21,58,243
21,59,512
21,60,247
21,61,253
21,62,244
21,63,207
21,64,340
21,65,216
21,66,232
21,67,245
21,68,290
21,69,224
21,70,232
21,71,578
21,72,604
21,73,416
21,74,237
21,75,250
21,76,290
21,77,368
21,78,239
21,79,219
21,80,277
21,81,231
21,82,231
21,83,223
21,84,229
21,85,202
21,86,254
21,87,239
21,88,306
21,89,209
21,90,225
21,91,229
21,92,345
21,93,246
21,94,239
21,95,230
21,96,210
21,97,316
21,98,216
21,99,249
21,100,267
21,101,214
21,102,207
21,103,316
21,104,243
21,105,208
21,106,203
21,107,210
21,108,216
21,109,215
21,110,206
21,111,212
21,112,213
21,113,223
21,114,352
21,115,284
21,116,209
21,117,203
21,118,214
21,119,235
21,120,209
21,121,203
21,122,223
21,123,185
21,124,285
21,125,190
21,126,222
21,127,200
21,128,234
21,129,170
21,130,261
21,131,175
21,132,217
21,133,166
21,134,148
21,135,233
21,136,131
21,137,157
21,138,169
21,139,174
21,140,150
21,141,155
21,142,142
21,143,2673
21,144,688
21,145,240
21,146,140
21,147,158
21,148,312
21,149,163
21,150,163
21,151,169
21,152,178
21,153,197
21,154,155
21,155,246
21,156,172
21,157,224
21,158,185
21,159,182
21,160,277
21,161,227
21,162,170
21,163,254
21,164,178
21,165,174
21,166,186
21,167,181
21,168,184
21,169,183
21,170,243
21,171,225
21,172,182
21,173,193
21,174,227
21,175,189
21,176,177
21,177,195
21,178,215
21,179,3174
21,180,200
21,181,229
21,182,193
21,183,273
21,184,206
21,185,239
21,186,177
21,187,201
21,188,239
21,189,231
21,190,179
21,191,260
21,192,202
21,193,215
21,194,178
21,195,238
21,196,191
21,197,256
21,198,279
21,199,214
21,200,216
21,201,242
21,202,220
21,203,233
21,204,204
21,205,258
21,206,218
21,207,250
21,208,214
21,209,257
21,210,2629
21,211,347
21,212,218
21,213,449
21,214,298
21,215,429
21,216,217
21,217,290
21,218,273
21,219,333
21,220,273
21,221,1737
21,222,265
21,223,346
21,224,275
21,225,847
21,226,280
21,227,439
21,228,285
21,229,383
21,230,317
21,231,383
21,232,332
21,233,448
21,234,345
21,235,4095
21,236,397
21,237,483
21,238,515
21,239,492
21,240,444
21,241,512
21,242,478
21,243,556
21,244,499
21,245,887
21,246,683
21,247,911
21,248,572
21,249,688
21,250,601
21,251,679
21,252,643
21,253,710
21,254,766
21,255,676
21,256,640
22,1,361
22,2,413
22,3,385
22,4,401
22,5,381
22,6,542
22,7,414
22,8,755
22,9,1057
22,10,466
22,11,421
22,12,424
22,13,506
22,14,450
22,15,442
22,16,460
22,17,404
22,18,433
22,19,401
22,20,484
22,21,382
22,22,451
22,23,3857
22,24,431
22,25,411
22,26,431
22,27,452
22,28,1220
22,29,417
22,30,502
22,31,432
22,32,476
22,33,401
22,34,503
22,35,519
22,36,428
22,37,456
22,38,636
22,39,415
22,40,461
22,41,410
22,42,426
22,43,377
22,44,405
22,45,404
22,46,310
22,47,234
22,48,257
22,49,290
22,50,233
22,51,617
22,52,326
22,53,309
22,54,233
22,55,235
22,56,231
22,57,215
22,58,244
22,59,509
22,60,248
22,61,254
22,62,244
22,63,207
22,64,344
22,65,217
22,66,233
22,67,242
22,68,293
22,69,222
22,70,232
22,71,575
22,72,605
22,73,414
22,74,238
22,75,251
22,76,289
22,77,372
22,78,240
22,79,219
22,80,275
22,81,231
22,82,230
22,83,223
22,84,229
22,85,200
22,86,254
22,87,239
22,88,305
22,89,209
22,90,225
22,91,230
22,92,344
22,93,243
22,94,233
22,95,231
22,96,210
22,97,317
22,98,217
22,99,251
22,100,269
22,101,215
22,102,209
22,103,319
22,104,243
22,105,208
22,106,202
22,107,210
22,108,216
22,109,216
22,110,206
22,111,212
22,112,213
22,113,223
22,114,383
22,115,283
22,116,210
22,117,204
22,118,212
22,119,235
22,120,210
22,121,203
22,122,225
22,123,190
22,124,316
22,125,190
22,126,223
22,127,198
22,128,234
22,129,167
22,130,246
22,131,175
22,132,217
22,133,166
22,134,148
22,135,227
22,136,132
22,137,157
22,138,170
22,139,174
22,140,151
22,141,155
22,142,143
22,143,2665
22,144,687
22,145,239
22,146,140
22,147,158
22,148,315
22,149,163
22,150,165
22,151,170
22,152,174
22,153,197
22,154,155
22,155,246
22,156,172
22,157,226
22,158,182
22,159,183
22,160,271
22,161,227
22,162,171
22,163,252
22,164,179
22,165,176
22,166,186
22,167,181
22,168,183
22,169,184
22,170,243
22,171,223
22,172,181
22,173,194
22,174,227
22,175,189
22,176,176
22,177,193
22,178,214
22,179,3175
22,180,201
22,181,228
22,182,194
22,183,272
22,184,207
22,185,238
22,186,178
22,187,201
22,188,239
22,189,230
22,190,180
22,191,260
22,192,202
22,193,215
22,194,179
22,195,232
22,196,192
22,197,255
22,198,335
22,199,215
22,200,216
22,201,242
22,202,219
22,203,234
22,204,204
22,205,258
22,206,218
22,207,251
22,208,215
22,209,257
22,210,2628
22,211,348
22,212,217
22,213,439
22,214,295
22,215,431
22,216,220
22,217,290
22,218,273
22,219,333
22,220,275
22,221,1813
22,222,265
22,223,344
22,224,276
22,225,855
22,226,280
22,227,436
22,228,286
22,229,386
22,230,318
22,231,382
22,232,333
22,233,445
22,234,346
22,235,4095
22,236,398
22,237,484
22,238,517
22,239,490
22,240,442
22,241,512
22,242,478
22,243,557
22,244,498
22,245,888
22,246,704
22,247,895
22,248,572
22,249,699
22,250,601
22,251,677
22,252,642
22,253,710
22,254,770
22,255,676
22,256,639
23,1,364
23,2,413
23,3,385
23,4,402
23,5,381
23,6,547
23,7,415
23,8,751
23,9,1087
23,10,468
23,11,452
23,12,473
23,13,617
23,14,669
23,15,448
23,16,469
23,17,402
23,18,435
23,19,402
23,20,483
23,21,381
23,22,445
23,23,3819
23,24,431
23,25,410
23,26,433
23,27,471
23,28,1222
23,29,415
23,30,503
23,31,431
23,32,482
23,33,402
23,34,506
23,35,518
23,36,428
23,37,455
23,38,636
23,39,414
23,40,459
23,41,415
23,42,427
23,43,375
23,44,406
23,45,404
23,46,311
23,47,235
23,48,257
23,49,289
23,50,233
23,51,633
23,52,328
23,53,310
23,54,233
23,55,233
23,56,231
23,57,217
23,58,245
23,59,512
23,60,250
23,61,252
23,62,246
23,63,206
23,64,342
23,65,216
23,66,232
23,67,243
23,68,290
23,69,225
23,70,233
23,71,578
23,72,604
23,73,410
23,74,238
23,75,249
23,76,290
23,77,370
23,78,243
23,79,218
23,80,278
23,81,230
23,82,232
23,83,223
23,84,231
23,85,201
23,86,253
23,87,239
23,88,305
23,89,209
23,90,225
23,91,232
23,92,339
23,93,244
23,94,233
23,95,231
23,96,210
23,97,316
23,98,215
23,99,252
23,100,268
23,101,214
23,102,208
23,103,311
23,104,244
23,105,207
23,106,202
23,107,210
23,108,218
23,109,217
23,110,207
23,111,214
23,112,214
23,113,224
23,114,381
23,115,281
23,116,209
23,117,205
23,118,213
23,119,235
23,120,209
23,121,203
23,122,224
23,123,184
23,124,287
23,125,187
23,126,224
23,127,199
23,128,236
23,129,168
23,130,246
23,131,175
23,132,217
23,133,166
23,134,149
23,135,228
23,136,133
23,137,157
23,138,169
23,139,174
23,140,151
23,141,153
23,142,143
23,143,2667
23,144,687
23,145,241
23,146,140
23,147,158
23,148,312
23,149,163
23,150,164
23,151,168
23,152,176
23,153,197
23,154,156
23,155,247
23,156,172
23,157,227
23,158,183
23,159,182
23,160,278
23,161,225
23,162,170
23,163,261
23,164,179
23,165,174
23,166,187
23,167,182
23,168,185
23,169,183
23,170,243
23,171,223
23,172,181
23,173,192
23,174,228
23,175,189
23,176,177
23,177,194
23,178,217
23,179,3175
23,180,200
23,181,229
23,182,193
23,183,273
23,184,207
23,185,238
23,186,178
23,187,200
23,188,241
23,189,230
23,190,179
23,191,261
23,192,201
23,193,215
23,194,179
23,195,235
23,196,193
23,197,255
23,198,341
23,199,215
23,200,217
23,201,242
23,202,220
23,203,234
23,204,206
23,205,259
23,206,218
23,207,249
23,208,216
23,209,257
23,210,2631
23,211,347
23,212,218
23,213,434
23,214,296
23,215,426
23,216,219
23,217,289
23,218,273
23,219,330
23,220,276
23,221,1759
23,222,265
23,223,347
23,224,275
23,225,837
23,226,281
23,227,438
23,228,288
23,229,385
23,230,318
23,231,382
23,232,331
23,233,446
23,234,346
23,235,4095
23,236,398
23,237,483
23,238,518
23,239,491
23,240,445
23,241,512
23,242,479
23,243,555
23,244,501
23,245,890
23,246,690
23,247,909
23,248,585
23,249,695
23,250,601
23,251,675
23,252,642
23,253,709
23,254,775
23,255,676
23,256,642
24,1,362
24,2,411
24,3,385
24,4,404
24,5,383
24,6,542
24,7,414
24,8,754
24,9,1014
24,10,466
24,11,419
24,12,425
24,13,510
24,14,447
24,15,442
24,16,459
24,17,403
24,18,435
24,19,402
24,20,484
24,21,382
24,22,446
24,23,3825
24,24,432
24,25,409
24,26,431
24,27,449
24,28,1222
24,29,411
24,30,502
24,31,429
24,32,482
24,33,402
24,34,505
24,35,521
24,36,427
24,37,455
24,38,635
24,39,416
24,40,462
24,41,414
24,42,426
24,43,376
24,44,404
24,45,406
24,46,311
24,47,235
24,48,258
24,49,282
24,50,233
24,51,618
24,52,327
24,53,310
24,54,234
24,55,234
24,56,232
24,57,216
24,58,245
24,59,511
24,60,249
24,61,254
24,62,244
24,63,207
24,64,337
24,65,218
24,66,232
24,67,244
24,68,290
24,69,223
24,70,232
24,71,574
24,72,599
24,73,417
24,74,237
24,75,249
24,76,291
24,77,372
24,78,242
24,79,219
24,80,277
24,81,230
24,82,230
24,83,222
24,84,229
24,85,201
24,86,253
24,87,239
24,88,305
24,89,208
24,90,227
24,91,230
24,92,348
24,93,242
24,94,237
24,95,230
24,96,211
24,97,314
24,98,217
24,99,250
24,100,269
24,101,216
24,102,209
24,103,314
24,104,243
24,105,208
24,106,202
24,107,209
24,108,217
24,109,215
24,110,207
24,111,211
24,112,212
24,113,222
24,114,375
24,115,282
24,116,209
24,117,205
24,118,215
24,119,234
24,120,210
24,121,202
24,122,223
24,123,185
24,124,286
24,125,189
24,126,224
24,127,200
24,128,235
24,129,170
24,130,250
24,131,175
24,132,220
24,133,167
24,134,147
24,135,232
24,136,132
24,137,156
24,138,170
24,139,174
24,140,153
24,141,154
24,142,142
24,143,2667
24,144,686
24,145,241
24,146,140
24,147,159
24,148,319
24,149,164
24,150,165
24,151,170
24,152,178
24,153,197
24,154,155
24,155,246
24,156,172
24,157,225
24,158,185
24,159,182
24,160,277
24,161,226
24,162,172
24,163,260
24,164,178
24,165,175
24,166,186
24,167,182
24,168,184
24,169,184
24,170,243
24,171,223
24,172,181
24,173,193
24,174,227
24,175,189
24,176,176
24,177,194
24,178,214
24,179,3185
24,180,200
24,181,229
24,182,194
24,183,271
24,184,207
24,185,238
24,186,177
24,187,200
24,188,221
24,189,229
24,190,178
24,191,260
24,192,203
24,193,216
24,194,177
24,195,238
24,196,191
24,197,255
24,198,329
24,199,214
24,200,216
24,201,241
24,202,221
24,203,234
24,204,204
24,205,257
24,206,217
24,207,251
24,208,215
24,209,258
24,210,2632
24,211,349
24,212,219
24,213,444
24,214,296
24,215,432
24,216,220
24,217,290
24,218,272
24,219,334
24,220,274
24,221,1716
24,222,264
24,223,347
24,224,277
24,225,853
24,226,281
24,227,440
24,228,286
24,229,384
24,230,317
24,231,383
24,232,333
24,233,446
24,234,347
24,235,4095
24,236,399
24,237,484
24,238,523
24,239,496
24,240,444
24,241,512
24,242,479
24,243,557
24,244,497
24,245,880
24,246,681
24,247,913
24,248,572
24,249,697
24,250,601
24,251,678
24,252,643
24,253,705
24,254,775
24,255,677
24,256,635
25,1,362
25,2,412
25,3,386
25,4,402
25,5,380
25,6,542
25,7,416
25,8,750
25,9,1090
25,10,467
25,11,420
25,12,425
25,13,510
25,14,447
25,15,441
25,16,458
25,17,403
25,18,434
25,19,403
25,20,483
25,21,380
25,22,447
25,23,3934
25,24,431
25,25,409
25,26,431
25,27,450
25,28,1223
25,29,415
25,30,502
25,31,430
25,32,482
25,33,399
25,34,504
25,35,517
25,36,427
25,37,456
25,38,635
25,39,415
25,40,461
25,41,413
25,42,425
25,43,376
25,44,405
25,45,406
25,46,310
25,47,234
25,48,257
25,49,288
25,50,233
25,51,614
25,52,328
25,53,310
25,54,234
25,55,236
25,56,232
25,57,214
25,58,244
25,59,513
25,60,244
25,61,252
25,62,244
25,63,207
25,64,336
25,65,218
25,66,233
25,67,243
25,68,291
25,69,222
25,70,232
25,71,573
25,72,612
25,73,414
25,74,239
25,75,249
25,76,289
25,77,373
25,78,241
25,79,218
25,80,276
25,81,231
25,82,231
25,83,224
25,84,230
25,85,200
25,86,252
25,87,238
25,88,306
25,89,210
25,90,225
25,91,229
25,92,343
25,93,241
25,94,239
25,95,229
25,96,210
25,97,310
25,98,214
25,99,250
25,100,268
25,101,213
25,102,209
25,103,313
25,104,243
25,105,207
25,106,202
25,107,209
25,108,215
25,109,214
25,110,206
25,111,211
25,112,213
25,113,223
25,114,377
25,115,282
25,116,210
25,117,205
25,118,215
25,119,237
25,120,210
25,121,203
25,122,223
25,123,184
25,124,285
25,125,191
25,126,222
25,127,200
25,128,235
25,129,168
25,130,248
25,131,175
25,132,217
25,133,167
25,134,147
25,135,230
25,136,132
25,137,156
25,138,169
25,139,174
25,140,151
25,141,154
25,142,142
25,143,2671
25,144,685
25,145,241
25,146,140
25,147,157
25,148,313
25,149,163
25,150,164
25,151,169
25,152,176
25,153,198
25,154,156
25,155,246
25,156,171
25,157,224
25,158,184
25,159,183
25,160,276
25,161,226
25,162,171
25,163,252
25,164,178
25,165,175
25,166,187
25,167,181
25,168,185
25,169,183
25,170,244
25,171,226
25,172,182
25,173,193
25,174,227
25,175,189
25,176,177
25,177,194
25,178,214
25,179,3173
25,180,199
25,181,231
25,182,193
25,183,273
25,184,207
25,185,237
25,186,176
25,187,199
25,188,221
25,189,231
25,190,179
25,191,262
25,192,202
25,193,217
25,194,180
25,195,235
25,196,190
25,197,255
25,198,321
25,199,215
25,200,217
25,201,242
25,202,222
25,203,234
25,204,205
25,205,257
25,206,219
25,207,250
25,208,214
25,209,258
25,210,2629
25,211,348
25,212,217
25,213,442
25,214,296
25,215,430
25,216,219
25,217,290
25,218,273
25,219,333
25,220,273
25,221,1741
25,222,264
25,223,347
25,224,275
25,225,849
25,226,281
25,227,434
25,228,283
25,229,385
25,230,318
25,231,382
25,232,331
25,233,448
25,234,346
25,235,4095
25,236,397
25,237,484
25,238,515
25,239,497
25,240,445
25,241,512
25,242,479
25,243,554
25,244,499
25,245,883
25,246,679
25,247,914
25,248,571
25,249,690
25,250,603
25,251,678
25,252,642
25,253,704
25,254,775
25,255,677
25,256,639
26,1,362
26,2,411
26,3,385
26,4,401
26,5,380
26,6,542
26,7,415
26,8,756
26,9,1104
26,10,465
26,11,419
26,12,424
26,13,505
26,14,448
26,15,443
26,16,457
26,17,403
26,18,434
26,19,402
26,20,483
26,21,381
26,22,446
26,23,3818
26,24,430
26,25,412
26,26,430
26,27,449
26,28,1222
26,29,416
26,30,500
26,31,430
26,32,482
26,33,399
26,34,504
26,35,520
26,36,427
26,37,458
26,38,634
26,39,416
26,40,462
26,41,415
26,42,426
26,43,376
26,44,403
26,45,402
26,46,310
26,47,233
26,48,256
26,49,289
26,50,232
26,51,610
26,52,325
26,53,309
26,54,233
26,55,235
26,56,231
26,57,216
26,58,245
26,59,512
26,60,248
26,61,254
26,62,245
26,63,206
26,64,338
26,65,218
26,66,232
26,67,243
26,68,290
26,69,224
26,70,232
26,71,577
26,72,603
26,73,417
26,74,237
26,75,250
26,76,290
26,77,372
26,78,242
26,79,217
26,80,276
26,81,230
26,82,230
26,83,224
26,84,230
26,85,201
26,86,254
26,87,241
26,88,306
26,89,209
26,90,225
26,91,229
26,92,349
26,93,241
26,94,239
26,95,229
26,96,210
26,97,306
26,98,214
26,99,252
26,100,268
26,101,214
26,102,208
26,103,318
26,104,242
26,105,209
26,106,201
26,107,210
26,108,216
26,109,216
26,110,206
26,111,212
26,112,213
26,113,223
26,114,381
26,115,282
26,116,208
26,117,205
26,118,213
26,119,237
26,120,207
26,121,202
26,122,221
26,123,193
26,124,285
26,125,189
26,126,224
26,127,200
26,128,233
26,129,168
26,130,246
26,131,176
26,132,218
26,133,167
26,134,147
26,135,230
26,136,130
26,137,157
26,138,169
26,139,174
26,140,150
26,141,156
26,142,142
26,143,2669
26,144,685
26,145,240
26,146,139
26,147,158
26,148,311
26,149,163
26,150,165
26,151,168
26,152,175
26,153,197
26,154,154
26,155,248
26,156,173
26,157,225
26,158,185
26,159,183
26,160,274
26,161,226
26,162,169
26,163,255
26,164,177
26,165,174
26,166,186
26,167,182
26,168,184
26,169,183
26,170,245
26,171,225
26,172,180
26,173,194
26,174,226
26,175,189
26,176,175
26,177,193
26,178,212
26,179,3168
26,180,198
26,181,228
26,182,194
26,183,270
26,184,206
26,185,238
26,186,178
26,187,200
26,188,221
26,189,229
26,190,177
26,191,261
26,192,202
26,193,218
26,194,178
26,195,235
26,196,190
26,197,255
26,198,323
26,199,214
26,200,217
26,201,241
26,202,221
26,203,234
26,204,203
26,205,258
26,206,218
26,207,251
26,208,215
26,209,258
26,210,2633
26,211,348
26,212,215
26,213,444
26,214,296
26,215,430
26,216,217
26,217,290
26,218,271
26,219,331
26,220,274
26,221,1724
26,222,264
26,223,345
26,224,275
26,225,843
26,226,279
26,227,437
26,228,285
26,229,384
26,230,317
26,231,381
26,232,331
26,233,443
26,234,345
26,235,4095
26,236,396
26,237,483
26,238,513
26,239,495
26,240,443
26,241,512
26,242,473
26,243,557
26,244,495
26,245,882
26,246,680
26,247,910
26,248,572
26,249,695
26,250,602
26,251,678
26,252,641
26,253,703
26,254,774
26,255,677
26,256,645
27,1,362
27,2,410
27,3,387
27,4,403
27,5,380
27,6,548
27,7,414
27,8,761
27,9,1077
27,10,465
27,11,419
27,12,425
27,13,507
27,14,447
27,15,443
27,16,459
27,17,402
27,18,434
27,19,404
27,20,485
27,21,381
27,22,446
27,23,3817
27,24,431
27,25,409
27,26,433
27,27,447
27,28,1223
27,29,413
27,30,503
27,31,431
27,32,483
27,33,400
27,34,501
27,35,517
27,36,428
27,37,456
27,38,633
27,39,415
27,40,468
27,41,413
27,42,423
27,43,375
27,44,404
27,45,406
27,46,309
27,47,233
27,48,258
27,49,284
27,50,233
27,51,618
27,52,325
27,53,310
27,54,232
27,55,234
27,56,232
27,57,215
27,58,245
27,59,511
27,60,247
27,61,253
27,62,243
27,63,208
27,64,339
27,65,219
27,66,231
27,67,243
27,68,291
27,69,223
27,70,233
27,71,575
27,72,603
27,73,412
27,74,240
27,75,248
27,76,290
27,77,374
27,78,239
27,79,218
27,80,280
27,81,229
27,82,229
27,83,224
27,84,234
27,85,201
27,86,248
27,87,240
27,88,307
27,89,210
27,90,226
27,91,228
27,92,350
27,93,243
27,94,233
27,95,229
27,96,210
27,97,311
27,98,215
27,99,251
27,100,269
27,101,215
27,102,209
27,103,313
27,104,243
27,105,209
27,106,203
27,107,209
27,108,215
27,109,217
27,110,207
27,111,211
27,112,214
27,113,221
27,114,380
27,115,281
27,116,210
27,117,239
27,118,214
27,119,237
27,120,209
27,121,202
27,122,223
27,123,184
27,124,286
27,125,189
27,126,223
27,127,200
27,128,233
27,129,168
27,130,246
27,131,175
27,132,218
27,133,166
27,134,147
27,135,231
27,136,133
27,137,157
27,138,170
27,139,173
27,140,151
27,141,155
27,142,141
27,143,2669
27,144,687
27,145,239
27,146,139
27,147,158
27,148,309
27,149,163
27,150,165
27,151,170
27,152,176
27,153,196
27,154,155
27,155,247
27,156,172
27,157,223
27,158,186
27,159,182
27,160,276
27,161,225
27,162,170
27,163,249
27,164,177
27,165,174
27,166,188
27,167,181
27,168,186
27,169,184
27,170,243
27,171,222
27,172,181
27,173,193
27,174,227
27,175,189
27,176,176
27,177,194
27,178,215
27,179,3174
27,180,199
27,181,228
27,182,194
27,183,273
27,184,207
27,185,238
27,186,174
27,187,201
27,188,222
27,189,230
27,190,178
27,191,260
27,192,201
27,193,215
27,194,179
27,195,236
27,196,191
27,197,255
27,198,309
27,199,215
27,200,217
27,201,241
27,202,221
27,203,233
27,204,204
27,205,258
27,206,218
27,207,250
27,208,216
27,209,257
27,210,2644
27,211,353
27,212,217
27,213,445
27,214,296
27,215,431
27,216,218
27,217,290
27,218,272
27,219,333
27,220,274
27,221,1760
27,222,265
27,223,347
27,224,275
27,225,846
27,226,280
27,227,436
27,228,285
27,229,384
27,230,318
27,231,383
27,232,333
27,233,447
27,234,348
27,235,4095
27,236,397
27,237,486
27,238,514
27,239,495
27,240,443
27,241,511
27,242,483
27,243,557
27,244,497
27,245,881
27,246,686
27,247,917
27,248,572
27,249,699
27,250,603
27,251,678
27,252,644
27,253,703
27,254,769
27,255,677
27,256,649
28,1,363
28,2,413
28,3,387
28,4,402
28,5,381
28,6,549
28,7,415
28,8,749
28,9,1080
28,10,466
28,11,420
28,12,425
28,13,507
28,14,447
28,15,442
28,16,459
28,17,404
28,18,435
28,19,403
28,20,483
28,21,382
28,22,447
28,23,3824
28,24,431
28,25,412
28,26,433
28,27,447
28,28,1222
28,29,412
28,30,503
28,31,431
28,32,483
28,33,401
28,34,507
28,35,520
28,36,430
28,37,457
28,38,638
28,39,415
28,40,467
28,41,414
28,42,428
28,43,374
28,44,405
28,45,406
28,46,310
28,47,234
28,48,258
28,49,282
28,50,233
28,51,604
28,52,329
28,53,311
28,54,233
28,55,231
28,56,231
28,57,216
28,58,245
28,59,510
28,60,246
28,61,254
28,62,245
28,63,208
28,64,337
28,65,217
28,66,233
28,67,243
28,68,291
28,69,224
28,70,233
28,71,574
28,72,595
28,73,411
28,74,240
28,75,248
28,76,292
28,77,373
28,78,239
28,79,217
28,80,277
28,81,228
28,82,228
28,83,223
28,84,229
28,85,200
28,86,254
28,87,238
28,88,307
28,89,209
28,90,226
28,91,228
28,92,350
28,93,241
28,94,233
28,95,228
28,96,210
28,97,309
28,98,217
28,99,252
28,100,268
28,101,213
28,102,209
28,103,310
28,104,243
28,105,207
28,106,202
28,107,210
28,108,216
28,109,215
28,110,208
28,111,212
28,112,213
28,113,221
28,114,384
28,115,283
28,116,210
28,117,205
28,118,213
28,119,235
28,120,208
28,121,200
28,122,224
28,123,186
28,124,286
28,125,189
28,126,223
28,127,199
28,128,232
28,129,168
28,130,239
28,131,175
28,132,216
28,133,167
28,134,148
28,135,230
28,136,131
28,137,156
28,138,170
28,139,174
28,140,152
28,141,156
28,142,141
28,143,2670
28,144,684
28,145,239
28,146,139
28,147,158
28,148,319
28,149,163
28,150,164
28,151,169
28,152,176
28,153,199
28,154,155
28,155,249
28,156,172
28,157,224
28,158,186
28,159,182
28,160,271
28,161,226
28,162,170
28,163,251
28,164,177
28,165,174
28,166,188
28,167,182
28,168,184
28,169,183
28,170,245
28,171,225
28,172,181
28,173,193
28,174,226
28,175,190
28,176,177
28,177,194
28,178,214
28,179,3166
28,180,199
28,181,229
28,182,194
28,183,271
28,184,207
28,185,239
28,186,177
28,187,201
28,188,223
28,189,229
28,190,179
28,191,259
28,192,203
28,193,215
28,194,178
28,195,234
28,196,192
28,197,256
28,198,318
28,199,214
28,200,218
28,201,240
28,202,221
28,203,233
28,204,205
28,205,258
28,206,219
28,207,251
28,208,215
28,209,258
28,210,2644
28,211,352
28,212,217
28,213,443
28,214,296
28,215,432
28,216,218
28,217,290
28,218,273
28,219,333
28,220,273
28,221,1737
28,222,265
28,223,347
28,224,274
28,225,856
28,226,279
28,227,435
28,228,285
28,229,385
28,230,319
28,231,383
28,232,332
28,233,445
28,234,345
28,235,4095
28,236,395
28,237,484
28,238,514
28,239,497
28,240,444
28,241,512
28,242,477
28,243,555
28,244,498
28,245,881
28,246,678
28,247,899
28,248,573
28,249,699
28,250,602
28,251,676
28,252,643
28,253,705
28,254,765
28,255,674
28,256,650
