Line,Band,Value
1,1,281
1,2,324
1,3,301
1,4,326
1,5,300
1,6,326
1,7,332
1,8,562
1,9,324
1,10,364
1,11,321
1,12,349
1,13,384
1,14,360
1,15,339
1,16,364
1,17,322
1,18,356
1,19,318
1,20,350
1,21,308
1,22,365
1,23,2396
1,24,358
1,25,332
1,26,359
1,27,352
1,28,809
1,29,339
1,30,454
1,31,357
1,32,387
1,33,356
1,34,404
1,35,373
1,36,403
1,37,410
1,38,527
1,39,402
1,40,429
1,41,389
1,42,431
1,43,403
1,44,409
1,45,331
1,46,335
1,47,277
1,48,249
1,49,265
1,50,229
1,51,311
1,52,329
1,53,243
1,54,271
1,55,276
1,56,266
1,57,240
1,58,262
1,59,387
1,60,261
1,61,272
1,62,259
1,63,237
1,64,309
1,65,233
1,66,247
1,67,249
1,68,283
1,69,238
1,70,250
1,71,412
1,72,242
1,73,324
1,74,244
1,75,250
1,76,276
1,77,256
1,78,246
1,79,236
1,80,261
1,81,231
1,82,225
1,83,234
1,84,227
1,85,212
1,86,225
1,87,224
1,88,280
1,89,217
1,90,231
1,91,230
1,92,265
1,93,216
1,94,218
1,95,232
1,96,214
1,97,231
1,98,217
1,99,232
1,100,220
1,101,215
1,102,212
1,103,279
1,104,215
1,105,209
1,106,201
1,107,208
1,108,214
1,109,211
1,110,201
1,111,208
1,112,206
1,113,193
1,114,209
1,115,196
1,116,204
1,117,197
1,118,206
1,119,222
1,120,202
1,121,189
1,122,206
1,123,181
1,124,225
1,125,176
1,126,198
1,127,186
1,128,192
1,129,161
1,130,189
1,131,160
1,132,170
1,133,156
1,134,136
1,135,160
1,136,115
1,137,142
1,138,136
1,139,158
1,140,134
1,141,138
1,142,124
1,143,1512
1,144,422
1,145,160
1,146,125
1,147,142
1,148,211
1,149,146
1,150,139
1,151,143
1,152,139
1,153,146
1,154,133
1,155,182
1,156,146
1,157,186
1,158,160
1,159,164
1,160,198
1,161,181
1,162,148
1,163,154
1,164,148
1,165,154
1,166,155
1,167,158
1,168,151
1,169,163
1,170,172
1,171,186
1,172,156
1,173,168
1,174,187
1,175,159
1,176,154
1,177,172
1,178,191
1,179,1842
1,180,163
1,181,193
1,182,167
1,183,212
1,184,175
1,185,199
1,186,148
1,187,173
1,188,192
1,189,188
1,190,150
1,191,209
1,192,164
1,193,185
1,194,152
1,195,185
1,196,158
1,197,215
1,198,191
1,199,183
1,200,168
1,201,201
1,202,175
1,203,200
1,204,163
1,205,206
1,206,172
1,207,213
1,208,172
1,209,221
1,210,1508
1,211,253
1,212,174
1,213,334
1,214,203
1,215,345
1,216,174
1,217,245
1,218,191
1,219,273
1,220,201
1,221,714
1,222,202
1,223,278
1,224,212
1,225,295
1,226,217
1,227,307
1,228,221
1,229,310
1,230,242
1,231,305
1,232,244
1,233,336
1,234,261
1,235,3469
1,236,280
1,237,364
1,238,356
1,239,383
1,240,327
1,241,397
1,242,357
1,243,424
1,244,369
1,245,627
1,246,468
1,247,462
1,248,414
1,249,500
1,250,436
1,251,508
1,252,469
1,253,514
1,254,531
1,255,503
1,256,421
2,1,281
2,2,324
2,3,301
2,4,326
2,5,300
2,6,326
2,7,332
2,8,562
2,9,324
2,10,364
2,11,321
2,12,349
2,13,384
2,14,360
2,15,339
2,16,364
2,17,322
2,18,356
2,19,318
2,20,350
2,21,308
2,22,365
2,23,2396
2,24,358
2,25,332
2,26,359
2,27,352
2,28,809
2,29,339
2,30,454
2,31,357
2,32,387
2,33,356
2,34,404
2,35,373
2,36,403
2,37,410
2,38,527
2,39,402
2,40,429
2,41,389
2,42,431
2,43,403
2,44,409
2,45,331
2,46,335
2,47,277
2,48,249
2,49,265
2,50,229
2,51,311
2,52,329
2,53,243
2,54,271
2,55,276
2,56,266
2,57,240
2,58,262
2,59,387
2,60,261
2,61,272
2,62,259
2,63,237
2,64,309
2,65,233
2,66,247
2,67,249
2,68,283
2,69,238
2,70,250
2,71,412
2,72,242
2,73,324
2,74,244
2,75,250
2,76,276
2,77,256
2,78,246
2,79,236
2,80,261
2,81,231
2,82,225
2,83,234
2,84,227
2,85,212
2,86,225
2,87,224
2,88,280
2,89,217
2,90,231
2,91,230
2,92,265
2,93,216
2,94,218
2,95,232
2,96,214
2,97,231
2,98,217
2,99,232
2,100,220
2,101,215
2,102,212
2,103,279
2,104,215
2,105,209
2,106,201
2,107,208
2,108,214
2,109,211
2,110,201
2,111,208
2,112,206
2,113,193
2,114,209
2,115,196
2,116,204
2,117,197
2,118,206
2,119,222
2,120,202
2,121,189
2,122,206
2,123,181
2,124,225
2,125,176
2,126,198
2,127,186
2,128,192
2,129,161
2,130,189
2,131,160
2,132,170
2,133,156
2,134,136
2,135,160
2,136,115
2,137,142
2,138,136
2,139,158
2,140,134
2,141,138
2,142,124
2,143,1512
2,144,422
2,145,160
2,146,125
2,147,142
2,148,211
2,149,146
2,150,139
2,151,143
2,152,139
2,153,146
2,154,133
2,155,182
2,156,146
2,157,186
2,158,160
2,159,164
2,160,198
2,161,181
2,162,148
2,163,154
2,164,148
2,165,154
2,166,155
2,167,158
2,168,151
2,169,163
2,170,172
2,171,186
2,172,156
2,173,168
2,174,187
2,175,159
2,176,154
2,177,172
2,178,191
2,179,1842
2,180,163
2,181,193
2,182,167
2,183,212
2,184,175
2,185,199
2,186,148
2,187,173
2,188,192
2,189,188
2,190,150
2,191,209
2,192,164
2,193,185
2,194,152
2,195,185
2,196,158
2,197,215
2,198,191
2,199,183
2,200,168
2,201,201
2,202,175
2,203,200
2,204,163
2,205,206
2,206,172
2,207,213
2,208,172
2,209,221
2,210,1508
2,211,253
2,212,174
2,213,334
2,214,203
2,215,345
2,216,174
2,217,245
2,218,191
2,219,273
2,220,201
2,221,714
2,222,202
2,223,278
2,224,212
2,225,295
2,226,217
2,227,307
2,228,221
2,229,310
2,230,242
2,231,305
2,232,244
2,233,336
2,234,261
2,235,3469
2,236,280
2,237,364
2,238,356
2,239,383
2,240,327
2,241,397
2,242,357
2,243,424
2,244,369
2,245,627
2,246,468
2,247,462
2,248,414
2,249,500
2,250,436
2,251,508
2,252,469
2,253,514
2,254,531
2,255,503
2,256,421
3,1,282
3,2,323
3,3,302
3,4,328
3,5,302
3,6,328
3,7,330
3,8,562
3,9,323
3,10,365
3,11,321
3,12,351
3,13,383
3,14,361
3,15,340
3,16,366
3,17,323
3,18,357
3,19,319
3,20,351
3,21,309
3,22,365
3,23,2397
3,24,359
3,25,334
3,26,360
3,27,357
3,28,810
3,29,339
3,30,447
3,31,357
3,32,388
3,33,356
3,34,405
3,35,374
3,36,403
3,37,410
3,38,526
3,39,400
3,40,431
3,41,390
3,42,433
3,43,403
3,44,412
3,45,328
3,46,336
3,47,278
3,48,250
3,49,271
3,50,230
3,51,315
3,52,329
3,53,242
3,54,272
3,55,276
3,56,267
3,57,240
3,58,262
3,59,389
3,60,261
3,61,271
3,62,261
3,63,235
3,64,310
3,65,235
3,66,249
3,67,251
3,68,280
3,69,240
3,70,252
3,71,411
3,72,242
3,73,353
3,74,245
3,75,252
3,76,277
3,77,258
3,78,249
3,79,238
3,80,263
3,81,230
3,82,225
3,83,233
3,84,227
3,85,214
3,86,225
3,87,224
3,88,282
3,89,218
3,90,232
3,91,230
3,92,268
3,93,216
3,94,219
3,95,232
3,96,214
3,97,231
3,98,219
3,99,232
3,100,221
3,101,215
3,102,212
3,103,278
3,104,214
3,105,211
3,106,201
3,107,209
3,108,214
3,109,209
3,110,202
3,111,210
3,112,207
3,113,193
3,114,209
3,115,198
3,116,206
3,117,195
3,118,206
3,119,223
3,120,204
3,121,190
3,122,207
3,123,179
3,124,224
3,125,176
3,126,201
3,127,187
3,128,194
3,129,161
3,130,189
3,131,160
3,132,170
3,133,155
3,134,137
3,135,160
3,136,116
3,137,142
3,138,137
3,139,157
3,140,134
3,141,137
3,142,124
3,143,1509
3,144,424
3,145,159
3,146,125
3,147,143
3,148,213
3,149,146
3,150,141
3,151,145
3,152,140
3,153,145
3,154,133
3,155,184
3,156,147
3,157,186
3,158,160
3,159,165
3,160,200
3,161,181
3,162,148
3,163,153
3,164,149
3,165,155
3,166,154
3,167,158
3,168,151
3,169,162
3,170,171
3,171,186
3,172,156
3,173,169
3,174,187
3,175,159
3,176,155
3,177,173
3,178,193
3,179,1846
3,180,164
3,181,194
3,182,166
3,183,213
3,184,175
3,185,198
3,186,150
3,187,174
3,188,193
3,189,187
3,190,150
3,191,209
3,192,165
3,193,186
3,194,151
3,195,185
3,196,160
3,197,214
3,198,192
3,199,184
3,200,169
3,201,200
3,202,178
3,203,199
3,204,164
3,205,207
3,206,174
3,207,213
3,208,173
3,209,221
3,210,1509
3,211,255
3,212,177
3,213,333
3,214,204
3,215,339
3,216,176
3,217,245
3,218,191
3,219,273
3,220,202
3,221,715
3,222,203
3,223,279
3,224,213
3,225,296
3,226,218
3,227,307
3,228,220
3,229,309
3,230,243
3,231,305
3,232,247
3,233,336
3,234,262
3,235,3478
3,236,282
3,237,363
3,238,355
3,239,384
3,240,328
3,241,398
3,242,356
3,243,424
3,244,371
3,245,629
3,246,464
3,247,464
3,248,416
3,249,502
3,250,436
3,251,509
3,252,472
3,253,514
3,254,545
3,255,502
3,256,420
4,1,282
4,2,323
4,3,302
4,4,328
4,5,302
4,6,328
4,7,330
4,8,562
4,9,323
4,10,365
4,11,321
4,12,351
4,13,383
4,14,361
4,15,340
4,16,366
4,17,323
4,18,357
4,19,319
4,20,351
4,21,309
4,22,365
4,23,2397
4,24,359
4,25,334
4,26,360
4,27,357
4,28,810
4,29,339
4,30,447
4,31,357
4,32,388
4,33,356
4,34,405
4,35,374
4,36,403
4,37,410
4,38,526
4,39,400
4,40,431
4,41,390
4,42,433
4,43,403
4,44,412
4,45,328
4,46,336
4,47,278
4,48,250
4,49,271
4,50,230
4,51,315
4,52,329
4,53,242
4,54,272
4,55,276
4,56,267
4,57,240
4,58,262
4,59,389
4,60,261
4,61,271
4,62,261
4,63,235
4,64,310
4,65,235
4,66,249
4,67,251
4,68,280
4,69,240
4,70,252
4,71,411
4,72,242
4,73,353
4,74,245
4,75,252
4,76,277
4,77,258
4,78,249
4,79,238
4,80,263
4,81,230
4,82,225
4,83,233
4,84,227
4,85,214
4,86,225
4,87,224
4,88,282
4,89,218
4,90,232
4,91,230
4,92,268
4,93,216
4,94,219
4,95,232
4,96,214
4,97,231
4,98,219
4,99,232
4,100,221
4,101,215
4,102,212
4,103,278
4,104,214
4,105,211
4,106,201
4,107,209
4,108,214
4,109,209
4,110,202
4,111,210
4,112,207
4,113,193
4,114,209
4,115,198
4,116,206
4,117,195
4,118,206
4,119,223
4,120,204
4,121,190
4,122,207
4,123,179
4,124,224
4,125,176
4,126,201
4,127,187
4,128,194
4,129,161
4,130,189
4,131,160
4,132,170
4,133,155
4,134,137
4,135,160
4,136,116
4,137,142
4,138,137
4,139,157
4,140,134
4,141,137
4,142,124
4,143,1509
4,144,424
4,145,159
4,146,125
4,147,143
4,148,213
4,149,146
4,150,141
4,151,145
4,152,140
4,153,145
4,154,133
4,155,184
4,156,147
4,157,186
4,158,160
4,159,165
4,160,200
4,161,181
4,162,148
4,163,153
4,164,149
4,165,155
4,166,154
4,167,158
4,168,151
4,169,162
4,170,171
4,171,186
4,172,156
4,173,169
4,174,187
4,175,159
4,176,155
4,177,173
4,178,193
4,179,1846
4,180,164
4,181,194
4,182,166
4,183,213
4,184,175
4,185,198
4,186,150
4,187,174
4,188,193
4,189,187
4,190,150
4,191,209
4,192,165
4,193,186
4,194,151
4,195,185
4,196,160
4,197,214
4,198,192
4,199,184
4,200,169
4,201,200
4,202,178
4,203,199
4,204,164
4,205,207
4,206,174
4,207,213
4,208,173
4,209,221
4,210,1509
4,211,255
4,212,177
4,213,333
4,214,204
4,215,339
4,216,176
4,217,245
4,218,191
4,219,273
4,220,202
4,221,715
4,222,203
4,223,279
4,224,213
4,225,296
4,226,218
4,227,307
4,228,220
4,229,309
4,230,243
4,231,305
4,232,247
4,233,336
4,234,262
4,235,3478
4,236,282
4,237,363
4,238,355
4,239,384
4,240,328
4,241,398
4,242,356
4,243,424
4,244,371
4,245,629
4,246,464
4,247,464
4,248,416
4,249,502
4,250,436
4,251,509
4,252,472
4,253,514
4,254,545
4,255,502
4,256,420
5,1,282
5,2,322
5,3,302
5,4,326
5,5,301
5,6,327
5,7,331
5,8,560
5,9,323
5,10,363
5,11,320
5,12,348
5,13,383
5,14,361
5,15,340
5,16,365
5,17,323
5,18,356
5,19,319
5,20,351
5,21,309
5,22,365
5,23,2400
5,24,358
5,25,332
5,26,358
5,27,353
5,28,809
5,29,339
5,30,445
5,31,358
5,32,387
5,33,358
5,34,404
5,35,375
5,36,403
5,37,410
5,38,524
5,39,403
5,40,430
5,41,390
5,42,432
5,43,404
5,44,409
5,45,330
5,46,335
5,47,275
5,48,250
5,49,264
5,50,229
5,51,313
5,52,333
5,53,242
5,54,271
5,55,274
5,56,265
5,57,242
5,58,262
5,59,387
5,60,263
5,61,272
5,62,259
5,63,235
5,64,307
5,65,234
5,66,248
5,67,253
5,68,280
5,69,240
5,70,250
5,71,412
5,72,239
5,73,356
5,74,244
5,75,252
5,76,278
5,77,258
5,78,250
5,79,238
5,80,260
5,81,231
5,82,223
5,83,233
5,84,228
5,85,214
5,86,225
5,87,224
5,88,281
5,89,218
5,90,231
5,91,229
5,92,263
5,93,217
5,94,219
5,95,233
5,96,213
5,97,231
5,98,217
5,99,233
5,100,220
5,101,216
5,102,212
5,103,279
5,104,215
5,105,210
5,106,204
5,107,236
5,108,215
5,109,211
5,110,203
5,111,209
5,112,206
5,113,195
5,114,208
5,115,198
5,116,204
5,117,196
5,118,204
5,119,222
5,120,202
5,121,189
5,122,207
5,123,180
5,124,221
5,125,178
5,126,199
5,127,186
5,128,192
5,129,161
5,130,189
5,131,161
5,132,171
5,133,155
5,134,137
5,135,161
5,136,115
5,137,142
5,138,136
5,139,158
5,140,134
5,141,139
5,142,123
5,143,1509
5,144,424
5,145,159
5,146,125
5,147,143
5,148,210
5,149,146
5,150,141
5,151,144
5,152,140
5,153,147
5,154,133
5,155,186
5,156,146
5,157,186
5,158,160
5,159,165
5,160,199
5,161,181
5,162,149
5,163,155
5,164,149
5,165,156
5,166,155
5,167,157
5,168,150
5,169,163
5,170,173
5,171,186
5,172,155
5,173,170
5,174,186
5,175,160
5,176,154
5,177,173
5,178,197
5,179,1856
5,180,164
5,181,193
5,182,165
5,183,210
5,184,175
5,185,199
5,186,148
5,187,174
5,188,191
5,189,187
5,190,150
5,191,209
5,192,163
5,193,186
5,194,151
5,195,186
5,196,158
5,197,214
5,198,190
5,199,184
5,200,169
5,201,201
5,202,177
5,203,199
5,204,163
5,205,208
5,206,173
5,207,212
5,208,172
5,209,221
5,210,1506
5,211,254
5,212,175
5,213,333
5,214,203
5,215,344
5,216,174
5,217,247
5,218,190
5,219,274
5,220,201
5,221,710
5,222,201
5,223,278
5,224,212
5,225,298
5,226,216
5,227,307
5,228,219
5,229,310
5,230,242
5,231,306
5,232,246
5,233,336
5,234,260
5,235,3473
5,236,280
5,237,363
5,238,356
5,239,383
5,240,329
5,241,397
5,242,355
5,243,422
5,244,369
5,245,627
5,246,458
5,247,465
5,248,413
5,249,502
5,250,436
5,251,508
5,252,472
5,253,514
5,254,542
5,255,501
5,256,421
6,1,282
6,2,322
6,3,302
6,4,326
6,5,301
6,6,327
6,7,331
6,8,560
6,9,323
6,10,363
6,11,320
6,12,348
6,13,383
6,14,361
6,15,340
6,16,365
6,17,323
6,18,356
6,19,319
6,20,351
6,21,309
6,22,365
6,23,2400
6,24,358
6,25,332
6,26,358
6,27,353
6,28,809
6,29,339
6,30,445
6,31,358
6,32,387
6,33,358
6,34,404
6,35,375
6,36,403
6,37,410
6,38,524
6,39,403
6,40,430
6,41,390
6,42,432
6,43,404
6,44,409
6,45,330
6,46,335
6,47,275
6,48,250
6,49,264
6,50,229
6,51,313
6,52,333
6,53,242
6,54,271
6,55,274
6,56,265
6,57,242
6,58,262
6,59,387
6,60,263
6,61,272
6,62,259
6,63,235
6,64,307
6,65,234
6,66,248
6,67,253
6,68,280
6,69,240
6,70,250
6,71,412
6,72,239
6,73,356
6,74,244
6,75,252
6,76,278
6,77,258
6,78,250
6,79,238
6,80,260
6,81,231
6,82,223
6,83,233
6,84,228
6,85,214
6,86,225
6,87,224
6,88,281
6,89,218
6,90,231
6,91,229
6,92,263
6,93,217
6,94,219
6,95,233
6,96,213
6,97,231
6,98,217
6,99,233
6,100,220
6,101,216
6,102,212
6,103,279
6,104,215
6,105,210
6,106,204
6,107,236
6,108,215
6,109,211
6,110,203
6,111,209
6,112,206
6,113,195
6,114,208
6,115,198
6,116,204
6,117,196
6,118,204
6,119,222
6,120,202
6,121,189
6,122,207
6,123,180
6,124,221
6,125,178
6,126,199
6,127,186
6,128,192
6,129,161
6,130,189
6,131,161
6,132,171
6,133,155
6,134,137
6,135,161
6,136,115
6,137,142
6,138,136
6,139,158
6,140,134
6,141,139
6,142,123
6,143,1509
6,144,424
6,145,159
6,146,125
6,147,143
6,148,210
6,149,146
6,150,141
6,151,144
6,152,140
6,153,147
6,154,133
6,155,186
6,156,146
6,157,186
6,158,160
6,159,165
6,160,199
6,161,181
6,162,149
6,163,155
6,164,149
6,165,156
6,166,155
6,167,157
6,168,150
6,169,163
6,170,173
6,171,186
6,172,155
6,173,170
6,174,186
6,175,160
6,176,154
6,177,173
6,178,197
6,179,1856
6,180,164
6,181,193
6,182,165
6,183,210
6,184,175
6,185,199
6,186,148
6,187,174
6,188,191
6,189,187
6,190,150
6,191,209
6,192,163
6,193,186
6,194,151
6,195,186
6,196,158
6,197,214
6,198,190
6,199,184
6,200,169
6,201,201
6,202,177
6,203,199
6,204,163
6,205,208
6,206,173
6,207,212
6,208,172
6,209,221
6,210,1506
6,211,254
6,212,175
6,213,333
6,214,203
6,215,344
6,216,174
6,217,247
6,218,190
6,219,274
6,220,201
6,221,710
6,222,201
6,223,278
6,224,212
6,225,298
6,226,216
6,227,307
6,228,219
6,229,310
6,230,242
6,231,306
6,232,246
6,233,336
6,234,260
6,235,3473
6,236,280
6,237,363
6,238,356
6,239,383
6,240,329
6,241,397
6,242,355
6,243,422
6,244,369
6,245,627
6,246,458
6,247,465
6,248,413
6,249,502
6,250,436
6,251,508
6,252,472
6,253,514
6,254,542
6,255,501
6,256,421
7,1,284
7,2,321
7,3,301
7,4,325
7,5,303
7,6,326
7,7,330
7,8,554
7,9,324
7,10,364
7,11,321
7,12,349
7,13,384
7,14,360
7,15,339
7,16,365
7,17,325
7,18,358
7,19,320
7,20,351
7,21,310
7,22,363
7,23,2407
7,24,357
7,25,333
7,26,359
7,27,354
7,28,810
7,29,340
7,30,444
7,31,358
7,32,386
7,33,355
7,34,403
7,35,374
7,36,404
7,37,410
7,38,526
7,39,401
7,40,429
7,41,392
7,42,433
7,43,404
7,44,410
7,45,330
7,46,335
7,47,277
7,48,249
7,49,265
7,50,228
7,51,313
7,52,329
7,53,242
7,54,271
7,55,277
7,56,264
7,57,241
7,58,261
7,59,388
7,60,262
7,61,273
7,62,259
7,63,235
7,64,310
7,65,235
7,66,248
7,67,251
7,68,280
7,69,239
7,70,249
7,71,412
7,72,241
7,73,325
7,74,243
7,75,252
7,76,276
7,77,258
7,78,248
7,79,237
7,80,261
7,81,231
7,82,223
7,83,234
7,84,227
7,85,213
7,86,225
7,87,224
7,88,280
7,89,218
7,90,230
7,91,229
7,92,267
7,93,218
7,94,218
7,95,233
7,96,214
7,97,231
7,98,216
7,99,232
7,100,220
7,101,216
7,102,211
7,103,279
7,104,213
7,105,211
7,106,199
7,107,210
7,108,213
7,109,210
7,110,202
7,111,210
7,112,206
7,113,194
7,114,208
7,115,197
7,116,204
7,117,196
7,118,206
7,119,225
7,120,201
7,121,190
7,122,207
7,123,182
7,124,225
7,125,177
7,126,198
7,127,187
7,128,193
7,129,162
7,130,189
7,131,160
7,132,170
7,133,155
7,134,137
7,135,161
7,136,116
7,137,144
7,138,136
7,139,159
7,140,132
7,141,139
7,142,123
7,143,1512
7,144,422
7,145,160
7,146,123
7,147,143
7,148,212
7,149,147
7,150,141
7,151,146
7,152,139
7,153,146
7,154,132
7,155,184
7,156,146
7,157,187
7,158,159
7,159,164
7,160,199
7,161,182
7,162,147
7,163,154
7,164,148
7,165,155
7,166,155
7,167,158
7,168,149
7,169,163
7,170,171
7,171,186
7,172,156
7,173,169
7,174,187
7,175,159
7,176,154
7,177,173
7,178,193
7,179,1857
7,180,164
7,181,193
7,182,167
7,183,211
7,184,174
7,185,200
7,186,147
7,187,175
7,188,192
7,189,187
7,190,149
7,191,211
7,192,163
7,193,186
7,194,150
7,195,186
7,196,158
7,197,214
7,198,190
7,199,184
7,200,168
7,201,201
7,202,175
7,203,201
7,204,165
7,205,207
7,206,173
7,207,212
7,208,172
7,209,222
7,210,1517
7,211,255
7,212,177
7,213,336
7,214,202
7,215,343
7,216,174
7,217,246
7,218,190
7,219,275
7,220,201
7,221,703
7,222,202
7,223,278
7,224,213
7,225,297
7,226,217
7,227,308
7,228,219
7,229,311
7,230,242
7,231,306
7,232,246
7,233,338
7,234,260
7,235,3477
7,236,279
7,237,365
7,238,355
7,239,386
7,240,329
7,241,397
7,242,355
7,243,425
7,244,366
7,245,629
7,246,457
7,247,465
7,248,414
7,249,502
7,250,436
7,251,509
7,252,469
7,253,515
7,254,534
7,255,503
7,256,421
8,1,284
8,2,321
8,3,301
8,4,325
8,5,303
8,6,326
8,7,330
8,8,554
8,9,324
8,10,364
8,11,321
8,12,349
8,13,384
8,14,360
8,15,339
8,16,365
8,17,325
8,18,358
8,19,320
8,20,351
8,21,310
8,22,363
8,23,2407
8,24,357
8,25,333
8,26,359
8,27,354
8,28,810
8,29,340
8,30,444
8,31,358
8,32,386
8,33,355
8,34,403
8,35,374
8,36,404
8,37,410
8,38,526
8,39,401
8,40,429
8,41,392
8,42,433
8,43,404
8,44,410
8,45,330
8,46,335
8,47,277
8,48,249
8,49,265
8,50,228
8,51,313
8,52,329
8,53,242
8,54,271
8,55,277
8,56,264
8,57,241
8,58,261
8,59,388
8,60,262
8,61,273
8,62,259
8,63,235
8,64,310
8,65,235
8,66,248
8,67,251
8,68,280
8,69,239
8,70,249
8,71,412
8,72,241
8,73,325
8,74,243
8,75,252
8,76,276
8,77,258
8,78,248
8,79,237
8,80,261
8,81,231
8,82,223
8,83,234
8,84,227
8,85,213
8,86,225
8,87,224
8,88,280
8,89,218
8,90,230
8,91,229
8,92,267
8,93,218
8,94,218
8,95,233
8,96,214
8,97,231
8,98,216
8,99,232
8,100,220
8,101,216
8,102,211
8,103,279
8,104,213
8,105,211
8,106,199
8,107,210
8,108,213
8,109,210
8,110,202
8,111,210
8,112,206
8,113,194
8,114,208
8,115,197
8,116,204
8,117,196
8,118,206
8,119,225
8,120,201
8,121,190
8,122,207
8,123,182
8,124,225
8,125,177
8,126,198
8,127,187
8,128,193
8,129,162
8,130,189
8,131,160
8,132,170
8,133,155
8,134,137
8,135,161
8,136,116
8,137,144
8,138,136
8,139,159
8,140,132
8,141,139
8,142,123
8,143,1512
8,144,422
8,145,160
8,146,123
8,147,143
8,148,212
8,149,147
8,150,141
8,151,146
8,152,139
8,153,146
8,154,132
8,155,184
8,156,146
8,157,187
8,158,159
8,159,164
8,160,199
8,161,182
8,162,147
8,163,154
8,164,148
8,165,155
8,166,155
8,167,158
8,168,149
8,169,163
8,170,171
8,171,186
8,172,156
8,173,169
8,174,187
8,175,159
8,176,154
8,177,173
8,178,193
8,179,1857
8,180,164
8,181,193
8,182,167
8,183,211
8,184,174
8,185,200
8,186,147
8,187,175
8,188,192
8,189,187
8,190,149
8,191,211
8,192,163
8,193,186
8,194,150
8,195,186
8,196,158
8,197,214
8,198,190
8,199,184
8,200,168
8,201,201
8,202,175
8,203,201
8,204,165
8,205,207
8,206,173
8,207,212
8,208,172
8,209,222
8,210,1517
8,211,255
8,212,177
8,213,336
8,214,202
8,215,343
8,216,174
8,217,246
8,218,190
8,219,275
8,220,201
8,221,703
8,222,202
8,223,278
8,224,213
8,225,297
8,226,217
8,227,308
8,228,219
8,229,311
8,230,242
8,231,306
8,232,246
8,233,338
8,234,260
8,235,3477
8,236,279
8,237,365
8,238,355
8,239,386
8,240,329
8,241,397
8,242,355
8,243,425
8,244,366
8,245,629
8,246,457
8,247,465
8,248,414
8,249,502
8,250,436
8,251,509
8,252,469
8,253,515
8,254,534
8,255,503
8,256,421
9,1,284
9,2,324
9,3,302
9,4,326
9,5,302
9,6,327
9,7,332
9,8,556
9,9,323
9,10,363
9,11,320
9,12,349
9,13,386
9,14,362
9,15,340
9,16,365
9,17,325
9,18,355
9,19,320
9,20,351
9,21,312
9,22,364
9,23,2396
9,24,359
9,25,334
9,26,358
9,27,354
9,28,807
9,29,339
9,30,445
9,31,359
9,32,387
9,33,358
9,34,404
9,35,376
9,36,403
9,37,411
9,38,528
9,39,401
9,40,428
9,41,391
9,42,431
9,43,405
9,44,412
9,45,330
9,46,336
9,47,277
9,48,247
9,49,266
9,50,228
9,51,317
9,52,333
9,53,243
9,54,271
9,55,274
9,56,266
9,57,241
9,58,262
9,59,387
9,60,261
9,61,271
9,62,259
9,63,234
9,64,311
9,65,235
9,66,248
9,67,250
9,68,278
9,69,240
9,70,250
9,71,413
9,72,242
9,73,322
9,74,246
9,75,253
9,76,277
9,77,258
9,78,250
9,79,237
9,80,263
9,81,230
9,82,223
9,83,234
9,84,228
9,85,213
9,86,225
9,87,223
9,88,281
9,89,217
9,90,231
9,91,229
9,92,266
9,93,217
9,94,219
9,95,233
9,96,215
9,97,232
9,98,218
9,99,234
9,100,219
9,101,216
9,102,211
9,103,280
9,104,214
9,105,209
9,106,200
9,107,209
9,108,214
9,109,211
9,110,203
9,111,210
9,112,206
9,113,195
9,114,209
9,115,197
9,116,205
9,117,197
9,118,205
9,119,224
9,120,203
9,121,190
9,122,208
9,123,180
9,124,226
9,125,176
9,126,199
9,127,188
9,128,192
9,129,162
9,130,189
9,131,162
9,132,170
9,133,156
9,134,137
9,135,161
9,136,115
9,137,143
9,138,135
9,139,159
9,140,133
9,141,139
9,142,124
9,143,1506
9,144,422
9,145,158
9,146,124
9,147,143
9,148,212
9,149,146
9,150,140
9,151,145
9,152,139
9,153,145
9,154,132
9,155,184
9,156,147
9,157,186
9,158,160
9,159,164
9,160,199
9,161,182
9,162,149
9,163,155
9,164,149
9,165,155
9,166,155
9,167,159
9,168,151
9,169,164
9,170,172
9,171,185
9,172,157
9,173,170
9,174,187
9,175,161
9,176,155
9,177,173
9,178,191
9,179,1848
9,180,163
9,181,193
9,182,168
9,183,210
9,184,174
9,185,199
9,186,148
9,187,174
9,188,191
9,189,187
9,190,150
9,191,209
9,192,164
9,193,187
9,194,151
9,195,186
9,196,159
9,197,214
9,198,190
9,199,184
9,200,168
9,201,202
9,202,177
9,203,199
9,204,164
9,205,208
9,206,173
9,207,212
9,208,173
9,209,221
9,210,1505
9,211,254
9,212,176
9,213,333
9,214,203
9,215,348
9,216,175
9,217,246
9,218,191
9,219,274
9,220,202
9,221,706
9,222,203
9,223,279
9,224,213
9,225,297
9,226,217
9,227,307
9,228,219
9,229,310
9,230,243
9,231,307
9,232,247
9,233,337
9,234,261
9,235,3481
9,236,281
9,237,365
9,238,356
9,239,384
9,240,328
9,241,398
9,242,356
9,243,425
9,244,367
9,245,629
9,246,459
9,247,464
9,248,414
9,249,501
9,250,436
9,251,508
9,252,472
9,253,515
9,254,534
9,255,502
9,256,420
10,1,284
10,2,324
10,3,302
10,4,326
10,5,302
10,6,327
10,7,332
10,8,556
10,9,323
10,10,363
10,11,320
10,12,349
10,13,386
10,14,362
10,15,340
10,16,365
10,17,325
10,18,355
10,19,320
10,20,351
10,21,312
10,22,364
10,23,2396
10,24,359
10,25,334
10,26,358
10,27,354
10,28,807
10,29,339
10,30,445
10,31,359
10,32,387
10,33,358
10,34,404
10,35,376
10,36,403
10,37,411
10,38,528
10,39,401
10,40,428
10,41,391
10,42,431
10,43,405
10,44,412
10,45,330
10,46,336
10,47,277
10,48,247
10,49,266
10,50,228
10,51,317
10,52,333
10,53,243
10,54,271
10,55,274
10,56,266
10,57,241
10,58,262
10,59,387
10,60,261
10,61,271
10,62,259
10,63,234
10,64,311
10,65,235
10,66,248
10,67,250
10,68,278
10,69,240
10,70,250
10,71,413
10,72,242
10,73,322
10,74,246
10,75,253
10,76,277
10,77,258
10,78,250
10,79,237
10,80,263
10,81,230
10,82,223
10,83,234
10,84,228
10,85,213
10,86,225
10,87,223
10,88,281
10,89,217
10,90,231
10,91,229
10,92,266
10,93,217
10,94,219
10,95,233
10,96,215
10,97,232
10,98,218
10,99,234
10,100,219
10,101,216
10,102,211
10,103,280
10,104,214
10,105,209
10,106,200
10,107,209
10,108,214
10,109,211
10,110,203
10,111,210
10,112,206
10,113,195
10,114,209
10,115,197
10,116,205
10,117,197
10,118,205
10,119,224
10,120,203
10,121,190
10,122,208
10,123,180
10,124,226
10,125,176
10,126,199
10,127,188
10,128,192
10,129,162
10,130,189
10,131,162
10,132,170
10,133,156
10,134,137
10,135,161
10,136,115
10,137,143
10,138,135
10,139,159
10,140,133
10,141,139
10,142,124
10,143,1506
10,144,422
10,145,158
10,146,124
10,147,143
10,148,212
10,149,146
10,150,140
10,151,145
10,152,139
10,153,145
10,154,132
10,155,184
10,156,147
10,157,186
10,158,160
10,159,164
10,160,199
10,161,182
10,162,149
10,163,155
10,164,149
10,165,155
10,166,155
10,167,159
10,168,151
10,169,164
10,170,172
10,171,185
10,172,157
10,173,170
10,174,187
10,175,161
10,176,155
10,177,173
10,178,191
10,179,1848
10,180,163
10,181,193
10,182,168
10,183,210
10,184,174
10,185,199
10,186,148
10,187,174
10,188,191
10,189,187
10,190,150
10,191,209
10,192,164
10,193,187
10,194,151
10,195,186
10,196,159
10,197,214
10,198,190
10,199,184
10,200,168
10,201,202
10,202,177
10,203,199
10,204,164
10,205,208
10,206,173
10,207,212
10,208,173
10,209,221
10,210,1505
10,211,254
10,212,176
10,213,333
10,214,203
10,215,348
10,216,175
10,217,246
10,218,191
10,219,274
10,220,202
10,221,706
10,222,203
10,223,279
10,224,213
10,225,297
10,226,217
10,227,307
10,228,219
10,229,310
10,230,243
10,231,307
10,232,247
10,233,337
10,234,261
10,235,3481
10,236,281
10,237,365
10,238,356
10,239,384
10,240,328
10,241,398
10,242,356
10,243,425
10,244,367
10,245,629
10,246,459
10,247,464
10,248,414
10,249,501
10,250,436
10,251,508
10,252,472
10,253,515
10,254,534
10,255,502
10,256,420
11,1,283
11,2,324
11,3,302
11,4,328
11,5,301
11,6,327
11,7,329
11,8,557
11,9,324
11,10,364
11,11,321
11,12,349
11,13,385
11,14,361
11,15,340
11,16,366
11,17,323
11,18,358
11,19,320
11,20,351
11,21,310
11,22,365
11,23,2400
11,24,359
11,25,332
11,26,358
11,27,354
11,28,810
11,29,338
11,30,454
11,31,358
11,32,388
11,33,355
11,34,405
11,35,375
11,36,405
11,37,410
11,38,526
11,39,401
11,40,429
11,41,390
11,42,432
11,43,405
11,44,411
11,45,330
11,46,335
11,47,277
11,48,249
11,49,267
11,50,229
11,51,316
11,52,327
11,53,242
11,54,271
11,55,273
11,56,267
11,57,241
11,58,263
11,59,387
11,60,261
11,61,271
11,62,260
11,63,235
11,64,313
11,65,235
11,66,247
11,67,252
11,68,278
11,69,238
11,70,250
11,71,412
11,72,241
11,73,324
11,74,245
11,75,251
11,76,278
11,77,258
11,78,248
11,79,237
11,80,263
11,81,230
11,82,223
11,83,234
11,84,227
11,85,213
11,86,226
11,87,225
11,88,281
11,89,219
11,90,233
11,91,230
11,92,269
11,93,218
11,94,220
11,95,234
11,96,214
11,97,229
11,98,216
11,99,232
11,100,220
11,101,216
11,102,224
11,103,279
11,104,214
11,105,210
11,106,200
11,107,209
11,108,213
11,109,213
11,110,203
11,111,209
11,112,205
11,113,195
11,114,207
11,115,198
11,116,206
11,117,196
11,118,205
11,119,223
11,120,202
11,121,189
11,122,208
11,123,180
11,124,226
11,125,178
11,126,199
11,127,187
11,128,192
11,129,164
11,130,188
11,131,160
11,132,169
11,133,156
11,134,137
11,135,161
11,136,116
11,137,143
11,138,137
11,139,158
11,140,132
11,141,140
11,142,125
11,143,1508
11,144,422
11,145,159
11,146,123
11,147,144
11,148,212
11,149,147
11,150,141
11,151,144
11,152,140
11,153,146
11,154,133
11,155,185
11,156,147
11,157,187
11,158,160
11,159,164
11,160,197
11,161,182
11,162,149
11,163,155
11,164,148
11,165,155
11,166,155
11,167,158
11,168,151
11,169,163
11,170,173
11,171,187
11,172,155
11,173,170
11,174,190
11,175,161
11,176,155
11,177,173
11,178,197
11,179,1848
11,180,163
11,181,191
11,182,167
11,183,211
11,184,175
11,185,198
11,186,150
11,187,174
11,188,193
11,189,188
11,190,150
11,191,210
11,192,163
11,193,187
11,194,153
11,195,187
11,196,159
11,197,215
11,198,191
11,199,185
11,200,169
11,201,202
11,202,177
11,203,201
11,204,165
11,205,207
11,206,172
11,207,212
11,208,173
11,209,220
11,210,1508
11,211,256
11,212,176
11,213,331
11,214,203
11,215,342
11,216,176
11,217,245
11,218,190
11,219,274
11,220,202
11,221,710
11,222,202
11,223,280
11,224,214
11,225,298
11,226,217
11,227,306
11,228,218
11,229,310
11,230,242
11,231,305
11,232,245
11,233,337
11,234,262
11,235,3480
11,236,280
11,237,363
11,238,354
11,239,387
11,240,329
11,241,399
11,242,355
11,243,425
11,244,370
11,245,626
11,246,458
11,247,466
11,248,416
11,249,503
11,250,437
11,251,510
11,252,472
11,253,513
11,254,545
11,255,501
11,256,421
12,1,283
12,2,324
12,3,302
12,4,328
12,5,301
12,6,327
12,7,329
12,8,557
12,9,324
12,10,364
12,11,321
12,12,349
12,13,385
12,14,361
12,15,340
12,16,366
12,17,323
12,18,358
12,19,320
12,20,351
12,21,310
12,22,365
12,23,2400
12,24,359
12,25,332
12,26,358
12,27,354
12,28,810
12,29,338
12,30,454
12,31,358
12,32,388
12,33,355
12,34,405
12,35,375
12,36,405
12,37,410
12,38,526
12,39,401
12,40,429
12,41,390
12,42,432
12,43,405
12,44,411
12,45,330
12,46,335
12,47,277
12,48,249
12,49,267
12,50,229
12,51,316
12,52,327
12,53,242
12,54,271
12,55,273
12,56,267
12,57,241
12,58,263
12,59,387
12,60,261
12,61,271
12,62,260
12,63,235
12,64,313
12,65,235
12,66,247
12,67,252
12,68,278
12,69,238
12,70,250
12,71,412
12,72,241
12,73,324
12,74,245
12,75,251
12,76,278
12,77,258
12,78,248
12,79,237
12,80,263
12,81,230
12,82,223
12,83,234
12,84,227
12,85,213
12,86,226
12,87,225
12,88,281
12,89,219
12,90,233
12,91,230
12,92,269
12,93,218
12,94,220
12,95,234
12,96,214
12,97,229
12,98,216
12,99,232
12,100,220
12,101,216
12,102,224
12,103,279
12,104,214
12,105,210
12,106,200
12,107,209
12,108,213
12,109,213
12,110,203
12,111,209
12,112,205
12,113,195
12,114,207
12,115,198
12,116,206
12,117,196
12,118,205
12,119,223
12,120,202
12,121,189
12,122,208
12,123,180
12,124,226
12,125,178
12,126,199
12,127,187
12,128,192
12,129,164
12,130,188
12,131,160
12,132,169
12,133,156
12,134,137
12,135,161
12,136,116
12,137,143
12,138,137
12,139,158
12,140,132
12,141,140
12,142,125
12,143,1508
12,144,422
12,145,159
12,146,123
12,147,144
12,148,212
12,149,147
12,150,141
12,151,144
12,152,140
12,153,146
12,154,133
12,155,185
12,156,147
12,157,187
12,158,160
12,159,164
12,160,197
12,161,182
12,162,149
12,163,155
12,164,148
12,165,155
12,166,155
12,167,158
12,168,151
12,169,163
12,170,173
12,171,187
12,172,155
12,173,170
12,174,190
12,175,161
12,176,155
12,177,173
12,178,197
12,179,1848
12,180,163
12,181,191
12,182,167
12,183,211
12,184,175
12,185,198
12,186,150
12,187,174
12,188,193
12,189,188
12,190,150
12,191,210
12,192,163
12,193,187
12,194,153
12,195,187
12,196,159
12,197,215
12,198,191
12,199,185
12,200,169
12,201,202
12,202,177
12,203,201
12,204,165
12,205,207
12,206,172
12,207,212
12,208,173
12,209,220
12,210,1508
12,211,256
12,212,176
12,213,331
12,214,203
12,215,342
12,216,176
12,217,245
12,218,190
12,219,274
12,220,202
12,221,710
12,222,202
12,223,280
12,224,214
12,225,298
12,226,217
12,227,306
12,228,218
12,229,310
12,230,242
12,231,305
12,232,245
12,233,337
12,234,262
12,235,3480
12,236,280
12,237,363
12,238,354
12,239,387
12,240,329
12,241,399
12,242,355
12,243,425
12,244,370
12,245,626
12,246,458
12,247,466
12,248,416
12,249,503
12,250,437
12,251,510
12,252,472
12,253,513
12,254,545
12,255,501
12,256,421
13,1,282
13,2,322
13,3,301
13,4,325
13,5,302
13,6,326
13,7,331
13,8,567
13,9,325
13,10,363
13,11,322
13,12,350
13,13,384
13,14,360
13,15,341
13,16,364
13,17,323
13,18,355
13,19,320
13,20,351
13,21,312
13,22,365
13,23,2403
13,24,357
13,25,332
13,26,358
13,27,354
13,28,808
13,29,341
13,30,452
13,31,357
13,32,386
13,33,357
13,34,405
13,35,372
13,36,404
13,37,412
13,38,527
13,39,403
13,40,429
13,41,392
13,42,433
13,43,405
13,44,412
13,45,330
13,46,335
13,47,277
13,48,249
13,49,267
13,50,228
13,51,320
13,52,332
13,53,241
13,54,271
13,55,276
13,56,265
13,57,240
13,58,262
13,59,385
13,60,261
13,61,272
13,62,259
13,63,234
13,64,314
13,65,235
13,66,247
13,67,251
13,68,278
13,69,239
13,70,250
13,71,412
13,72,241
13,73,325
13,74,244
13,75,251
13,76,275
13,77,256
13,78,249
13,79,236
13,80,262
13,81,230
13,82,224
13,83,233
13,84,227
13,85,214
13,86,224
13,87,224
13,88,280
13,89,217
13,90,231
13,91,230
13,92,270
13,93,218
13,94,218
13,95,233
13,96,213
13,97,231
13,98,217
13,99,232
13,100,219
13,101,215
13,102,211
13,103,275
13,104,214
13,105,211
13,106,200
13,107,210
13,108,213
13,109,209
13,110,202
13,111,209
13,112,205
13,113,194
13,114,208
13,115,198
13,116,206
13,117,197
13,118,205
13,119,224
13,120,201
13,121,190
13,122,207
13,123,180
13,124,222
13,125,176
13,126,199
13,127,188
13,128,192
13,129,163
13,130,189
13,131,161
13,132,170
13,133,155
13,134,137
13,135,161
13,136,115
13,137,142
13,138,136
13,139,159
13,140,133
13,141,139
13,142,123
13,143,1507
13,144,423
13,145,160
13,146,124
13,147,144
13,148,211
13,149,147
13,150,141
13,151,146
13,152,139
13,153,146
13,154,133
13,155,185
13,156,146
13,157,186
13,158,159
13,159,164
13,160,197
13,161,182
13,162,147
13,163,154
13,164,147
13,165,156
13,166,154
13,167,159
13,168,149
13,169,162
13,170,172
13,171,187
13,172,155
13,173,169
13,174,187
13,175,161
13,176,154
13,177,173
13,178,193
13,179,1847
13,180,164
13,181,191
13,182,167
13,183,210
13,184,174
13,185,200
13,186,148
13,187,174
13,188,190
13,189,188
13,190,149
13,191,210
13,192,163
13,193,186
13,194,151
13,195,185
13,196,157
13,197,214
13,198,191
13,199,184
13,200,168
13,201,200
13,202,176
13,203,199
13,204,163
13,205,208
13,206,174
13,207,212
13,208,172
13,209,221
13,210,1507
13,211,255
13,212,175
13,213,333
13,214,203
13,215,348
13,216,174
13,217,246
13,218,189
13,219,274
13,220,201
13,221,705
13,222,201
13,223,279
13,224,213
13,225,298
13,226,216
13,227,308
13,228,219
13,229,310
13,230,242
13,231,305
13,232,247
13,233,427
13,234,261
13,235,3480
13,236,279
13,237,363
13,238,356
13,239,385
13,240,328
13,241,398
13,242,355
13,243,425
13,244,368
13,245,628
13,246,465
13,247,464
13,248,414
13,249,503
13,250,435
13,251,509
13,252,471
13,253,515
13,254,542
13,255,501
13,256,421
14,1,282
14,2,322
14,3,301
14,4,325
14,5,302
14,6,326
14,7,331
14,8,567
14,9,325
14,10,363
14,11,322
14,12,350
14,13,384
14,14,360
14,15,341
14,16,364
14,17,323
14,18,355
14,19,320
14,20,351
14,21,312
14,22,365
14,23,2403
14,24,357
14,25,332
14,26,358
14,27,354
14,28,808
14,29,341
14,30,452
14,31,357
14,32,386
14,33,357
14,34,405
14,35,372
14,36,404
14,37,412
14,38,527
14,39,403
14,40,429
14,41,392
14,42,433
14,43,405
14,44,412
14,45,330
14,46,335
14,47,277
14,48,249
14,49,267
14,50,228
14,51,320
14,52,332
14,53,241
14,54,271
14,55,276
14,56,265
14,57,240
14,58,262
14,59,385
14,60,261
14,61,272
14,62,259
14,63,234
14,64,314
14,65,235
14,66,247
14,67,251
14,68,278
14,69,239
14,70,250
14,71,412
14,72,241
14,73,325
14,74,244
14,75,251
14,76,275
14,77,256
14,78,249
14,79,236
14,80,262
14,81,230
14,82,224
14,83,233
14,84,227
14,85,214
14,86,224
14,87,224
14,88,280
14,89,217
14,90,231
14,91,230
14,92,270
14,93,218
14,94,218
14,95,233
14,96,213
14,97,231
14,98,217
14,99,232
14,100,219
14,101,215
14,102,211
14,103,275
14,104,214
14,105,211
14,106,200
14,107,210
14,108,213
14,109,209
14,110,202
14,111,209
14,112,205
14,113,194
14,114,208
14,115,198
14,116,206
14,117,197
14,118,205
14,119,224
14,120,201
14,121,190
14,122,207
14,123,180
14,124,222
14,125,176
14,126,199
14,127,188
14,128,192
14,129,163
14,130,189
14,131,161
14,132,170
14,133,155
14,134,137
14,135,161
14,136,115
14,137,142
14,138,136
14,139,159
14,140,133
14,141,139
14,142,123
14,143,1507
14,144,423
14,145,160
14,146,124
14,147,144
14,148,211
14,149,147
14,150,141
14,151,146
14,152,139
14,153,146
14,154,133
14,155,185
14,156,146
14,157,186
14,158,159
14,159,164
14,160,197
14,161,182
14,162,147
14,163,154
14,164,147
14,165,156
14,166,154
14,167,159
14,168,149
14,169,162
14,170,172
14,171,187
14,172,155
14,173,169
14,174,187
14,175,161
14,176,154
14,177,173
14,178,193
14,179,1847
14,180,164
14,181,191
14,182,167
14,183,210
14,184,174
14,185,200
14,186,148
14,187,174
14,188,190
14,189,188
14,190,149
14,191,210
14,192,163
14,193,186
14,194,151
14,195,185
14,196,157
14,197,214
14,198,191
14,199,184
14,200,168
14,201,200
14,202,176
14,203,199
14,204,163
14,205,208
14,206,174
14,207,212
14,208,172
14,209,221
14,210,1507
14,211,255
14,212,175
14,213,333
14,214,203
14,215,348
14,216,174
14,217,246
14,218,189
14,219,274
14,220,201
14,221,705
14,222,201
14,223,279
14,224,213
14,225,298
14,226,216
14,227,308
14,228,219
14,229,310
14,230,242
14,231,305
14,232,247
14,233,427
14,234,261
14,235,3480
14,236,279
14,237,363
14,238,356
14,239,385
14,240,328
14,241,398
14,242,355
14,243,425
14,244,368
14,245,628
14,246,465
14,247,464
14,248,414
14,249,503
14,250,435
14,251,509
14,252,471
14,253,515
14,254,542
14,255,501
14,256,421
15,1,281
15,2,324
15,3,301
15,4,327
15,5,301
15,6,327
15,7,332
15,8,555
15,9,323
15,10,365
15,11,320
15,12,349
15,13,384
15,14,362
15,15,339
15,16,367
15,17,323
15,18,358
15,19,319
15,20,353
15,21,311
15,22,366
15,23,2397
15,24,359
15,25,333
15,26,361
15,27,353
15,28,809
15,29,339
15,30,452
15,31,358
15,32,387
15,33,356
15,34,405
15,35,374
15,36,405
15,37,412
15,38,527
15,39,400
15,40,430
15,41,391
15,42,433
15,43,405
15,44,414
15,45,330
15,46,336
15,47,276
15,48,250
15,49,263
15,50,229
15,51,313
15,52,328
15,53,241
15,54,271
15,55,276
15,56,266
15,57,240
15,58,262
15,59,387
15,60,262
15,61,270
15,62,260
15,63,235
15,64,311
15,65,235
15,66,248
15,67,250
15,68,279
15,69,236
15,70,250
15,71,412
15,72,241
15,73,323
15,74,245
15,75,251
15,76,277
15,77,254
15,78,249
15,79,237
15,80,261
15,81,230
15,82,224
15,83,235
15,84,229
15,85,213
15,86,225
15,87,223
15,88,281
15,89,217
15,90,232
15,91,230
15,92,266
15,93,218
15,94,220
15,95,233
15,96,215
15,97,229
15,98,217
15,99,232
15,100,221
15,101,214
15,102,212
15,103,279
15,104,215
15,105,210
15,106,200
15,107,209
15,108,214
15,109,210
15,110,203
15,111,209
15,112,207
15,113,194
15,114,208
15,115,198
15,116,206
15,117,195
15,118,207
15,119,223
15,120,204
15,121,189
15,122,208
15,123,179
15,124,222
15,125,176
15,126,200
15,127,188
15,128,193
15,129,162
15,130,190
15,131,161
15,132,171
15,133,155
15,134,138
15,135,160
15,136,116
15,137,143
15,138,136
15,139,158
15,140,133
15,141,140
15,142,124
15,143,1506
15,144,424
15,145,158
15,146,126
15,147,143
15,148,212
15,149,146
15,150,141
15,151,145
15,152,140
15,153,146
15,154,133
15,155,186
15,156,148
15,157,187
15,158,159
15,159,166
15,160,201
15,161,181
15,162,149
15,163,154
15,164,148
15,165,155
15,166,155
15,167,158
15,168,152
15,169,163
15,170,173
15,171,186
15,172,156
15,173,169
15,174,189
15,175,160
15,176,155
15,177,172
15,178,195
15,179,1846
15,180,165
15,181,190
15,182,168
15,183,210
15,184,176
15,185,199
15,186,149
15,187,174
15,188,194
15,189,188
15,190,151
15,191,210
15,192,164
15,193,187
15,194,151
15,195,186
15,196,158
15,197,214
15,198,192
15,199,184
15,200,170
15,201,200
15,202,178
15,203,199
15,204,164
15,205,206
15,206,174
15,207,213
15,208,173
15,209,221
15,210,1511
15,211,254
15,212,176
15,213,329
15,214,203
15,215,343
15,216,175
15,217,246
15,218,191
15,219,273
15,220,202
15,221,709
15,222,203
15,223,278
15,224,214
15,225,296
15,226,217
15,227,307
15,228,220
15,229,310
15,230,243
15,231,305
15,232,246
15,233,336
15,234,263
15,235,3480
15,236,280
15,237,364
15,238,355
15,239,383
15,240,330
15,241,398
15,242,355
15,243,426
15,244,370
15,245,628
15,246,467
15,247,465
15,248,417
15,249,502
15,250,438
15,251,509
15,252,472
15,253,515
15,254,534
15,255,502
15,256,421
16,1,281
16,2,324
16,3,301
16,4,327
16,5,301
16,6,327
16,7,332
16,8,555
16,9,323
16,10,365
16,11,320
16,12,349
16,13,384
16,14,362
16,15,339
16,16,367
16,17,323
16,18,358
16,19,319
16,20,353
16,21,311
16,22,366
16,23,2397
16,24,359
16,25,333
16,26,361
16,27,353
16,28,809
16,29,339
16,30,452
16,31,358
16,32,387
16,33,356
16,34,405
16,35,374
16,36,405
16,37,412
16,38,527
16,39,400
16,40,430
16,41,391
16,42,433
16,43,405
16,44,414
16,45,330
16,46,336
16,47,276
16,48,250
16,49,263
16,50,229
16,51,313
16,52,328
16,53,241
16,54,271
16,55,276
16,56,266
16,57,240
16,58,262
16,59,387
16,60,262
16,61,270
16,62,260
16,63,235
16,64,311
16,65,235
16,66,248
16,67,250
16,68,279
16,69,236
16,70,250
16,71,412
16,72,241
16,73,323
16,74,245
16,75,251
16,76,277
16,77,254
16,78,249
16,79,237
16,80,261
16,81,230
16,82,224
16,83,235
16,84,229
16,85,213
16,86,225
16,87,223
16,88,281
16,89,217
16,90,232
16,91,230
16,92,266
16,93,218
16,94,220
16,95,233
16,96,215
16,97,229
16,98,217
16,99,232
16,100,221
16,101,214
16,102,212
16,103,279
16,104,215
16,105,210
16,106,200
16,107,209
16,108,214
16,109,210
16,110,203
16,111,209
16,112,207
16,113,194
16,114,208
16,115,198
16,116,206
16,117,195
16,118,207
16,119,223
16,120,204
16,121,189
16,122,208
16,123,179
16,124,222
16,125,176
16,126,200
16,127,188
16,128,193
16,129,162
16,130,190
16,131,161
16,132,171
16,133,155
16,134,138
16,135,160
16,136,116
16,137,143
16,138,136
16,139,158
16,140,133
16,141,140
16,142,124
16,143,1506
16,144,424
16,145,158
16,146,126
16,147,143
16,148,212
16,149,146
16,150,141
16,151,145
16,152,140
16,153,146
16,154,133
16,155,186
16,156,148
16,157,187
16,158,159
16,159,166
16,160,201
16,161,181
16,162,149
16,163,154
16,164,148
16,165,155
16,166,155
16,167,158
16,168,152
16,169,163
16,170,173
16,171,186
16,172,156
16,173,169
16,174,189
16,175,160
16,176,155
16,177,172
16,178,195
16,179,1846
16,180,165
16,181,190
16,182,168
16,183,210
16,184,176
16,185,199
16,186,149
16,187,174
16,188,194
16,189,188
16,190,151
16,191,210
16,192,164
16,193,187
16,194,151
16,195,186
16,196,158
16,197,214
16,198,192
16,199,184
16,200,170
16,201,200
16,202,178
16,203,199
16,204,164
16,205,206
16,206,174
16,207,213
16,208,173
16,209,221
16,210,1511
16,211,254
16,212,176
16,213,329
16,214,203
16,215,343
16,216,175
16,217,246
16,218,191
16,219,273
16,220,202
16,221,709
16,222,203
16,223,278
16,224,214
16,225,296
16,226,217
16,227,307
16,228,220
16,229,310
16,230,243
16,231,305
16,232,246
16,233,336
16,234,263
16,235,3480
16,236,280
16,237,364
16,238,355
16,239,383
16,240,330
16,241,398
16,242,355
16,243,426
16,244,370
16,245,628
16,246,467
16,247,465
16,248,417
16,249,502
16,250,438
16,251,509
16,252,472
16,253,515
16,254,534
16,255,502
16,256,421
17,1,285
17,2,323
17,3,301
17,4,327
17,5,302
17,6,327
17,7,331
17,8,560
17,9,323
17,10,365
17,11,319
17,12,350
17,13,386
17,14,361
17,15,340
17,16,365
17,17,323
17,18,357
17,19,317
17,20,352
17,21,310
17,22,365
17,23,2400
17,24,359
17,25,332
17,26,359
17,27,354
17,28,811
17,29,338
17,30,452
17,31,358
17,32,387
17,33,357
17,34,405
17,35,373
17,36,404
17,37,412
17,38,528
17,39,400
17,40,430
17,41,392
17,42,435
17,43,404
17,44,412
17,45,329
17,46,336
17,47,277
17,48,248
17,49,266
17,50,228
17,51,314
17,52,331
17,53,245
17,54,271
17,55,273
17,56,265
17,57,241
17,58,262
17,59,390
17,60,278
17,61,305
17,62,265
17,63,236
17,64,310
17,65,234
17,66,248
17,67,250
17,68,278
17,69,236
17,70,250
17,71,412
17,72,240
17,73,325
17,74,245
17,75,250
17,76,276
17,77,256
17,78,248
17,79,238
17,80,262
17,81,230
17,82,222
17,83,232
17,84,226
17,85,213
17,86,225
17,87,223
17,88,279
17,89,217
17,90,232
17,91,229
17,92,263
17,93,216
17,94,219
17,95,233
17,96,214
17,97,230
17,98,216
17,99,233
17,100,221
17,101,216
17,102,211
17,103,279
17,104,214
17,105,210
17,106,200
17,107,209
17,108,213
17,109,211
17,110,202
17,111,209
17,112,207
17,113,195
17,114,209
17,115,197
17,116,206
17,117,195
17,118,205
17,119,225
17,120,201
17,121,189
17,122,206
17,123,180
17,124,222
17,125,178
17,126,198
17,127,186
17,128,192
17,129,161
17,130,189
17,131,161
17,132,172
17,133,155
17,134,137
17,135,160
17,136,116
17,137,142
17,138,136
17,139,157
17,140,133
17,141,139
17,142,124
17,143,1508
17,144,424
17,145,158
17,146,126
17,147,143
17,148,213
17,149,146
17,150,140
17,151,145
17,152,140
17,153,146
17,154,155
17,155,191
17,156,147
17,157,186
17,158,160
17,159,164
17,160,199
17,161,181
17,162,148
17,163,155
17,164,149
17,165,154
17,166,155
17,167,157
17,168,151
17,169,163
17,170,172
17,171,185
17,172,156
17,173,169
17,174,187
17,175,159
17,176,155
17,177,174
17,178,196
17,179,1844
17,180,164
17,181,189
17,182,168
17,183,210
17,184,176
17,185,199
17,186,149
17,187,174
17,188,192
17,189,188
17,190,150
17,191,209
17,192,164
17,193,186
17,194,150
17,195,186
17,196,158
17,197,214
17,198,192
17,199,184
17,200,168
17,201,200
17,202,176
17,203,200
17,204,163
17,205,207
17,206,173
17,207,212
17,208,173
17,209,220
17,210,1506
17,211,253
17,212,175
17,213,330
17,214,203
17,215,345
17,216,176
17,217,246
17,218,190
17,219,274
17,220,201
17,221,708
17,222,203
17,223,277
17,224,212
17,225,295
17,226,217
17,227,307
17,228,219
17,229,310
17,230,242
17,231,305
17,232,245
17,233,338
17,234,261
17,235,3472
17,236,282
17,237,363
17,238,356
17,239,384
17,240,327
17,241,396
17,242,356
17,243,425
17,244,369
17,245,625
17,246,463
17,247,464
17,248,416
17,249,501
17,250,437
17,251,508
17,252,472
17,253,513
17,254,540
17,255,503
17,256,422
18,1,285
18,2,323
18,3,301
18,4,327
18,5,302
18,6,327
18,7,331
18,8,560
18,9,323
18,10,365
18,11,319
18,12,350
18,13,386
18,14,361
18,15,340
18,16,365
18,17,323
18,18,357
18,19,317
18,20,352
18,21,310
18,22,365
18,23,2400
18,24,359
18,25,332
18,26,359
18,27,354
18,28,811
18,29,338
18,30,452
18,31,358
18,32,387
18,33,357
18,34,405
18,35,373
18,36,404
18,37,412
18,38,528
18,39,400
18,40,430
18,41,392
18,42,435
18,43,404
18,44,412
18,45,329
18,46,336
18,47,277
18,48,248
18,49,266
18,50,228
18,51,314
18,52,331
18,53,245
18,54,271
18,55,273
18,56,265
18,57,241
18,58,262
18,59,390
18,60,278
18,61,305
18,62,265
18,63,236
18,64,310
18,65,234
18,66,248
18,67,250
18,68,278
18,69,236
18,70,250
18,71,412
18,72,240
18,73,325
18,74,245
18,75,250
18,76,276
18,77,256
18,78,248
18,79,238
18,80,262
18,81,230
18,82,222
18,83,232
18,84,226
18,85,213
18,86,225
18,87,223
18,88,279
18,89,217
18,90,232
18,91,229
18,92,263
18,93,216
18,94,219
18,95,233
18,96,214
18,97,230
18,98,216
18,99,233
18,100,221
18,101,216
18,102,211
18,103,279
18,104,214
18,105,210
18,106,200
18,107,209
18,108,213
18,109,211
18,110,202
18,111,209
18,112,207
18,113,195
18,114,209
18,115,197
18,116,206
18,117,195
18,118,205
18,119,225
18,120,201
18,121,189
18,122,206
18,123,180
18,124,222
18,125,178
18,126,198
18,127,186
18,128,192
18,129,161
18,130,189
18,131,161
18,132,172
18,133,155
18,134,137
18,135,160
18,136,116
18,137,142
18,138,136
18,139,157
18,140,133
18,141,139
18,142,124
18,143,1508
18,144,424
18,145,158
18,146,126
18,147,143
18,148,213
18,149,146
18,150,140
18,151,145
18,152,140
18,153,146
18,154,155
18,155,191
18,156,147
18,157,186
18,158,160
18,159,164
18,160,199
18,161,181
18,162,148
18,163,155
18,164,149
18,165,154
18,166,155
18,167,157
18,168,151
18,169,163
18,170,172
18,171,185
18,172,156
18,173,169
18,174,187
18,175,159
18,176,155
18,177,174
18,178,196
18,179,1844
18,180,164
18,181,189
18,182,168
18,183,210
18,184,176
18,185,199
18,186,149
18,187,174
18,188,192
18,189,188
18,190,150
18,191,209
18,192,164
18,193,186
18,194,150
18,195,186
18,196,158
18,197,214
18,198,192
18,199,184
18,200,168
18,201,200
18,202,176
18,203,200
18,204,163
18,205,207
18,206,173
18,207,212
18,208,173
18,209,220
18,210,1506
18,211,253
18,212,175
18,213,330
18,214,203
18,215,345
18,216,176
18,217,246
18,218,190
18,219,274
18,220,201
18,221,708
18,222,203
18,223,277
18,224,212
18,225,295
18,226,217
18,227,307
18,228,219
18,229,310
18,230,242
18,231,305
18,232,245
18,233,338
18,234,261
18,235,3472
18,236,282
18,237,363
18,238,356
18,239,384
18,240,327
18,241,396
18,242,356
18,243,425
18,244,369
18,245,625
18,246,463
18,247,464
18,248,416
18,249,501
18,250,437
18,251,508
18,252,472
18,253,513
18,254,540
18,255,503
18,256,422
19,1,284
19,2,324
19,3,301
19,4,328
19,5,301
19,6,326
19,7,331
19,8,558
19,9,323
19,10,363
19,11,321
19,12,349
19,13,385
19,14,361
19,15,341
19,16,367
19,17,322
19,18,355
19,19,321
19,20,351
19,21,311
19,22,365
19,23,2396
19,24,358
19,25,334
19,26,360
19,27,352
19,28,808
19,29,339
19,30,444
19,31,358
19,32,386
19,33,356
19,34,405
19,35,373
19,36,403
19,37,409
19,38,529
19,39,402
19,40,430
19,41,392
19,42,431
19,43,404
19,44,410
19,45,330
19,46,335
19,47,278
19,48,247
19,49,267
19,50,229
19,51,314
19,52,331
19,53,242
19,54,271
19,55,273
19,56,265
19,57,240
19,58,264
19,59,387
19,60,262
19,61,272
19,62,258
19,63,233
19,64,309
19,65,234
19,66,247
19,67,249
19,68,277
19,69,237
19,70,250
19,71,412
19,72,241
19,73,326
19,74,245
19,75,251
19,76,276
19,77,255
19,78,247
19,79,236
19,80,262
19,81,230
19,82,224
19,83,234
19,84,227
19,85,213
19,86,225
19,87,223
19,88,281
19,89,218
19,90,232
19,91,229
19,92,265
19,93,216
19,94,218
19,95,233
19,96,215
19,97,230
19,98,215
19,99,233
19,100,220
19,101,216
19,102,211
19,103,277
19,104,213
19,105,211
19,106,200
19,107,209
19,108,213
19,109,209
19,110,202
19,111,208
19,112,207
19,113,193
19,114,209
19,115,198
19,116,205
19,117,198
19,118,206
19,119,223
19,120,203
19,121,189
19,122,207
19,123,180
19,124,222
19,125,176
19,126,200
19,127,188
19,128,192
19,129,162
19,130,189
19,131,161
19,132,170
19,133,156
19,134,137
19,135,162
19,136,115
19,137,142
19,138,136
19,139,157
19,140,133
19,141,140
19,142,124
19,143,1513
19,144,424
19,145,159
19,146,124
19,147,144
19,148,214
19,149,146
19,150,140
19,151,145
19,152,139
19,153,146
19,154,131
19,155,187
19,156,147
19,157,186
19,158,159
19,159,166
19,160,198
19,161,182
19,162,148
19,163,153
19,164,149
19,165,155
19,166,155
19,167,158
19,168,150
19,169,162
19,170,172
19,171,187
19,172,155
19,173,169
19,174,186
19,175,159
19,176,154
19,177,173
19,178,196
19,179,1847
19,180,163
19,181,190
19,182,164
19,183,209
19,184,175
19,185,201
19,186,149
19,187,173
19,188,193
19,189,187
19,190,148
19,191,209
19,192,165
19,193,186
19,194,150
19,195,185
19,196,159
19,197,215
19,198,192
19,199,184
19,200,168
19,201,202
19,202,176
19,203,199
19,204,165
19,205,206
19,206,174
19,207,213
19,208,173
19,209,221
19,210,1507
19,211,255
19,212,175
19,213,331
19,214,204
19,215,368
19,216,175
19,217,247
19,218,191
19,219,275
19,220,202
19,221,706
19,222,202
19,223,278
19,224,213
19,225,296
19,226,217
19,227,307
19,228,219
19,229,311
19,230,241
19,231,305
19,232,246
19,233,338
19,234,262
19,235,3484
19,236,299
19,237,367
19,238,354
19,239,382
19,240,328
19,241,399
19,242,356
19,243,426
19,244,367
19,245,627
19,246,467
19,247,465
19,248,417
19,249,501
19,250,435
19,251,510
19,252,472
19,253,515
19,254,545
19,255,502
19,256,422
20,1,284
20,2,324
20,3,301
20,4,328
20,5,301
20,6,326
20,7,331
20,8,558
20,9,323
20,10,363
20,11,321
20,12,349
20,13,385
20,14,361
20,15,341
20,16,367
20,17,322
20,18,355
20,19,321
20,20,351
20,21,311
20,22,365
20,23,2396
20,24,358
20,25,334
20,26,360
20,27,352
20,28,808
20,29,339
20,30,444
20,31,358
20,32,386
20,33,356
20,34,405
20,35,373
20,36,403
20,37,409
20,38,529
20,39,402
20,40,430
20,41,392
20,42,431
20,43,404
20,44,410
20,45,330
20,46,335
20,47,278
20,48,247
20,49,267
20,50,229
20,51,314
20,52,331
20,53,242
20,54,271
20,55,273
20,56,265
20,57,240
20,58,264
20,59,387
20,60,262
20,61,272
20,62,258
20,63,233
20,64,309
20,65,234
20,66,247
20,67,249
20,68,277
20,69,237
20,70,250
20,71,412
20,72,241
20,73,326
20,74,245
20,75,251
20,76,276
20,77,255
20,78,247
20,79,236
20,80,262
20,81,230
20,82,224
20,83,234
20,84,227
20,85,213
20,86,225
20,87,223
20,88,281
20,89,218
20,90,232
20,91,229
20,92,265
20,93,216
20,94,218
20,95,233
20,96,215
20,97,230
20,98,215
20,99,233
20,100,220
20,101,216
20,102,211
20,103,277
20,104,213
20,105,211
20,106,200
20,107,209
20,108,213
20,109,209
20,110,202
20,111,208
20,112,207
20,113,193
20,114,209
20,115,198
20,116,205
20,117,198
20,118,206
20,119,223
20,120,203
20,121,189
20,122,207
20,123,180
20,124,222
20,125,176
20,126,200
20,127,188
20,128,192
20,129,162
20,130,189
20,131,161
20,132,170
20,133,156
20,134,137
20,135,162
20,136,115
20,137,142
20,138,136
20,139,157
20,140,133
20,141,140
20,142,124
20,143,1513
20,144,424
20,145,159
20,146,124
20,147,144
20,148,214
20,149,146
20,150,140
20,151,145
20,152,139
20,153,146
20,154,131
20,155,187
20,156,147
20,157,186
20,158,159
20,159,166
20,160,198
20,161,182
20,162,148
20,163,153
20,164,149
20,165,155
20,166,155
20,167,158
20,168,150
20,169,162
20,170,172
20,171,187
20,172,155
20,173,169
20,174,186
20,175,159
20,176,154
20,177,173
20,178,196
20,179,1847
20,180,163
20,181,190
20,182,164
20,183,209
20,184,175
20,185,201
20,186,149
20,187,173
20,188,193
20,189,187
20,190,148
20,191,209
20,192,165
20,193,186
20,194,150
20,195,185
20,196,159
20,197,215
20,198,192
20,199,184
20,200,168
20,201,202
20,202,176
20,203,199
20,204,165
20,205,206
20,206,174
20,207,213
20,208,173
20,209,221
20,210,1507
20,211,255
20,212,175
20,213,331
20,214,204
20,215,368
20,216,175
20,217,247
20,218,191
20,219,275
20,220,202
20,221,706
20,222,202
20,223,278
20,224,213
20,225,296
20,226,217
20,227,307
20,228,219
20,229,311
20,230,241
20,231,305
20,232,246
20,233,338
20,234,262
20,235,3484
20,236,299
20,237,367
20,238,354
20,239,382
20,240,328
20,241,399
20,242,356
20,243,426
20,244,367
20,245,627
20,246,467
20,247,465
20,248,417
20,249,501
20,250,435
20,251,510
20,252,472
20,253,515
20,254,545
20,255,502
20,256,422
21,1,284
21,2,324
21,3,300
21,4,327
21,5,300
21,6,326
21,7,332
21,8,563
21,9,322
21,10,362
21,11,320
21,12,349
21,13,385
21,14,362
21,15,341
21,16,367
21,17,323
21,18,357
21,19,319
21,20,351
21,21,309
21,22,364
21,23,2399
21,24,359
21,25,335
21,26,359
21,27,353
21,28,809
21,29,341
21,30,445
21,31,357
21,32,387
21,33,356
21,34,404
21,35,375
21,36,404
21,37,411
21,38,528
21,39,401
21,40,432
21,41,389
21,42,431
21,43,405
21,44,414
21,45,331
21,46,336
21,47,278
21,48,249
21,49,268
21,50,230
21,51,315
21,52,328
21,53,243
21,54,271
21,55,273
21,56,266
21,57,239
21,58,262
21,59,386
21,60,262
21,61,271
21,62,259
21,63,234
21,64,314
21,65,233
21,66,247
21,67,251
21,68,281
21,69,238
21,70,250
21,71,411
21,72,241
21,73,323
21,74,247
21,75,256
21,76,278
21,77,256
21,78,250
21,79,236
21,80,260
21,81,229
21,82,223
21,83,233
21,84,229
21,85,213
21,86,226
21,87,224
21,88,280
21,89,216
21,90,231
21,91,229
21,92,267
21,93,216
21,94,218
21,95,234
21,96,214
21,97,231
21,98,215
21,99,233
21,100,221
21,101,216
21,102,211
21,103,279
21,104,214
21,105,212
21,106,201
21,107,209
21,108,213
21,109,210
21,110,203
21,111,209
21,112,206
21,113,194
21,114,209
21,115,198
21,116,205
21,117,195
21,118,206
21,119,222
21,120,202
21,121,188
21,122,206
21,123,180
21,124,226
21,125,176
21,126,200
21,127,186
21,128,192
21,129,161
21,130,189
21,131,161
21,132,170
21,133,155
21,134,138
21,135,160
21,136,116
21,137,143
21,138,136
21,139,158
21,140,133
21,141,139
21,142,123
21,143,1507
21,144,424
21,145,159
21,146,125
21,147,143
21,148,215
21,149,145
21,150,141
21,151,145
21,152,140
21,153,146
21,154,133
21,155,186
21,156,147
21,157,186
21,158,160
21,159,165
21,160,201
21,161,181
21,162,149
21,163,155
21,164,150
21,165,155
21,166,155
21,167,159
21,168,151
21,169,163
21,170,173
21,171,186
21,172,156
21,173,169
21,174,190
21,175,160
21,176,155
21,177,172
21,178,194
21,179,1847
21,180,165
21,181,191
21,182,165
21,183,210
21,184,176
21,185,200
21,186,148
21,187,172
21,188,192
21,189,188
21,190,150
21,191,210
21,192,164
21,193,187
21,194,151
21,195,184
21,196,158
21,197,213
21,198,190
21,199,184
21,200,169
21,201,200
21,202,177
21,203,198
21,204,164
21,205,207
21,206,173
21,207,212
21,208,174
21,209,220
21,210,1508
21,211,254
21,212,176
21,213,331
21,214,204
21,215,348
21,216,175
21,217,246
21,218,189
21,219,274
21,220,203
21,221,710
21,222,203
21,223,279
21,224,213
21,225,295
21,226,217
21,227,307
21,228,219
21,229,310
21,230,242
21,231,305
21,232,247
21,233,338
21,234,262
21,235,3473
21,236,280
21,237,363
21,238,355
21,239,384
21,240,328
21,241,397
21,242,356
21,243,425
21,244,369
21,245,622
21,246,467
21,247,463
21,248,415
21,249,498
21,250,435
21,251,508
21,252,470
21,253,515
21,254,535
21,255,503
21,256,423
22,1,284
22,2,324
22,3,300
22,4,327
22,5,300
22,6,326
22,7,332
22,8,563
22,9,322
22,10,362
22,11,320
22,12,349
22,13,385
22,14,362
22,15,341
22,16,367
22,17,323
22,18,357
22,19,319
22,20,351
22,21,309
22,22,364
22,23,2399
22,24,359
22,25,335
22,26,359
22,27,353
22,28,809
22,29,341
22,30,445
22,31,357
22,32,387
22,33,356
22,34,404
22,35,375
22,36,404
22,37,411
22,38,528
22,39,401
22,40,432
22,41,389
22,42,431
22,43,405
22,44,414
22,45,331
22,46,336
22,47,278
22,48,249
22,49,268
22,50,230
22,51,315
22,52,328
22,53,243
22,54,271
22,55,273
22,56,266
22,57,239
22,58,262
22,59,386
22,60,262
22,61,271
22,62,259
22,63,234
22,64,314
22,65,233
22,66,247
22,67,251
22,68,281
22,69,238
22,70,250
22,71,411
22,72,241
22,73,323
22,74,247
22,75,256
22,76,278
22,77,256
22,78,250
22,79,236
22,80,260
22,81,229
22,82,223
22,83,233
22,84,229
22,85,213
22,86,226
22,87,224
22,88,280
22,89,216
22,90,231
22,91,229
22,92,267
22,93,216
22,94,218
22,95,234
22,96,214
22,97,231
22,98,215
22,99,233
22,100,221
22,101,216
22,102,211
22,103,279
22,104,214
22,105,212
22,106,201
22,107,209
22,108,213
22,109,210
22,110,203
22,111,209
22,112,206
22,113,194
22,114,209
22,115,198
22,116,205
22,117,195
22,118,206
22,119,222
22,120,202
22,121,188
22,122,206
22,123,180
22,124,226
22,125,176
22,126,200
22,127,186
22,128,192
22,129,161
22,130,189
22,131,161
22,132,170
22,133,155
22,134,138
22,135,160
22,136,116
22,137,143
22,138,136
22,139,158
22,140,133
22,141,139
22,142,123
22,143,1507
22,144,424
22,145,159
22,146,125
22,147,143
22,148,215
22,149,145
22,150,141
22,151,145
22,152,140
22,153,146
22,154,133
22,155,186
22,156,147
22,157,186
22,158,160
22,159,165
22,160,201
22,161,181
22,162,149
22,163,155
22,164,150
22,165,155
22,166,155
22,167,159
22,168,151
22,169,163
22,170,173
22,171,186
22,172,156
22,173,169
22,174,190
22,175,160
22,176,155
22,177,172
22,178,194
22,179,1847
22,180,165
22,181,191
22,182,165
22,183,210
22,184,176
22,185,200
22,186,148
22,187,172
22,188,192
22,189,188
22,190,150
22,191,210
22,192,164
22,193,187
22,194,151
22,195,184
22,196,158
22,197,213
22,198,190
22,199,184
22,200,169
22,201,200
22,202,177
22,203,198
22,204,164
22,205,207
22,206,173
22,207,212
22,208,174
22,209,220
22,210,1508
22,211,254
22,212,176
22,213,331
22,214,204
22,215,348
22,216,175
22,217,246
22,218,189
22,219,274
22,220,203
22,221,710
22,222,203
22,223,279
22,224,213
22,225,295
22,226,217
22,227,307
22,228,219
22,229,310
22,230,242
22,231,305
22,232,247
22,233,338
22,234,262
22,235,3473
22,236,280
22,237,363
22,238,355
22,239,384
22,240,328
22,241,397
22,242,356
22,243,425
22,244,369
22,245,622
22,246,467
22,247,463
22,248,415
22,249,498
22,250,435
22,251,508
22,252,470
22,253,515
22,254,535
22,255,503
22,256,423
23,1,282
23,2,322
23,3,301
23,4,327
23,5,302
23,6,326
23,7,332
23,8,567
23,9,324
23,10,364
23,11,320
23,12,348
23,13,383
23,14,361
23,15,341
23,16,365
23,17,324
23,18,357
23,19,319
23,20,352
23,21,311
23,22,365
23,23,2398
23,24,358
23,25,334
23,26,360
23,27,352
23,28,810
23,29,340
23,30,444
23,31,358
23,32,388
23,33,356
23,34,405
23,35,374
23,36,406
23,37,412
23,38,528
23,39,401
23,40,431
23,41,392
23,42,434
23,43,403
23,44,411
23,45,331
23,46,335
23,47,278
23,48,250
23,49,263
23,50,229
23,51,313
23,52,329
23,53,241
23,54,272
23,55,274
23,56,266
23,57,240
23,58,262
23,59,387
23,60,260
23,61,271
23,62,259
23,63,234
23,64,311
23,65,234
23,66,248
23,67,250
23,68,279
23,69,240
23,70,250
23,71,411
23,72,240
23,73,324
23,74,244
23,75,251
23,76,262
23,77,255
23,78,249
23,79,237
23,80,262
23,81,230
23,82,224
23,83,233
23,84,227
23,85,213
23,86,226
23,87,224
23,88,281
23,89,216
23,90,232
23,91,229
23,92,266
23,93,217
23,94,219
23,95,232
23,96,214
23,97,230
23,98,218
23,99,233
23,100,221
23,101,213
23,102,211
23,103,277
23,104,215
23,105,209
23,106,200
23,107,210
23,108,214
23,109,209
23,110,203
23,111,210
23,112,207
23,113,194
23,114,210
23,115,197
23,116,205
23,117,196
23,118,206
23,119,223
23,120,202
23,121,190
23,122,206
23,123,181
23,124,225
23,125,176
23,126,198
23,127,187
23,128,193
23,129,162
23,130,190
23,131,160
23,132,170
23,133,156
23,134,135
23,135,162
23,136,116
23,137,141
23,138,136
23,139,158
23,140,133
23,141,139
23,142,125
23,143,1507
23,144,423
23,145,159
23,146,125
23,147,144
23,148,211
23,149,146
23,150,141
23,151,145
23,152,140
23,153,146
23,154,134
23,155,186
23,156,147
23,157,185
23,158,159
23,159,164
23,160,200
23,161,181
23,162,149
23,163,154
23,164,148
23,165,154
23,166,154
23,167,158
23,168,152
23,169,163
23,170,172
23,171,186
23,172,156
23,173,169
23,174,189
23,175,160
23,176,155
23,177,171
23,178,192
23,179,1848
23,180,165
23,181,190
23,182,166
23,183,214
23,184,176
23,185,200
23,186,149
23,187,174
23,188,192
23,189,188
23,190,149
23,191,209
23,192,165
23,193,186
23,194,151
23,195,185
23,196,160
23,197,215
23,198,204
23,199,202
23,200,187
23,201,201
23,202,176
23,203,199
23,204,164
23,205,207
23,206,173
23,207,213
23,208,172
23,209,220
23,210,1508
23,211,253
23,212,176
23,213,333
23,214,204
23,215,343
23,216,176
23,217,247
23,218,191
23,219,274
23,220,202
23,221,710
23,222,200
23,223,278
23,224,213
23,225,297
23,226,217
23,227,307
23,228,219
23,229,311
23,230,241
23,231,306
23,232,246
23,233,336
23,234,262
23,235,3485
23,236,281
23,237,365
23,238,357
23,239,384
23,240,329
23,241,396
23,242,358
23,243,424
23,244,368
23,245,625
23,246,464
23,247,464
23,248,416
23,249,501
23,250,435
23,251,509
23,252,472
23,253,515
23,254,539
23,255,502
23,256,422
24,1,282
24,2,322
24,3,301
24,4,327
24,5,302
24,6,326
24,7,332
24,8,567
24,9,324
24,10,364
24,11,320
24,12,348
24,13,383
24,14,361
24,15,341
24,16,365
24,17,324
24,18,357
24,19,319
24,20,352
24,21,311
24,22,365
24,23,2398
24,24,358
24,25,334
24,26,360
24,27,352
24,28,810
24,29,340
24,30,444
24,31,358
24,32,388
24,33,356
24,34,405
24,35,374
24,36,406
24,37,412
24,38,528
24,39,401
24,40,431
24,41,392
24,42,434
24,43,403
24,44,411
24,45,331
24,46,335
24,47,278
24,48,250
24,49,263
24,50,229
24,51,313
24,52,329
24,53,241
24,54,272
24,55,274
24,56,266
24,57,240
24,58,262
24,59,387
24,60,260
24,61,271
24,62,259
24,63,234
24,64,311
24,65,234
24,66,248
24,67,250
24,68,279
24,69,240
24,70,250
24,71,411
24,72,240
24,73,324
24,74,244
24,75,251
24,76,262
24,77,255
24,78,249
24,79,237
24,80,262
24,81,230
24,82,224
24,83,233
24,84,227
24,85,213
24,86,226
24,87,224
24,88,281
24,89,216
24,90,232
24,91,229
24,92,266
24,93,217
24,94,219
24,95,232
24,96,214
24,97,230
24,98,218
24,99,233
24,100,221
24,101,213
24,102,211
24,103,277
24,104,215
24,105,209
24,106,200
24,107,210
24,108,214
24,109,209
24,110,203
24,111,210
24,112,207
24,113,194
24,114,210
24,115,197
24,116,205
24,117,196
24,118,206
24,119,223
24,120,202
24,121,190
24,122,206
24,123,181
24,124,225
24,125,176
24,126,198
24,127,187
24,128,193
24,129,162
24,130,190
24,131,160
24,132,170
24,133,156
24,134,135
24,135,162
24,136,116
24,137,141
24,138,136
24,139,158
24,140,133
24,141,139
24,142,125
24,143,1507
24,144,423
24,145,159
24,146,125
24,147,144
24,148,211
24,149,146
24,150,141
24,151,145
24,152,140
24,153,146
24,154,134
24,155,186
24,156,147
24,157,185
24,158,159
24,159,164
24,160,200
24,161,181
24,162,149
24,163,154
24,164,148
24,165,154
24,166,154
24,167,158
24,168,152
24,169,163
24,170,172
24,171,186
24,172,156
24,173,169
24,174,189
24,175,160
24,176,155
24,177,171
24,178,192
24,179,1848
24,180,165
24,181,190
24,182,166
24,183,214
24,184,176
24,185,200
24,186,149
24,187,174
24,188,192
24,189,188
24,190,149
24,191,209
24,192,165
24,193,186
24,194,151
24,195,185
24,196,160
24,197,215
24,198,204
24,199,202
24,200,187
24,201,201
24,202,176
24,203,199
24,204,164
24,205,207
24,206,173
24,207,213
24,208,172
24,209,220
24,210,1508
24,211,253
24,212,176
24,213,333
24,214,204
24,215,343
24,216,176
24,217,247
24,218,191
24,219,274
24,220,202
24,221,710
24,222,200
24,223,278
24,224,213
24,225,297
24,226,217
24,227,307
24,228,219
24,229,311
24,230,241
24,231,306
24,232,246
24,233,336
24,234,262
24,235,3485
24,236,281
24,237,365
24,238,357
24,239,384
24,240,329
24,241,396
24,242,358
24,243,424
24,244,368
24,245,625
24,246,464
24,247,464
24,248,416
24,249,501
24,250,435
24,251,509
24,252,472
24,253,515
24,254,539
24,255,502
24,256,422
25,1,283
25,2,323
25,3,301
25,4,327
25,5,301
25,6,327
25,7,330
25,8,558
25,9,324
25,10,364
25,11,320
25,12,348
25,13,385
25,14,362
25,15,340
25,16,365
25,17,322
25,18,356
25,19,320
25,20,352
25,21,310
25,22,365
25,23,2402
25,24,358
25,25,334
25,26,359
25,27,352
25,28,808
25,29,339
25,30,453
25,31,358
25,32,387
25,33,356
25,34,406
25,35,372
25,36,405
25,37,412
25,38,529
25,39,401
25,40,429
25,41,392
25,42,433
25,43,405
25,44,413
25,45,332
25,46,336
25,47,276
25,48,249
25,49,265
25,50,230
25,51,310
25,52,328
25,53,242
25,54,270
25,55,273
25,56,265
25,57,240
25,58,262
25,59,387
25,60,260
25,61,271
25,62,261
25,63,235
25,64,309
25,65,233
25,66,248
25,67,251
25,68,281
25,69,239
25,70,250
25,71,412
25,72,242
25,73,323
25,74,245
25,75,251
25,76,277
25,77,258
25,78,249
25,79,237
25,80,261
25,81,229
25,82,224
25,83,232
25,84,228
25,85,213
25,86,227
25,87,223
25,88,280
25,89,218
25,90,233
25,91,230
25,92,269
25,93,216
25,94,218
25,95,234
25,96,214
25,97,230
25,98,218
25,99,234
25,100,221
25,101,215
25,102,211
25,103,278
25,104,215
25,105,210
25,106,201
25,107,210
25,108,214
25,109,209
25,110,203
25,111,210
25,112,206
25,113,194
25,114,209
25,115,198
25,116,204
25,117,195
25,118,206
25,119,224
25,120,203
25,121,191
25,122,207
25,123,180
25,124,227
25,125,177
25,126,200
25,127,186
25,128,194
25,129,163
25,130,190
25,131,160
25,132,170
25,133,155
25,134,138
25,135,162
25,136,115
25,137,142
25,138,137
25,139,158
25,140,134
25,141,139
25,142,124
25,143,1509
25,144,424
25,145,159
25,146,125
25,147,144
25,148,209
25,149,147
25,150,141
25,151,145
25,152,139
25,153,146
25,154,131
25,155,188
25,156,147
25,157,187
25,158,161
25,159,165
25,160,201
25,161,180
25,162,148
25,163,153
25,164,149
25,165,155
25,166,155
25,167,158
25,168,151
25,169,164
25,170,173
25,171,187
25,172,157
25,173,170
25,174,186
25,175,160
25,176,155
25,177,173
25,178,194
25,179,1848
25,180,164
25,181,190
25,182,166
25,183,211
25,184,176
25,185,200
25,186,148
25,187,174
25,188,192
25,189,188
25,190,151
25,191,209
25,192,164
25,193,187
25,194,152
25,195,186
25,196,158
25,197,214
25,198,191
25,199,185
25,200,169
25,201,201
25,202,177
25,203,199
25,204,164
25,205,208
25,206,173
25,207,213
25,208,173
25,209,221
25,210,1511
25,211,253
25,212,177
25,213,332
25,214,204
25,215,343
25,216,175
25,217,245
25,218,192
25,219,274
25,220,202
25,221,710
25,222,202
25,223,279
25,224,213
25,225,297
25,226,217
25,227,307
25,228,219
25,229,309
25,230,242
25,231,305
25,232,245
25,233,337
25,234,261
25,235,3480
25,236,282
25,237,363
25,238,356
25,239,384
25,240,328
25,241,397
25,242,356
25,243,425
25,244,369
25,245,625
25,246,469
25,247,464
25,248,416
25,249,503
25,250,435
25,251,510
25,252,472
25,253,515
25,254,542
25,255,503
25,256,423
26,1,283
26,2,323
26,3,301
26,4,327
26,5,301
26,6,327
26,7,330
26,8,558
26,9,324
26,10,364
26,11,320
26,12,348
26,13,385
26,14,362
26,15,340
26,16,365
26,17,322
26,18,356
26,19,320
26,20,352
26,21,310
26,22,365
26,23,2402
26,24,358
26,25,334
26,26,359
26,27,352
26,28,808
26,29,339
26,30,453
26,31,358
26,32,387
26,33,356
26,34,406
26,35,372
26,36,405
26,37,412
26,38,529
26,39,401
26,40,429
26,41,392
26,42,433
26,43,405
26,44,413
26,45,332
26,46,336
26,47,276
26,48,249
26,49,265
26,50,230
26,51,310
26,52,328
26,53,242
26,54,270
26,55,273
26,56,265
26,57,240
26,58,262
26,59,387
26,60,260
26,61,271
26,62,261
26,63,235
26,64,309
26,65,233
26,66,248
26,67,251
26,68,281
26,69,239
26,70,250
26,71,412
26,72,242
26,73,323
26,74,245
26,75,251
26,76,277
26,77,258
26,78,249
26,79,237
26,80,261
26,81,229
26,82,224
26,83,232
26,84,228
26,85,213
26,86,227
26,87,223
26,88,280
26,89,218
26,90,233
26,91,230
26,92,269
26,93,216
26,94,218
26,95,234
26,96,214
26,97,230
26,98,218
26,99,234
26,100,221
26,101,215
26,102,211
26,103,278
26,104,215
26,105,210
26,106,201
26,107,210
26,108,214
26,109,209
26,110,203
26,111,210
26,112,206
26,113,194
26,114,209
26,115,198
26,116,204
26,117,195
26,118,206
26,119,224
26,120,203
26,121,191
26,122,207
26,123,180
26,124,227
26,125,177
26,126,200
26,127,186
26,128,194
26,129,163
26,130,190
26,131,160
26,132,170
26,133,155
26,134,138
26,135,162
26,136,115
26,137,142
26,138,137
26,139,158
26,140,134
26,141,139
26,142,124
26,143,1509
26,144,424
26,145,159
26,146,125
26,147,144
26,148,209
26,149,147
26,150,141
26,151,145
26,152,139
26,153,146
26,154,131
26,155,188
26,156,147
26,157,187
26,158,161
26,159,165
26,160,201
26,161,180
26,162,148
26,163,153
26,164,149
26,165,155
26,166,155
26,167,158
26,168,151
26,169,164
26,170,173
26,171,187
26,172,157
26,173,170
26,174,186
26,175,160
26,176,155
26,177,173
26,178,194
26,179,1848
26,180,164
26,181,190
26,182,166
26,183,211
26,184,176
26,185,200
26,186,148
26,187,174
26,188,192
26,189,188
26,190,151
26,191,209
26,192,164
26,193,187
26,194,152
26,195,186
26,196,158
26,197,214
26,198,191
26,199,185
26,200,169
26,201,201
26,202,177
26,203,199
26,204,164
26,205,208
26,206,173
26,207,213
26,208,173
26,209,221
26,210,1511
26,211,253
26,212,177
26,213,332
26,214,204
26,215,343
26,216,175
26,217,245
26,218,192
26,219,274
26,220,202
26,221,710
26,222,202
26,223,279
26,224,213
26,225,297
26,226,217
26,227,307
26,228,219
26,229,309
26,230,242
26,231,305
26,232,245
26,233,337
26,234,261
26,235,3480
26,236,282
26,237,363
26,238,356
26,239,384
26,240,328
26,241,397
26,242,356
26,243,425
26,244,369
26,245,625
26,246,469
26,247,464
26,248,416
26,249,503
26,250,435
26,251,510
26,252,472
26,253,515
26,254,542
26,255,503
26,256,423
27,1,284
27,2,325
27,3,302
27,4,327
27,5,301
27,6,328
27,7,330
27,8,568
27,9,323
27,10,363
27,11,321
27,12,349
27,13,382
27,14,360
27,15,340
27,16,366
27,17,324
27,18,358
27,19,321
27,20,351
27,21,311
27,22,364
27,23,2397
27,24,360
27,25,333
27,26,359
27,27,354
27,28,810
27,29,340
27,30,444
27,31,359
27,32,387
27,33,356
27,34,405
27,35,374
27,36,404
27,37,411
27,38,527
27,39,401
27,40,431
27,41,392
27,42,434
27,43,405
27,44,413
27,45,330
27,46,336
27,47,277
27,48,248
27,49,267
27,50,230
27,51,313
27,52,332
27,53,241
27,54,271
27,55,273
27,56,265
27,57,239
27,58,261
27,59,387
27,60,259
27,61,271
27,62,259
27,63,234
27,64,310
27,65,233
27,66,247
27,67,251
27,68,280
27,69,239
27,70,250
27,71,413
27,72,241
27,73,323
27,74,244
27,75,251
27,76,277
27,77,257
27,78,249
27,79,236
27,80,262
27,81,230
27,82,223
27,83,232
27,84,228
27,85,214
27,86,226
27,87,224
27,88,279
27,89,217
27,90,233
27,91,228
27,92,264
27,93,217
27,94,219
27,95,233
27,96,213
27,97,230
27,98,215
27,99,233
27,100,220
27,101,215
27,102,212
27,103,279
27,104,214
27,105,209
27,106,199
27,107,210
27,108,214
27,109,209
27,110,203
27,111,209
27,112,207
27,113,194
27,114,209
27,115,197
27,116,205
27,117,195
27,118,205
27,119,224
27,120,202
27,121,189
27,122,208
27,123,181
27,124,225
27,125,177
27,126,199
27,127,187
27,128,193
27,129,163
27,130,189
27,131,162
27,132,168
27,133,156
27,134,137
27,135,162
27,136,115
27,137,142
27,138,137
27,139,157
27,140,131
27,141,139
27,142,123
27,143,1509
27,144,423
27,145,159
27,146,125
27,147,144
27,148,211
27,149,147
27,150,142
27,151,144
27,152,139
27,153,146
27,154,132
27,155,186
27,156,147
27,157,184
27,158,160
27,159,166
27,160,198
27,161,181
27,162,149
27,163,155
27,164,149
27,165,156
27,166,155
27,167,158
27,168,150
27,169,164
27,170,172
27,171,186
27,172,155
27,173,170
27,174,189
27,175,160
27,176,155
27,177,172
27,178,196
27,179,1848
27,180,165
27,181,191
27,182,165
27,183,213
27,184,175
27,185,199
27,186,149
27,187,174
27,188,192
27,189,188
27,190,149
27,191,210
27,192,164
27,193,187
27,194,151
27,195,185
27,196,158
27,197,213
27,198,192
27,199,183
27,200,169
27,201,201
27,202,177
27,203,200
27,204,163
27,205,207
27,206,173
27,207,213
27,208,172
27,209,222
27,210,1510
27,211,255
27,212,178
27,213,331
27,214,203
27,215,350
27,216,175
27,217,245
27,218,190
27,219,275
27,220,202
27,221,707
27,222,203
27,223,279
27,224,213
27,225,296
27,226,217
27,227,306
27,228,218
27,229,309
27,230,242
27,231,306
27,232,246
27,233,337
27,234,261
27,235,3477
27,236,281
27,237,363
27,238,354
27,239,384
27,240,329
27,241,398
27,242,356
27,243,427
27,244,371
27,245,625
27,246,479
27,247,463
27,248,416
27,249,502
27,250,435
27,251,510
27,252,471
27,253,514
27,254,545
27,255,501
27,256,421
28,1,284
28,2,325
28,3,302
28,4,327
28,5,301
28,6,328
28,7,330
28,8,568
28,9,323
28,10,363
28,11,321
28,12,349
28,13,382
28,14,360
28,15,340
28,16,366
28,17,324
28,18,358
28,19,321
28,20,351
28,21,311
28,22,364
28,23,2397
28,24,360
28,25,333
28,26,359
28,27,354
28,28,810
28,29,340
28,30,444
28,31,359
28,32,387
28,33,356
28,34,405
28,35,374
28,36,404
28,37,411
28,38,527
28,39,401
28,40,431
28,41,392
28,42,434
28,43,405
28,44,413
28,45,330
28,46,336
28,47,277
28,48,248
28,49,267
28,50,230
28,51,313
28,52,332
28,53,241
28,54,271
28,55,273
28,56,265
28,57,239
28,58,261
28,59,387
28,60,259
28,61,271
28,62,259
28,63,234
28,64,310
28,65,233
28,66,247
28,67,251
28,68,280
28,69,239
28,70,250
28,71,413
28,72,241
28,73,323
28,74,244
28,75,251
28,76,277
28,77,257
28,78,249
28,79,236
28,80,262
28,81,230
28,82,223
28,83,232
28,84,228
28,85,214
28,86,226
28,87,224
28,88,279
28,89,217
28,90,233
28,91,228
28,92,264
28,93,217
28,94,219
28,95,233
28,96,213
28,97,230
28,98,215
28,99,233
28,100,220
28,101,215
28,102,212
28,103,279
28,104,214
28,105,209
28,106,199
28,107,210
28,108,214
28,109,209
28,110,203
28,111,209
28,112,207
28,113,194
28,114,209
28,115,197
28,116,205
28,117,195
28,118,205
28,119,224
28,120,202
28,121,189
28,122,208
28,123,181
28,124,225
28,125,177
28,126,199
28,127,187
28,128,193
28,129,163
28,130,189
28,131,162
28,132,168
28,133,156
28,134,137
28,135,162
28,136,115
28,137,142
28,138,137
28,139,157
28,140,131
28,141,139
28,142,123
28,143,1509
28,144,423
28,145,159
28,146,125
28,147,144
28,148,211
28,149,147
28,150,142
28,151,144
28,152,139
28,153,146
28,154,132
28,155,186
28,156,147
28,157,184
28,158,160
28,159,166
28,160,198
28,161,181
28,162,149
28,163,155
28,164,149
28,165,156
28,166,155
28,167,158
28,168,150
28,169,164
28,170,172
28,171,186
28,172,155
28,173,170
28,174,189
28,175,160
28,176,155
28,177,172
28,178,196
28,179,1848
28,180,165
28,181,191
28,182,165
28,183,213
28,184,175
28,185,199
28,186,149
28,187,174
28,188,192
28,189,188
28,190,149
28,191,210
28,192,164
28,193,187
28,194,151
28,195,185
28,196,158
28,197,213
28,198,192
28,199,183
28,200,169
28,201,201
28,202,177
28,203,200
28,204,163
28,205,207
28,206,173
28,207,213
28,208,172
28,209,222
28,210,1510
28,211,255
28,212,178
28,213,331
28,214,203
28,215,350
28,216,175
28,217,245
28,218,190
28,219,275
28,220,202
28,221,707
28,222,203
28,223,279
28,224,213
28,225,296
28,226,217
28,227,306
28,228,218
28,229,309
28,230,242
28,231,306
28,232,246
28,233,337
28,234,261
28,235,3477
28,236,281
28,237,363
28,238,354
28,239,384
28,240,329
28,241,398
28,242,356
28,243,427
28,244,371
28,245,625
28,246,479
28,247,463
28,248,416
28,249,502
28,250,435
28,251,510
28,252,471
28,253,514
28,254,545
28,255,501
28,256,421
29,1,284
29,2,324
29,3,302
29,4,328
29,5,303
29,6,326
29,7,332
29,8,559
29,9,323
29,10,364
29,11,320
29,12,349
29,13,384
29,14,360
29,15,340
29,16,365
29,17,324
29,18,358
29,19,318
29,20,351
29,21,310
29,22,365
29,23,2532
29,24,359
29,25,333
29,26,360
29,27,352
29,28,808
29,29,340
29,30,445
29,31,360
29,32,388
29,33,356
29,34,406
29,35,374
29,36,404
29,37,408
29,38,527
29,39,401
29,40,429
29,41,392
29,42,434
29,43,405
29,44,413
29,45,332
29,46,337
29,47,278
29,48,248
29,49,266
29,50,230
29,51,311
29,52,334
29,53,242
29,54,271
29,55,274
29,56,265
29,57,239
29,58,263
29,59,387
29,60,260
29,61,271
29,62,260
29,63,235
29,64,309
29,65,234
29,66,248
29,67,251
29,68,281
29,69,238
29,70,250
29,71,410
29,72,241
29,73,325
29,74,245
29,75,252
29,76,277
29,77,256
29,78,249
29,79,236
29,80,261
29,81,230
29,82,224
29,83,232
29,84,228
29,85,214
29,86,226
29,87,224
29,88,280
29,89,217
29,90,232
29,91,228
29,92,266
29,93,218
29,94,219
29,95,233
29,96,214
29,97,230
29,98,216
29,99,231
29,100,221
29,101,215
29,102,211
29,103,280
29,104,213
29,105,210
29,106,200
29,107,210
29,108,214
29,109,211
29,110,203
29,111,210
29,112,207
29,113,194
29,114,209
29,115,198
29,116,205
29,117,197
29,118,206
29,119,224
29,120,202
29,121,190
29,122,208
29,123,180
29,124,222
29,125,177
29,126,200
29,127,187
29,128,194
29,129,163
29,130,189
29,131,162
29,132,171
29,133,157
29,134,137
29,135,162
29,136,116
29,137,142
29,138,135
29,139,158
29,140,133
29,141,139
29,142,124
29,143,1507
29,144,422
29,145,160
29,146,125
29,147,144
29,148,213
29,149,146
29,150,141
29,151,146
29,152,139
29,153,146
29,154,132
29,155,186
29,156,147
29,157,185
29,158,160
29,159,165
29,160,199
29,161,183
29,162,149
29,163,155
29,164,149
29,165,154
29,166,154
29,167,159
29,168,150
29,169,164
29,170,172
29,171,186
29,172,156
29,173,170
29,174,187
29,175,163
29,176,154
29,177,173
29,178,192
29,179,1845
29,180,165
29,181,191
29,182,165
29,183,212
29,184,176
29,185,199
29,186,147
29,187,174
29,188,192
29,189,189
29,190,151
29,191,209
29,192,164
29,193,187
29,194,151
29,195,186
29,196,158
29,197,214
29,198,194
29,199,184
29,200,168
29,201,201
29,202,177
29,203,200
29,204,163
29,205,206
29,206,172
29,207,212
29,208,173
29,209,221
29,210,1507
29,211,254
29,212,176
29,213,336
29,214,205
29,215,342
29,216,176
29,217,246
29,218,191
29,219,274
29,220,202
29,221,711
29,222,202
29,223,277
29,224,213
29,225,297
29,226,215
29,227,306
29,228,218
29,229,309
29,230,241
29,231,305
29,232,246
29,233,338
29,234,261
29,235,3463
29,236,280
29,237,364
29,238,356
29,239,385
29,240,328
29,241,398
29,242,356
29,243,426
29,244,370
29,245,625
29,246,467
29,247,464
29,248,417
29,249,502
29,250,434
29,251,510
29,252,471
29,253,515
29,254,543
29,255,502
29,256,422
30,1,284
30,2,324
30,3,302
30,4,328
30,5,303
30,6,326
30,7,332
30,8,559
30,9,323
30,10,364
30,11,320
30,12,349
30,13,384
30,14,360
30,15,340
30,16,365
30,17,324
30,18,358
30,19,318
30,20,351
30,21,310
30,22,365
30,23,2532
30,24,359
30,25,333
30,26,360
30,27,352
30,28,808
30,29,340
30,30,445
30,31,360
30,32,388
30,33,356
30,34,406
30,35,374
30,36,404
30,37,408
30,38,527
30,39,401
30,40,429
30,41,392
30,42,434
30,43,405
30,44,413
30,45,332
30,46,337
30,47,278
30,48,248
30,49,266
30,50,230
30,51,311
30,52,334
30,53,242
30,54,271
30,55,274
30,56,265
30,57,239
30,58,263
30,59,387
30,60,260
30,61,271
30,62,260
30,63,235
30,64,309
30,65,234
30,66,248
30,67,251
30,68,281
30,69,238
30,70,250
30,71,410
30,72,241
30,73,325
30,74,245
30,75,252
30,76,277
30,77,256
30,78,249
30,79,236
30,80,261
30,81,230
30,82,224
30,83,232
30,84,228
30,85,214
30,86,226
30,87,224
30,88,280
30,89,217
30,90,232
30,91,228
30,92,266
30,93,218
30,94,219
30,95,233
30,96,214
30,97,230
30,98,216
30,99,231
30,100,221
30,101,215
30,102,211
30,103,280
30,104,213
30,105,210
30,106,200
30,107,210
30,108,214
30,109,211
30,110,203
30,111,210
30,112,207
30,113,194
30,114,209
30,115,198
30,116,205
30,117,197
30,118,206
30,119,224
30,120,202
30,121,190
30,122,208
30,123,180
30,124,222
30,125,177
30,126,200
30,127,187
30,128,194
30,129,163
30,130,189
30,131,162
30,132,171
30,133,157
30,134,137
30,135,162
30,136,116
30,137,142
30,138,135
30,139,158
30,140,133
30,141,139
30,142,124
30,143,1507
30,144,422
30,145,160
30,146,125
30,147,144
30,148,213
30,149,146
30,150,141
30,151,146
30,152,139
30,153,146
30,154,132
30,155,186
30,156,147
30,157,185
30,158,160
30,159,165
30,160,199
30,161,183
30,162,149
30,163,155
30,164,149
30,165,154
30,166,154
30,167,159
30,168,150
30,169,164
30,170,172
30,171,186
30,172,156
30,173,170
30,174,187
30,175,163
30,176,154
30,177,173
30,178,192
30,179,1845
30,180,165
30,181,191
30,182,165
30,183,212
30,184,176
30,185,199
30,186,147
30,187,174
30,188,192
30,189,189
30,190,151
30,191,209
30,192,164
30,193,187
30,194,151
30,195,186
30,196,158
30,197,214
30,198,194
30,199,184
30,200,168
30,201,201
30,202,177
30,203,200
30,204,163
30,205,206
30,206,172
30,207,212
30,208,173
30,209,221
30,210,1507
30,211,254
30,212,176
30,213,336
30,214,205
30,215,342
30,216,176
30,217,246
30,218,191
30,219,274
30,220,202
30,221,711
30,222,202
30,223,277
30,224,213
30,225,297
30,226,215
30,227,306
30,228,218
30,229,309
30,230,241
30,231,305
30,232,246
30,233,338
30,234,261
30,235,3463
30,236,280
30,237,364
30,238,356
30,239,385
30,240,328
30,241,398
30,242,356
30,243,426
30,244,370
30,245,625
30,246,467
30,247,464
30,248,417
30,249,502
30,250,434
30,251,510
30,252,471
30,253,515
30,254,543
30,255,502
30,256,422
31,1,282
31,2,324
31,3,301
31,4,327
31,5,302
31,6,328
31,7,331
31,8,568
31,9,321
31,10,364
31,11,318
31,12,350
31,13,388
31,14,361
31,15,341
31,16,367
31,17,324
31,18,357
31,19,321
31,20,352
31,21,309
31,22,366
31,23,2397
31,24,358
31,25,333
31,26,360
31,27,360
31,28,810
31,29,340
31,30,445
31,31,357
31,32,389
31,33,357
31,34,406
31,35,375
31,36,406
31,37,409
31,38,529
31,39,400
31,40,430
31,41,391
31,42,435
31,43,406
31,44,414
31,45,330
31,46,336
31,47,277
31,48,249
31,49,266
31,50,229
31,51,309
31,52,328
31,53,242
31,54,273
31,55,274
31,56,265
31,57,240
31,58,262
31,59,387
31,60,259
31,61,271
31,62,259
31,63,235
31,64,313
31,65,234
31,66,248
31,67,251
31,68,279
31,69,235
31,70,249
31,71,413
31,72,241
31,73,324
31,74,246
31,75,250
31,76,277
31,77,256
31,78,250
31,79,236
31,80,262
31,81,231
31,82,225
31,83,232
31,84,227
31,85,213
31,86,227
31,87,223
31,88,281
31,89,216
31,90,232
31,91,229
31,92,263
31,93,217
31,94,219
31,95,233
31,96,214
31,97,229
31,98,217
31,99,232
31,100,221
31,101,217
31,102,213
31,103,280
31,104,214
31,105,211
31,106,201
31,107,209
31,108,214
31,109,209
31,110,204
31,111,210
31,112,207
31,113,194
31,114,210
31,115,197
31,116,205
31,117,195
31,118,206
31,119,224
31,120,202
31,121,190
31,122,206
31,123,180
31,124,228
31,125,176
31,126,199
31,127,187
31,128,193
31,129,163
31,130,191
31,131,160
31,132,170
31,133,155
31,134,138
31,135,161
31,136,116
31,137,141
31,138,138
31,139,158
31,140,134
31,141,139
31,142,124
31,143,1507
31,144,423
31,145,159
31,146,125
31,147,143
31,148,212
31,149,146
31,150,142
31,151,146
31,152,140
31,153,144
31,154,132
31,155,186
31,156,147
31,157,186
31,158,160
31,159,165
31,160,199
31,161,181
31,162,149
31,163,154
31,164,149
31,165,154
31,166,155
31,167,158
31,168,151
31,169,162
31,170,171
31,171,186
31,172,156
31,173,170
31,174,187
31,175,159
31,176,156
31,177,173
31,178,195
31,179,1847
31,180,165
31,181,192
31,182,166
31,183,211
31,184,176
31,185,199
31,186,148
31,187,173
31,188,192
31,189,188
31,190,151
31,191,209
31,192,165
31,193,186
31,194,151
31,195,185
31,196,159
31,197,214
31,198,192
31,199,183
31,200,169
31,201,201
31,202,177
31,203,199
31,204,165
31,205,207
31,206,173
31,207,212
31,208,174
31,209,220
31,210,1507
31,211,254
31,212,178
31,213,328
31,214,204
31,215,346
31,216,175
31,217,246
31,218,191
31,219,274
31,220,201
31,221,711
31,222,204
31,223,278
31,224,214
31,225,298
31,226,217
31,227,307
31,228,220
31,229,310
31,230,242
31,231,306
31,232,246
31,233,337
31,234,263
31,235,3462
31,236,282
31,237,364
31,238,354
31,239,382
31,240,329
31,241,399
31,242,357
31,243,424
31,244,368
31,245,626
31,246,465
31,247,462
31,248,416
31,249,501
31,250,435
31,251,508
31,252,471
31,253,513
31,254,543
31,255,503
31,256,421
32,1,282
32,2,324
32,3,301
32,4,327
32,5,302
32,6,328
32,7,331
32,8,568
32,9,321
32,10,364
32,11,318
32,12,350
32,13,388
32,14,361
32,15,341
32,16,367
32,17,324
32,18,357
32,19,321
32,20,352
32,21,309
32,22,366
32,23,2397
32,24,358
32,25,333
32,26,360
32,27,360
32,28,810
32,29,340
32,30,445
32,31,357
32,32,389
32,33,357
32,34,406
32,35,375
32,36,406
32,37,409
32,38,529
32,39,400
32,40,430
32,41,391
32,42,435
32,43,406
32,44,414
32,45,330
32,46,336
32,47,277
32,48,249
32,49,266
32,50,229
32,51,309
32,52,328
32,53,242
32,54,273
32,55,274
32,56,265
32,57,240
32,58,262
32,59,387
32,60,259
32,61,271
32,62,259
32,63,235
32,64,313
32,65,234
32,66,248
32,67,251
32,68,279
32,69,235
32,70,249
32,71,413
32,72,241
32,73,324
32,74,246
32,75,250
32,76,277
32,77,256
32,78,250
32,79,236
32,80,262
32,81,231
32,82,225
32,83,232
32,84,227
32,85,213
32,86,227
32,87,223
32,88,281
32,89,216
32,90,232
32,91,229
32,92,263
32,93,217
32,94,219
32,95,233
32,96,214
32,97,229
32,98,217
32,99,232
32,100,221
32,101,217
32,102,213
32,103,280
32,104,214
32,105,211
32,106,201
32,107,209
32,108,214
32,109,209
32,110,204
32,111,210
32,112,207
32,113,194
32,114,210
32,115,197
32,116,205
32,117,195
32,118,206
32,119,224
32,120,202
32,121,190
32,122,206
32,123,180
32,124,228
32,125,176
32,126,199
32,127,187
32,128,193
32,129,163
32,130,191
32,131,160
32,132,170
32,133,155
32,134,138
32,135,161
32,136,116
32,137,141
32,138,138
32,139,158
32,140,134
32,141,139
32,142,124
32,143,1507
32,144,423
32,145,159
32,146,125
32,147,143
32,148,212
32,149,146
32,150,142
32,151,146
32,152,140
32,153,144
32,154,132
32,155,186
32,156,147
32,157,186
32,158,160
32,159,165
32,160,199
32,161,181
32,162,149
32,163,154
32,164,149
32,165,154
32,166,155
32,167,158
32,168,151
32,169,162
32,170,171
32,171,186
32,172,156
32,173,170
32,174,187
32,175,159
32,176,156
32,177,173
32,178,195
32,179,1847
32,180,165
32,181,192
32,182,166
32,183,211
32,184,176
32,185,199
32,186,148
32,187,173
32,188,192
32,189,188
32,190,151
32,191,209
32,192,165
32,193,186
32,194,151
32,195,185
32,196,159
32,197,214
32,198,192
32,199,183
32,200,169
32,201,201
32,202,177
32,203,199
32,204,165
32,205,207
32,206,173
32,207,212
32,208,174
32,209,220
32,210,1507
32,211,254
32,212,178
32,213,328
32,214,204
32,215,346
32,216,175
32,217,246
32,218,191
32,219,274
32,220,201
32,221,711
32,222,204
32,223,278
32,224,214
32,225,298
32,226,217
32,227,307
32,228,220
32,229,310
32,230,242
32,231,306
32,232,246
32,233,337
32,234,263
32,235,3462
32,236,282
32,237,364
32,238,354
32,239,382
32,240,329
32,241,399
32,242,357
32,243,424
32,244,368
32,245,626
32,246,465
32,247,462
32,248,416
32,249,501
32,250,435
32,251,508
32,252,471
32,253,513
32,254,543
32,255,503
32,256,421
