Line,Band,Value
1,1,284
1,2,324
1,3,302
1,4,326
1,5,302
1,6,327
1,7,332
1,8,568
1,9,322
1,10,362
1,11,320
1,12,350
1,13,385
1,14,361
1,15,340
1,16,366
1,17,323
1,18,356
1,19,319
1,20,353
1,21,310
1,22,364
1,23,2405
1,24,360
1,25,333
1,26,361
1,27,356
1,28,810
1,29,344
1,30,476
1,31,365
1,32,395
1,33,367
1,34,415
1,35,387
1,36,418
1,37,425
1,38,541
1,39,417
1,40,447
1,41,408
1,42,452
1,43,426
1,44,431
1,45,349
1,46,355
1,47,295
1,48,254
1,49,280
1,50,234
1,51,323
1,52,336
1,53,251
1,54,280
1,55,283
1,56,273
1,57,247
1,58,268
1,59,395
1,60,269
1,61,279
1,62,266
1,63,242
1,64,318
1,65,240
1,66,252
1,67,254
1,68,285
1,69,245
1,70,253
1,71,418
1,72,246
1,73,355
1,74,251
1,75,256
1,76,281
1,77,261
1,78,255
1,79,242
1,80,267
1,81,236
1,82,228
1,83,237
1,84,232
1,85,217
1,86,230
1,87,229
1,88,285
1,89,223
1,90,237
1,91,234
1,92,272
1,93,221
1,94,222
1,95,236
1,96,218
1,97,234
1,98,220
1,99,237
1,100,224
1,101,218
1,102,215
1,103,286
1,104,218
1,105,214
1,106,202
1,107,213
1,108,216
1,109,214
1,110,206
1,111,213
1,112,210
1,113,197
1,114,211
1,115,201
1,116,207
1,117,198
1,118,207
1,119,227
1,120,205
1,121,192
1,122,209
1,123,182
1,124,222
1,125,179
1,126,203
1,127,203
1,128,195
1,129,164
1,130,190
1,131,165
1,132,173
1,133,158
1,134,139
1,135,162
1,136,117
1,137,144
1,138,137
1,139,159
1,140,134
1,141,138
1,142,124
1,143,1519
1,144,424
1,145,159
1,146,126
1,147,144
1,148,211
1,149,148
1,150,141
1,151,145
1,152,140
1,153,146
1,154,132
1,155,185
1,156,147
1,157,186
1,158,160
1,159,166
1,160,201
1,161,182
1,162,149
1,163,155
1,164,149
1,165,155
1,166,156
1,167,159
1,168,151
1,169,163
1,170,173
1,171,186
1,172,156
1,173,169
1,174,190
1,175,159
1,176,154
1,177,172
1,178,195
1,179,1856
1,180,164
1,181,194
1,182,166
1,183,211
1,184,175
1,185,199
1,186,148
1,187,174
1,188,192
1,189,188
1,190,150
1,191,209
1,192,164
1,193,186
1,194,151
1,195,186
1,196,158
1,197,214
1,198,191
1,199,184
1,200,168
1,201,202
1,202,176
1,203,199
1,204,163
1,205,207
1,206,172
1,207,212
1,208,172
1,209,220
1,210,1508
1,211,254
1,212,176
1,213,337
1,214,200
1,215,347
1,216,175
1,217,245
1,218,191
1,219,273
1,220,200
1,221,716
1,222,201
1,223,277
1,224,211
1,225,299
1,226,216
1,227,308
1,228,220
1,229,308
1,230,240
1,231,305
1,232,246
1,233,335
1,234,261
1,235,3452
1,236,280
1,237,362
1,238,354
1,239,380
1,240,326
1,241,396
1,242,360
1,243,423
1,244,366
1,245,622
1,246,458
1,247,462
1,248,414
1,249,497
1,250,433
1,251,505
1,252,467
1,253,512
1,254,531
1,255,500
1,256,419
2,1,284
2,2,324
2,3,302
2,4,326
2,5,302
2,6,327
2,7,332
2,8,568
2,9,322
2,10,362
2,11,320
2,12,350
2,13,385
2,14,361
2,15,340
2,16,366
2,17,323
2,18,356
2,19,319
2,20,353
2,21,310
2,22,364
2,23,2405
2,24,360
2,25,333
2,26,361
2,27,356
2,28,810
2,29,344
2,30,476
2,31,365
2,32,395
2,33,367
2,34,415
2,35,387
2,36,418
2,37,425
2,38,541
2,39,417
2,40,447
2,41,408
2,42,452
2,43,426
2,44,431
2,45,349
2,46,355
2,47,295
2,48,254
2,49,280
2,50,234
2,51,323
2,52,336
2,53,251
2,54,280
2,55,283
2,56,273
2,57,247
2,58,268
2,59,395
2,60,269
2,61,279
2,62,266
2,63,242
2,64,318
2,65,240
2,66,252
2,67,254
2,68,285
2,69,245
2,70,253
2,71,418
2,72,246
2,73,355
2,74,251
2,75,256
2,76,281
2,77,261
2,78,255
2,79,242
2,80,267
2,81,236
2,82,228
2,83,237
2,84,232
2,85,217
2,86,230
2,87,229
2,88,285
2,89,223
2,90,237
2,91,234
2,92,272
2,93,221
2,94,222
2,95,236
2,96,218
2,97,234
2,98,220
2,99,237
2,100,224
2,101,218
2,102,215
2,103,286
2,104,218
2,105,214
2,106,202
2,107,213
2,108,216
2,109,214
2,110,206
2,111,213
2,112,210
2,113,197
2,114,211
2,115,201
2,116,207
2,117,198
2,118,207
2,119,227
2,120,205
2,121,192
2,122,209
2,123,182
2,124,222
2,125,179
2,126,203
2,127,203
2,128,195
2,129,164
2,130,190
2,131,165
2,132,173
2,133,158
2,134,139
2,135,162
2,136,117
2,137,144
2,138,137
2,139,159
2,140,134
2,141,138
2,142,124
2,143,1519
2,144,424
2,145,159
2,146,126
2,147,144
2,148,211
2,149,148
2,150,141
2,151,145
2,152,140
2,153,146
2,154,132
2,155,185
2,156,147
2,157,186
2,158,160
2,159,166
2,160,201
2,161,182
2,162,149
2,163,155
2,164,149
2,165,155
2,166,156
2,167,159
2,168,151
2,169,163
2,170,173
2,171,186
2,172,156
2,173,169
2,174,190
2,175,159
2,176,154
2,177,172
2,178,195
2,179,1856
2,180,164
2,181,194
2,182,166
2,183,211
2,184,175
2,185,199
2,186,148
2,187,174
2,188,192
2,189,188
2,190,150
2,191,209
2,192,164
2,193,186
2,194,151
2,195,186
2,196,158
2,197,214
2,198,191
2,199,184
2,200,168
2,201,202
2,202,176
2,203,199
2,204,163
2,205,207
2,206,172
2,207,212
2,208,172
2,209,220
2,210,1508
2,211,254
2,212,176
2,213,337
2,214,200
2,215,347
2,216,175
2,217,245
2,218,191
2,219,273
2,220,200
2,221,716
2,222,201
2,223,277
2,224,211
2,225,299
2,226,216
2,227,308
2,228,220
2,229,308
2,230,240
2,231,305
2,232,246
2,233,335
2,234,261
2,235,3452
2,236,280
2,237,362
2,238,354
2,239,380
2,240,326
2,241,396
2,242,360
2,243,423
2,244,366
2,245,622
2,246,458
2,247,462
2,248,414
2,249,497
2,250,433
2,251,505
2,252,467
2,253,512
2,254,531
2,255,500
2,256,419
3,1,282
3,2,322
3,3,299
3,4,326
3,5,301
3,6,326
3,7,330
3,8,562
3,9,322
3,10,362
3,11,319
3,12,347
3,13,385
3,14,362
3,15,341
3,16,365
3,17,324
3,18,356
3,19,320
3,20,352
3,21,311
3,22,365
3,23,2404
3,24,359
3,25,334
3,26,360
3,27,354
3,28,811
3,29,343
3,30,457
3,31,365
3,32,394
3,33,367
3,34,415
3,35,385
3,36,417
3,37,425
3,38,546
3,39,417
3,40,445
3,41,408
3,42,452
3,43,426
3,44,431
3,45,349
3,46,353
3,47,294
3,48,254
3,49,278
3,50,234
3,51,323
3,52,335
3,53,250
3,54,279
3,55,283
3,56,273
3,57,246
3,58,268
3,59,395
3,60,268
3,61,279
3,62,266
3,63,241
3,64,319
3,65,238
3,66,251
3,67,257
3,68,284
3,69,245
3,70,255
3,71,418
3,72,246
3,73,353
3,74,249
3,75,256
3,76,281
3,77,261
3,78,253
3,79,243
3,80,267
3,81,234
3,82,228
3,83,237
3,84,232
3,85,216
3,86,230
3,87,228
3,88,285
3,89,222
3,90,236
3,91,233
3,92,269
3,93,221
3,94,222
3,95,237
3,96,217
3,97,234
3,98,222
3,99,236
3,100,223
3,101,219
3,102,215
3,103,286
3,104,218
3,105,214
3,106,203
3,107,212
3,108,216
3,109,214
3,110,206
3,111,211
3,112,209
3,113,197
3,114,211
3,115,200
3,116,207
3,117,199
3,118,207
3,119,226
3,120,203
3,121,192
3,122,209
3,123,183
3,124,224
3,125,180
3,126,201
3,127,190
3,128,194
3,129,165
3,130,190
3,131,163
3,132,170
3,133,157
3,134,139
3,135,162
3,136,117
3,137,143
3,138,137
3,139,158
3,140,132
3,141,139
3,142,124
3,143,1520
3,144,424
3,145,159
3,146,126
3,147,144
3,148,210
3,149,147
3,150,139
3,151,144
3,152,138
3,153,146
3,154,133
3,155,185
3,156,147
3,157,187
3,158,160
3,159,166
3,160,199
3,161,180
3,162,148
3,163,155
3,164,147
3,165,155
3,166,155
3,167,159
3,168,150
3,169,163
3,170,172
3,171,187
3,172,155
3,173,168
3,174,187
3,175,159
3,176,155
3,177,173
3,178,195
3,179,1853
3,180,164
3,181,195
3,182,163
3,183,211
3,184,175
3,185,200
3,186,147
3,187,173
3,188,192
3,189,187
3,190,149
3,191,209
3,192,164
3,193,187
3,194,151
3,195,186
3,196,158
3,197,213
3,198,191
3,199,185
3,200,169
3,201,199
3,202,176
3,203,198
3,204,162
3,205,207
3,206,171
3,207,212
3,208,172
3,209,219
3,210,1506
3,211,254
3,212,175
3,213,329
3,214,200
3,215,347
3,216,174
3,217,244
3,218,189
3,219,273
3,220,202
3,221,713
3,222,201
3,223,279
3,224,212
3,225,300
3,226,216
3,227,306
3,228,218
3,229,308
3,230,242
3,231,304
3,232,244
3,233,336
3,234,260
3,235,3452
3,236,279
3,237,361
3,238,356
3,239,384
3,240,327
3,241,395
3,242,361
3,243,423
3,244,367
3,245,619
3,246,457
3,247,461
3,248,412
3,249,498
3,250,432
3,251,506
3,252,468
3,253,513
3,254,532
3,255,501
3,256,419
4,1,282
4,2,322
4,3,299
4,4,326
4,5,301
4,6,326
4,7,330
4,8,562
4,9,322
4,10,362
4,11,319
4,12,347
4,13,385
4,14,362
4,15,341
4,16,365
4,17,324
4,18,356
4,19,320
4,20,352
4,21,311
4,22,365
4,23,2404
4,24,359
4,25,334
4,26,360
4,27,354
4,28,811
4,29,343
4,30,457
4,31,365
4,32,394
4,33,367
4,34,415
4,35,385
4,36,417
4,37,425
4,38,546
4,39,417
4,40,445
4,41,408
4,42,452
4,43,426
4,44,431
4,45,349
4,46,353
4,47,294
4,48,254
4,49,278
4,50,234
4,51,323
4,52,335
4,53,250
4,54,279
4,55,283
4,56,273
4,57,246
4,58,268
4,59,395
4,60,268
4,61,279
4,62,266
4,63,241
4,64,319
4,65,238
4,66,251
4,67,257
4,68,284
4,69,245
4,70,255
4,71,418
4,72,246
4,73,353
4,74,249
4,75,256
4,76,281
4,77,261
4,78,253
4,79,243
4,80,267
4,81,234
4,82,228
4,83,237
4,84,232
4,85,216
4,86,230
4,87,228
4,88,285
4,89,222
4,90,236
4,91,233
4,92,269
4,93,221
4,94,222
4,95,237
4,96,217
4,97,234
4,98,222
4,99,236
4,100,223
4,101,219
4,102,215
4,103,286
4,104,218
4,105,214
4,106,203
4,107,212
4,108,216
4,109,214
4,110,206
4,111,211
4,112,209
4,113,197
4,114,211
4,115,200
4,116,207
4,117,199
4,118,207
4,119,226
4,120,203
4,121,192
4,122,209
4,123,183
4,124,224
4,125,180
4,126,201
4,127,190
4,128,194
4,129,165
4,130,190
4,131,163
4,132,170
4,133,157
4,134,139
4,135,162
4,136,117
4,137,143
4,138,137
4,139,158
4,140,132
4,141,139
4,142,124
4,143,1520
4,144,424
4,145,159
4,146,126
4,147,144
4,148,210
4,149,147
4,150,139
4,151,144
4,152,138
4,153,146
4,154,133
4,155,185
4,156,147
4,157,187
4,158,160
4,159,166
4,160,199
4,161,180
4,162,148
4,163,155
4,164,147
4,165,155
4,166,155
4,167,159
4,168,150
4,169,163
4,170,172
4,171,187
4,172,155
4,173,168
4,174,187
4,175,159
4,176,155
4,177,173
4,178,195
4,179,1853
4,180,164
4,181,195
4,182,163
4,183,211
4,184,175
4,185,200
4,186,147
4,187,173
4,188,192
4,189,187
4,190,149
4,191,209
4,192,164
4,193,187
4,194,151
4,195,186
4,196,158
4,197,213
4,198,191
4,199,185
4,200,169
4,201,199
4,202,176
4,203,198
4,204,162
4,205,207
4,206,171
4,207,212
4,208,172
4,209,219
4,210,1506
4,211,254
4,212,175
4,213,329
4,214,200
4,215,347
4,216,174
4,217,244
4,218,189
4,219,273
4,220,202
4,221,713
4,222,201
4,223,279
4,224,212
4,225,300
4,226,216
4,227,306
4,228,218
4,229,308
4,230,242
4,231,304
4,232,244
4,233,336
4,234,260
4,235,3452
4,236,279
4,237,361
4,238,356
4,239,384
4,240,327
4,241,395
4,242,361
4,243,423
4,244,367
4,245,619
4,246,457
4,247,461
4,248,412
4,249,498
4,250,432
4,251,506
4,252,468
4,253,513
4,254,532
4,255,501
4,256,419
5,1,283
5,2,323
5,3,301
5,4,326
5,5,300
5,6,327
5,7,332
5,8,561
5,9,324
5,10,362
5,11,321
5,12,348
5,13,384
5,14,360
5,15,341
5,16,365
5,17,323
5,18,356
5,19,319
5,20,353
5,21,311
5,22,364
5,23,2400
5,24,358
5,25,336
5,26,358
5,27,355
5,28,811
5,29,344
5,30,462
5,31,364
5,32,394
5,33,368
5,34,414
5,35,386
5,36,417
5,37,425
5,38,543
5,39,417
5,40,445
5,41,408
5,42,452
5,43,427
5,44,433
5,45,349
5,46,358
5,47,322
5,48,262
5,49,274
5,50,234
5,51,319
5,52,335
5,53,251
5,54,280
5,55,284
5,56,273
5,57,247
5,58,269
5,59,394
5,60,268
5,61,280
5,62,266
5,63,241
5,64,314
5,65,241
5,66,253
5,67,258
5,68,283
5,69,242
5,70,256
5,71,418
5,72,246
5,73,354
5,74,249
5,75,257
5,76,281
5,77,262
5,78,254
5,79,241
5,80,265
5,81,235
5,82,228
5,83,238
5,84,230
5,85,218
5,86,230
5,87,229
5,88,285
5,89,222
5,90,236
5,91,233
5,92,276
5,93,221
5,94,222
5,95,236
5,96,217
5,97,234
5,98,220
5,99,237
5,100,224
5,101,219
5,102,215
5,103,291
5,104,217
5,105,215
5,106,203
5,107,213
5,108,216
5,109,214
5,110,205
5,111,212
5,112,209
5,113,197
5,114,210
5,115,201
5,116,208
5,117,198
5,118,208
5,119,226
5,120,203
5,121,193
5,122,209
5,123,184
5,124,222
5,125,179
5,126,202
5,127,190
5,128,194
5,129,164
5,130,190
5,131,164
5,132,171
5,133,158
5,134,139
5,135,162
5,136,117
5,137,143
5,138,137
5,139,159
5,140,133
5,141,139
5,142,123
5,143,1518
5,144,424
5,145,160
5,146,126
5,147,143
5,148,211
5,149,146
5,150,141
5,151,145
5,152,139
5,153,147
5,154,133
5,155,185
5,156,147
5,157,186
5,158,160
5,159,165
5,160,198
5,161,182
5,162,148
5,163,155
5,164,148
5,165,154
5,166,155
5,167,159
5,168,150
5,169,163
5,170,171
5,171,187
5,172,155
5,173,170
5,174,186
5,175,160
5,176,154
5,177,173
5,178,192
5,179,1843
5,180,164
5,181,191
5,182,165
5,183,210
5,184,175
5,185,199
5,186,147
5,187,173
5,188,190
5,189,188
5,190,149
5,191,210
5,192,164
5,193,201
5,194,156
5,195,185
5,196,158
5,197,214
5,198,194
5,199,183
5,200,167
5,201,201
5,202,175
5,203,199
5,204,163
5,205,207
5,206,171
5,207,211
5,208,171
5,209,220
5,210,1503
5,211,255
5,212,175
5,213,332
5,214,200
5,215,341
5,216,173
5,217,245
5,218,190
5,219,274
5,220,201
5,221,707
5,222,201
5,223,277
5,224,212
5,225,301
5,226,216
5,227,307
5,228,218
5,229,310
5,230,239
5,231,305
5,232,245
5,233,336
5,234,260
5,235,3453
5,236,281
5,237,364
5,238,352
5,239,380
5,240,326
5,241,396
5,242,361
5,243,424
5,244,367
5,245,621
5,246,459
5,247,463
5,248,412
5,249,498
5,250,434
5,251,506
5,252,468
5,253,511
5,254,538
5,255,500
5,256,417
6,1,283
6,2,323
6,3,301
6,4,326
6,5,300
6,6,327
6,7,332
6,8,561
6,9,324
6,10,362
6,11,321
6,12,348
6,13,384
6,14,360
6,15,341
6,16,365
6,17,323
6,18,356
6,19,319
6,20,353
6,21,311
6,22,364
6,23,2400
6,24,358
6,25,336
6,26,358
6,27,355
6,28,811
6,29,344
6,30,462
6,31,364
6,32,394
6,33,368
6,34,414
6,35,386
6,36,417
6,37,425
6,38,543
6,39,417
6,40,445
6,41,408
6,42,452
6,43,427
6,44,433
6,45,349
6,46,358
6,47,322
6,48,262
6,49,274
6,50,234
6,51,319
6,52,335
6,53,251
6,54,280
6,55,284
6,56,273
6,57,247
6,58,269
6,59,394
6,60,268
6,61,280
6,62,266
6,63,241
6,64,314
6,65,241
6,66,253
6,67,258
6,68,283
6,69,242
6,70,256
6,71,418
6,72,246
6,73,354
6,74,249
6,75,257
6,76,281
6,77,262
6,78,254
6,79,241
6,80,265
6,81,235
6,82,228
6,83,238
6,84,230
6,85,218
6,86,230
6,87,229
6,88,285
6,89,222
6,90,236
6,91,233
6,92,276
6,93,221
6,94,222
6,95,236
6,96,217
6,97,234
6,98,220
6,99,237
6,100,224
6,101,219
6,102,215
6,103,291
6,104,217
6,105,215
6,106,203
6,107,213
6,108,216
6,109,214
6,110,205
6,111,212
6,112,209
6,113,197
6,114,210
6,115,201
6,116,208
6,117,198
6,118,208
6,119,226
6,120,203
6,121,193
6,122,209
6,123,184
6,124,222
6,125,179
6,126,202
6,127,190
6,128,194
6,129,164
6,130,190
6,131,164
6,132,171
6,133,158
6,134,139
6,135,162
6,136,117
6,137,143
6,138,137
6,139,159
6,140,133
6,141,139
6,142,123
6,143,1518
6,144,424
6,145,160
6,146,126
6,147,143
6,148,211
6,149,146
6,150,141
6,151,145
6,152,139
6,153,147
6,154,133
6,155,185
6,156,147
6,157,186
6,158,160
6,159,165
6,160,198
6,161,182
6,162,148
6,163,155
6,164,148
6,165,154
6,166,155
6,167,159
6,168,150
6,169,163
6,170,171
6,171,187
6,172,155
6,173,170
6,174,186
6,175,160
6,176,154
6,177,173
6,178,192
6,179,1843
6,180,164
6,181,191
6,182,165
6,183,210
6,184,175
6,185,199
6,186,147
6,187,173
6,188,190
6,189,188
6,190,149
6,191,210
6,192,164
6,193,201
6,194,156
6,195,185
6,196,158
6,197,214
6,198,194
6,199,183
6,200,167
6,201,201
6,202,175
6,203,199
6,204,163
6,205,207
6,206,171
6,207,211
6,208,171
6,209,220
6,210,1503
6,211,255
6,212,175
6,213,332
6,214,200
6,215,341
6,216,173
6,217,245
6,218,190
6,219,274
6,220,201
6,221,707
6,222,201
6,223,277
6,224,212
6,225,301
6,226,216
6,227,307
6,228,218
6,229,310
6,230,239
6,231,305
6,232,245
6,233,336
6,234,260
6,235,3453
6,236,281
6,237,364
6,238,352
6,239,380
6,240,326
6,241,396
6,242,361
6,243,424
6,244,367
6,245,621
6,246,459
6,247,463
6,248,412
6,249,498
6,250,434
6,251,506
6,252,468
6,253,511
6,254,538
6,255,500
6,256,417
7,1,283
7,2,322
7,3,299
7,4,326
7,5,301
7,6,325
7,7,331
7,8,562
7,9,322
7,10,362
7,11,320
7,12,348
7,13,382
7,14,358
7,15,339
7,16,365
7,17,323
7,18,356
7,19,319
7,20,352
7,21,312
7,22,364
7,23,2445
7,24,359
7,25,334
7,26,359
7,27,355
7,28,810
7,29,343
7,30,469
7,31,364
7,32,393
7,33,367
7,34,415
7,35,387
7,36,417
7,37,424
7,38,543
7,39,418
7,40,446
7,41,406
7,42,450
7,43,427
7,44,431
7,45,348
7,46,354
7,47,294
7,48,254
7,49,279
7,50,235
7,51,320
7,52,342
7,53,251
7,54,279
7,55,283
7,56,273
7,57,246
7,58,269
7,59,395
7,60,268
7,61,277
7,62,265
7,63,241
7,64,315
7,65,240
7,66,253
7,67,256
7,68,284
7,69,244
7,70,254
7,71,418
7,72,246
7,73,351
7,74,249
7,75,257
7,76,281
7,77,262
7,78,253
7,79,241
7,80,266
7,81,234
7,82,227
7,83,238
7,84,230
7,85,218
7,86,230
7,87,228
7,88,285
7,89,222
7,90,235
7,91,232
7,92,272
7,93,221
7,94,221
7,95,236
7,96,217
7,97,234
7,98,220
7,99,235
7,100,223
7,101,219
7,102,214
7,103,287
7,104,218
7,105,214
7,106,203
7,107,213
7,108,217
7,109,214
7,110,206
7,111,213
7,112,209
7,113,197
7,114,210
7,115,200
7,116,207
7,117,198
7,118,207
7,119,226
7,120,203
7,121,191
7,122,210
7,123,182
7,124,223
7,125,178
7,126,202
7,127,190
7,128,194
7,129,165
7,130,190
7,131,164
7,132,171
7,133,158
7,134,138
7,135,161
7,136,117
7,137,142
7,138,137
7,139,158
7,140,133
7,141,139
7,142,123
7,143,1517
7,144,422
7,145,160
7,146,125
7,147,144
7,148,211
7,149,147
7,150,140
7,151,145
7,152,140
7,153,146
7,154,132
7,155,186
7,156,146
7,157,186
7,158,160
7,159,165
7,160,198
7,161,180
7,162,149
7,163,154
7,164,147
7,165,155
7,166,153
7,167,158
7,168,149
7,169,163
7,170,171
7,171,185
7,172,156
7,173,168
7,174,186
7,175,159
7,176,154
7,177,173
7,178,191
7,179,1855
7,180,164
7,181,190
7,182,166
7,183,213
7,184,174
7,185,198
7,186,148
7,187,175
7,188,191
7,189,187
7,190,148
7,191,209
7,192,164
7,193,185
7,194,150
7,195,185
7,196,158
7,197,211
7,198,193
7,199,184
7,200,168
7,201,200
7,202,176
7,203,198
7,204,162
7,205,207
7,206,171
7,207,213
7,208,172
7,209,221
7,210,1505
7,211,253
7,212,175
7,213,332
7,214,199
7,215,349
7,216,173
7,217,244
7,218,190
7,219,272
7,220,201
7,221,712
7,222,200
7,223,277
7,224,211
7,225,301
7,226,215
7,227,307
7,228,217
7,229,308
7,230,240
7,231,304
7,232,245
7,233,337
7,234,259
7,235,3446
7,236,278
7,237,361
7,238,351
7,239,379
7,240,325
7,241,395
7,242,360
7,243,423
7,244,365
7,245,618
7,246,459
7,247,461
7,248,413
7,249,497
7,250,432
7,251,506
7,252,467
7,253,512
7,254,534
7,255,500
7,256,419
8,1,283
8,2,322
8,3,299
8,4,326
8,5,301
8,6,325
8,7,331
8,8,562
8,9,322
8,10,362
8,11,320
8,12,348
8,13,382
8,14,358
8,15,339
8,16,365
8,17,323
8,18,356
8,19,319
8,20,352
8,21,312
8,22,364
8,23,2445
8,24,359
8,25,334
8,26,359
8,27,355
8,28,810
8,29,343
8,30,469
8,31,364
8,32,393
8,33,367
8,34,415
8,35,387
8,36,417
8,37,424
8,38,543
8,39,418
8,40,446
8,41,406
8,42,450
8,43,427
8,44,431
8,45,348
8,46,354
8,47,294
8,48,254
8,49,279
8,50,235
8,51,320
8,52,342
8,53,251
8,54,279
8,55,283
8,56,273
8,57,246
8,58,269
8,59,395
8,60,268
8,61,277
8,62,265
8,63,241
8,64,315
8,65,240
8,66,253
8,67,256
8,68,284
8,69,244
8,70,254
8,71,418
8,72,246
8,73,351
8,74,249
8,75,257
8,76,281
8,77,262
8,78,253
8,79,241
8,80,266
8,81,234
8,82,227
8,83,238
8,84,230
8,85,218
8,86,230
8,87,228
8,88,285
8,89,222
8,90,235
8,91,232
8,92,272
8,93,221
8,94,221
8,95,236
8,96,217
8,97,234
8,98,220
8,99,235
8,100,223
8,101,219
8,102,214
8,103,287
8,104,218
8,105,214
8,106,203
8,107,213
8,108,217
8,109,214
8,110,206
8,111,213
8,112,209
8,113,197
8,114,210
8,115,200
8,116,207
8,117,198
8,118,207
8,119,226
8,120,203
8,121,191
8,122,210
8,123,182
8,124,223
8,125,178
8,126,202
8,127,190
8,128,194
8,129,165
8,130,190
8,131,164
8,132,171
8,133,158
8,134,138
8,135,161
8,136,117
8,137,142
8,138,137
8,139,158
8,140,133
8,141,139
8,142,123
8,143,1517
8,144,422
8,145,160
8,146,125
8,147,144
8,148,211
8,149,147
8,150,140
8,151,145
8,152,140
8,153,146
8,154,132
8,155,186
8,156,146
8,157,186
8,158,160
8,159,165
8,160,198
8,161,180
8,162,149
8,163,154
8,164,147
8,165,155
8,166,153
8,167,158
8,168,149
8,169,163
8,170,171
8,171,185
8,172,156
8,173,168
8,174,186
8,175,159
8,176,154
8,177,173
8,178,191
8,179,1855
8,180,164
8,181,190
8,182,166
8,183,213
8,184,174
8,185,198
8,186,148
8,187,175
8,188,191
8,189,187
8,190,148
8,191,209
8,192,164
8,193,185
8,194,150
8,195,185
8,196,158
8,197,211
8,198,193
8,199,184
8,200,168
8,201,200
8,202,176
8,203,198
8,204,162
8,205,207
8,206,171
8,207,213
8,208,172
8,209,221
8,210,1505
8,211,253
8,212,175
8,213,332
8,214,199
8,215,349
8,216,173
8,217,244
8,218,190
8,219,272
8,220,201
8,221,712
8,222,200
8,223,277
8,224,211
8,225,301
8,226,215
8,227,307
8,228,217
8,229,308
8,230,240
8,231,304
8,232,245
8,233,337
8,234,259
8,235,3446
8,236,278
8,237,361
8,238,351
8,239,379
8,240,325
8,241,395
8,242,360
8,243,423
8,244,365
8,245,618
8,246,459
8,247,461
8,248,413
8,249,497
8,250,432
8,251,506
8,252,467
8,253,512
8,254,534
8,255,500
8,256,419
9,1,285
9,2,324
9,3,302
9,4,327
9,5,301
9,6,329
9,7,333
9,8,563
9,9,325
9,10,363
9,11,321
9,12,349
9,13,386
9,14,362
9,15,342
9,16,367
9,17,323
9,18,357
9,19,320
9,20,352
9,21,311
9,22,365
9,23,2391
9,24,361
9,25,334
9,26,361
9,27,354
9,28,812
9,29,343
9,30,471
9,31,366
9,32,394
9,33,367
9,34,417
9,35,387
9,36,419
9,37,423
9,38,543
9,39,417
9,40,445
9,41,410
9,42,451
9,43,426
9,44,434
9,45,350
9,46,354
9,47,295
9,48,256
9,49,274
9,50,236
9,51,326
9,52,338
9,53,250
9,54,281
9,55,283
9,56,275
9,57,248
9,58,269
9,59,393
9,60,269
9,61,280
9,62,267
9,63,240
9,64,316
9,65,240
9,66,254
9,67,258
9,68,284
9,69,243
9,70,256
9,71,420
9,72,247
9,73,354
9,74,251
9,75,257
9,76,282
9,77,263
9,78,254
9,79,242
9,80,267
9,81,236
9,82,229
9,83,238
9,84,232
9,85,218
9,86,230
9,87,230
9,88,283
9,89,223
9,90,237
9,91,235
9,92,273
9,93,221
9,94,223
9,95,238
9,96,219
9,97,234
9,98,221
9,99,237
9,100,225
9,101,219
9,102,216
9,103,288
9,104,220
9,105,215
9,106,204
9,107,213
9,108,218
9,109,215
9,110,207
9,111,214
9,112,210
9,113,196
9,114,212
9,115,201
9,116,208
9,117,199
9,118,209
9,119,225
9,120,205
9,121,192
9,122,210
9,123,183
9,124,225
9,125,180
9,126,202
9,127,190
9,128,195
9,129,166
9,130,191
9,131,165
9,132,173
9,133,158
9,134,140
9,135,163
9,136,119
9,137,143
9,138,137
9,139,159
9,140,134
9,141,139
9,142,125
9,143,1519
9,144,424
9,145,159
9,146,126
9,147,145
9,148,213
9,149,146
9,150,142
9,151,144
9,152,140
9,153,147
9,154,133
9,155,185
9,156,148
9,157,185
9,158,161
9,159,166
9,160,201
9,161,181
9,162,149
9,163,155
9,164,149
9,165,155
9,166,155
9,167,160
9,168,151
9,169,163
9,170,173
9,171,186
9,172,156
9,173,169
9,174,187
9,175,159
9,176,155
9,177,173
9,178,195
9,179,1843
9,180,165
9,181,191
9,182,166
9,183,211
9,184,176
9,185,199
9,186,148
9,187,174
9,188,192
9,189,187
9,190,150
9,191,208
9,192,164
9,193,187
9,194,152
9,195,186
9,196,159
9,197,214
9,198,194
9,199,184
9,200,168
9,201,200
9,202,176
9,203,200
9,204,164
9,205,207
9,206,171
9,207,214
9,208,174
9,209,220
9,210,1507
9,211,254
9,212,176
9,213,331
9,214,202
9,215,348
9,216,175
9,217,246
9,218,191
9,219,273
9,220,202
9,221,711
9,222,201
9,223,277
9,224,213
9,225,300
9,226,216
9,227,307
9,228,219
9,229,310
9,230,241
9,231,304
9,232,246
9,233,336
9,234,260
9,235,3452
9,236,281
9,237,363
9,238,353
9,239,381
9,240,327
9,241,395
9,242,361
9,243,423
9,244,367
9,245,622
9,246,464
9,247,464
9,248,414
9,249,499
9,250,433
9,251,506
9,252,468
9,253,513
9,254,532
9,255,501
9,256,421
10,1,285
10,2,324
10,3,302
10,4,327
10,5,301
10,6,329
10,7,333
10,8,563
10,9,325
10,10,363
10,11,321
10,12,349
10,13,386
10,14,362
10,15,342
10,16,367
10,17,323
10,18,357
10,19,320
10,20,352
10,21,311
10,22,365
10,23,2391
10,24,361
10,25,334
10,26,361
10,27,354
10,28,812
10,29,343
10,30,471
10,31,366
10,32,394
10,33,367
10,34,417
10,35,387
10,36,419
10,37,423
10,38,543
10,39,417
10,40,445
10,41,410
10,42,451
10,43,426
10,44,434
10,45,350
10,46,354
10,47,295
10,48,256
10,49,274
10,50,236
10,51,326
10,52,338
10,53,250
10,54,281
10,55,283
10,56,275
10,57,248
10,58,269
10,59,393
10,60,269
10,61,280
10,62,267
10,63,240
10,64,316
10,65,240
10,66,254
10,67,258
10,68,284
10,69,243
10,70,256
10,71,420
10,72,247
10,73,354
10,74,251
10,75,257
10,76,282
10,77,263
10,78,254
10,79,242
10,80,267
10,81,236
10,82,229
10,83,238
10,84,232
10,85,218
10,86,230
10,87,230
10,88,283
10,89,223
10,90,237
10,91,235
10,92,273
10,93,221
10,94,223
10,95,238
10,96,219
10,97,234
10,98,221
10,99,237
10,100,225
10,101,219
10,102,216
10,103,288
10,104,220
10,105,215
10,106,204
10,107,213
10,108,218
10,109,215
10,110,207
10,111,214
10,112,210
10,113,196
10,114,212
10,115,201
10,116,208
10,117,199
10,118,209
10,119,225
10,120,205
10,121,192
10,122,210
10,123,183
10,124,225
10,125,180
10,126,202
10,127,190
10,128,195
10,129,166
10,130,191
10,131,165
10,132,173
10,133,158
10,134,140
10,135,163
10,136,119
10,137,143
10,138,137
10,139,159
10,140,134
10,141,139
10,142,125
10,143,1519
10,144,424
10,145,159
10,146,126
10,147,145
10,148,213
10,149,146
10,150,142
10,151,144
10,152,140
10,153,147
10,154,133
10,155,185
10,156,148
10,157,185
10,158,161
10,159,166
10,160,201
10,161,181
10,162,149
10,163,155
10,164,149
10,165,155
10,166,155
10,167,160
10,168,151
10,169,163
10,170,173
10,171,186
10,172,156
10,173,169
10,174,187
10,175,159
10,176,155
10,177,173
10,178,195
10,179,1843
10,180,165
10,181,191
10,182,166
10,183,211
10,184,176
10,185,199
10,186,148
10,187,174
10,188,192
10,189,187
10,190,150
10,191,208
10,192,164
10,193,187
10,194,152
10,195,186
10,196,159
10,197,214
10,198,194
10,199,184
10,200,168
10,201,200
10,202,176
10,203,200
10,204,164
10,205,207
10,206,171
10,207,214
10,208,174
10,209,220
10,210,1507
10,211,254
10,212,176
10,213,331
10,214,202
10,215,348
10,216,175
10,217,246
10,218,191
10,219,273
10,220,202
10,221,711
10,222,201
10,223,277
10,224,213
10,225,300
10,226,216
10,227,307
10,228,219
10,229,310
10,230,241
10,231,304
10,232,246
10,233,336
10,234,260
10,235,3452
10,236,281
10,237,363
10,238,353
10,239,381
10,240,327
10,241,395
10,242,361
10,243,423
10,244,367
10,245,622
10,246,464
10,247,464
10,248,414
10,249,499
10,250,433
10,251,506
10,252,468
10,253,513
10,254,532
10,255,501
10,256,421
11,1,283
11,2,323
11,3,300
11,4,330
11,5,302
11,6,327
11,7,331
11,8,564
11,9,323
11,10,362
11,11,319
11,12,350
11,13,385
11,14,360
11,15,339
11,16,366
11,17,324
11,18,357
11,19,321
11,20,351
11,21,310
11,22,367
11,23,2389
11,24,360
11,25,333
11,26,360
11,27,354
11,28,812
11,29,343
11,30,457
11,31,366
11,32,395
11,33,367
11,34,417
11,35,386
11,36,418
11,37,424
11,38,542
11,39,417
11,40,447
11,41,411
11,42,453
11,43,427
11,44,432
11,45,349
11,46,356
11,47,295
11,48,263
11,49,276
11,50,236
11,51,324
11,52,337
11,53,250
11,54,280
11,55,281
11,56,275
11,57,247
11,58,269
11,59,394
11,60,267
11,61,280
11,62,266
11,63,240
11,64,319
11,65,239
11,66,254
11,67,255
11,68,286
11,69,244
11,70,256
11,71,416
11,72,247
11,73,353
11,74,250
11,75,256
11,76,279
11,77,261
11,78,255
11,79,242
11,80,266
11,81,235
11,82,227
11,83,238
11,84,230
11,85,218
11,86,230
11,87,228
11,88,285
11,89,223
11,90,237
11,91,234
11,92,274
11,93,220
11,94,222
11,95,236
11,96,217
11,97,235
11,98,222
11,99,236
11,100,224
11,101,218
11,102,214
11,103,285
11,104,218
11,105,214
11,106,203
11,107,213
11,108,217
11,109,213
11,110,206
11,111,212
11,112,207
11,113,197
11,114,211
11,115,201
11,116,207
11,117,200
11,118,210
11,119,225
11,120,205
11,121,193
11,122,210
11,123,183
11,124,223
11,125,179
11,126,201
11,127,190
11,128,195
11,129,163
11,130,190
11,131,164
11,132,174
11,133,157
11,134,139
11,135,162
11,136,118
11,137,143
11,138,137
11,139,158
11,140,134
11,141,139
11,142,125
11,143,1506
11,144,423
11,145,159
11,146,126
11,147,143
11,148,213
11,149,146
11,150,141
11,151,144
11,152,140
11,153,147
11,154,133
11,155,185
11,156,146
11,157,186
11,158,161
11,159,164
11,160,198
11,161,181
11,162,149
11,163,155
11,164,148
11,165,156
11,166,155
11,167,158
11,168,150
11,169,161
11,170,172
11,171,186
11,172,155
11,173,169
11,174,187
11,175,159
11,176,154
11,177,171
11,178,194
11,179,1844
11,180,164
11,181,193
11,182,165
11,183,213
11,184,175
11,185,199
11,186,148
11,187,173
11,188,193
11,189,187
11,190,149
11,191,209
11,192,164
11,193,187
11,194,151
11,195,186
11,196,158
11,197,213
11,198,191
11,199,183
11,200,169
11,201,201
11,202,177
11,203,199
11,204,164
11,205,207
11,206,171
11,207,212
11,208,173
11,209,220
11,210,1507
11,211,251
11,212,176
11,213,332
11,214,201
11,215,343
11,216,174
11,217,244
11,218,190
11,219,273
11,220,200
11,221,716
11,222,202
11,223,279
11,224,211
11,225,299
11,226,215
11,227,306
11,228,218
11,229,309
11,230,239
11,231,304
11,232,245
11,233,337
11,234,260
11,235,3472
11,236,281
11,237,362
11,238,353
11,239,380
11,240,327
11,241,395
11,242,362
11,243,424
11,244,366
11,245,619
11,246,457
11,247,461
11,248,413
11,249,498
11,250,432
11,251,507
11,252,467
11,253,512
11,254,536
11,255,498
11,256,418
12,1,283
12,2,323
12,3,300
12,4,330
12,5,302
12,6,327
12,7,331
12,8,564
12,9,323
12,10,362
12,11,319
12,12,350
12,13,385
12,14,360
12,15,339
12,16,366
12,17,324
12,18,357
12,19,321
12,20,351
12,21,310
12,22,367
12,23,2389
12,24,360
12,25,333
12,26,360
12,27,354
12,28,812
12,29,343
12,30,457
12,31,366
12,32,395
12,33,367
12,34,417
12,35,386
12,36,418
12,37,424
12,38,542
12,39,417
12,40,447
12,41,411
12,42,453
12,43,427
12,44,432
12,45,349
12,46,356
12,47,295
12,48,263
12,49,276
12,50,236
12,51,324
12,52,337
12,53,250
12,54,280
12,55,281
12,56,275
12,57,247
12,58,269
12,59,394
12,60,267
12,61,280
12,62,266
12,63,240
12,64,319
12,65,239
12,66,254
12,67,255
12,68,286
12,69,244
12,70,256
12,71,416
12,72,247
12,73,353
12,74,250
12,75,256
12,76,279
12,77,261
12,78,255
12,79,242
12,80,266
12,81,235
12,82,227
12,83,238
12,84,230
12,85,218
12,86,230
12,87,228
12,88,285
12,89,223
12,90,237
12,91,234
12,92,274
12,93,220
12,94,222
12,95,236
12,96,217
12,97,235
12,98,222
12,99,236
12,100,224
12,101,218
12,102,214
12,103,285
12,104,218
12,105,214
12,106,203
12,107,213
12,108,217
12,109,213
12,110,206
12,111,212
12,112,207
12,113,197
12,114,211
12,115,201
12,116,207
12,117,200
12,118,210
12,119,225
12,120,205
12,121,193
12,122,210
12,123,183
12,124,223
12,125,179
12,126,201
12,127,190
12,128,195
12,129,163
12,130,190
12,131,164
12,132,174
12,133,157
12,134,139
12,135,162
12,136,118
12,137,143
12,138,137
12,139,158
12,140,134
12,141,139
12,142,125
12,143,1506
12,144,423
12,145,159
12,146,126
12,147,143
12,148,213
12,149,146
12,150,141
12,151,144
12,152,140
12,153,147
12,154,133
12,155,185
12,156,146
12,157,186
12,158,161
12,159,164
12,160,198
12,161,181
12,162,149
12,163,155
12,164,148
12,165,156
12,166,155
12,167,158
12,168,150
12,169,161
12,170,172
12,171,186
12,172,155
12,173,169
12,174,187
12,175,159
12,176,154
12,177,171
12,178,194
12,179,1844
12,180,164
12,181,193
12,182,165
12,183,213
12,184,175
12,185,199
12,186,148
12,187,173
12,188,193
12,189,187
12,190,149
12,191,209
12,192,164
12,193,187
12,194,151
12,195,186
12,196,158
12,197,213
12,198,191
12,199,183
12,200,169
12,201,201
12,202,177
12,203,199
12,204,164
12,205,207
12,206,171
12,207,212
12,208,173
12,209,220
12,210,1507
12,211,251
12,212,176
12,213,332
12,214,201
12,215,343
12,216,174
12,217,244
12,218,190
12,219,273
12,220,200
12,221,716
12,222,202
12,223,279
12,224,211
12,225,299
12,226,215
12,227,306
12,228,218
12,229,309
12,230,239
12,231,304
12,232,245
12,233,337
12,234,260
12,235,3472
12,236,281
12,237,362
12,238,353
12,239,380
12,240,327
12,241,395
12,242,362
12,243,424
12,244,366
12,245,619
12,246,457
12,247,461
12,248,413
12,249,498
12,250,432
12,251,507
12,252,467
12,253,512
12,254,536
12,255,498
12,256,418
13,1,283
13,2,323
13,3,301
13,4,327
13,5,302
13,6,327
13,7,333
13,8,561
13,9,323
13,10,364
13,11,321
13,12,349
13,13,384
13,14,361
13,15,338
13,16,366
13,17,324
13,18,358
13,19,320
13,20,353
13,21,310
13,22,366
13,23,2390
13,24,360
13,25,333
13,26,361
13,27,355
13,28,813
13,29,344
13,30,466
13,31,363
13,32,396
13,33,366
13,34,418
13,35,387
13,36,421
13,37,426
13,38,544
13,39,419
13,40,448
13,41,409
13,42,453
13,43,431
13,44,434
13,45,350
13,46,355
13,47,295
13,48,257
13,49,274
13,50,236
13,51,317
13,52,337
13,53,251
13,54,282
13,55,282
13,56,275
13,57,248
13,58,270
13,59,396
13,60,270
13,61,280
13,62,266
13,63,242
13,64,316
13,65,241
13,66,254
13,67,257
13,68,287
13,69,246
13,70,256
13,71,417
13,72,247
13,73,343
13,74,252
13,75,256
13,76,282
13,77,261
13,78,255
13,79,242
13,80,266
13,81,234
13,82,228
13,83,238
13,84,231
13,85,218
13,86,230
13,87,229
13,88,284
13,89,223
13,90,237
13,91,233
13,92,273
13,93,221
13,94,223
13,95,238
13,96,219
13,97,234
13,98,222
13,99,235
13,100,225
13,101,218
13,102,215
13,103,283
13,104,219
13,105,214
13,106,205
13,107,213
13,108,219
13,109,213
13,110,206
13,111,212
13,112,210
13,113,198
13,114,212
13,115,202
13,116,210
13,117,200
13,118,209
13,119,224
13,120,205
13,121,191
13,122,210
13,123,183
13,124,225
13,125,179
13,126,202
13,127,189
13,128,195
13,129,165
13,130,190
13,131,164
13,132,174
13,133,158
13,134,139
13,135,162
13,136,118
13,137,142
13,138,137
13,139,158
13,140,134
13,141,139
13,142,125
13,143,1506
13,144,425
13,145,160
13,146,126
13,147,145
13,148,209
13,149,146
13,150,140
13,151,145
13,152,140
13,153,146
13,154,134
13,155,185
13,156,147
13,157,186
13,158,161
13,159,165
13,160,195
13,161,181
13,162,149
13,163,156
13,164,149
13,165,155
13,166,155
13,167,159
13,168,151
13,169,163
13,170,173
13,171,187
13,172,156
13,173,169
13,174,191
13,175,160
13,176,155
13,177,172
13,178,197
13,179,1843
13,180,165
13,181,191
13,182,164
13,183,212
13,184,176
13,185,199
13,186,148
13,187,174
13,188,191
13,189,189
13,190,150
13,191,209
13,192,164
13,193,186
13,194,152
13,195,185
13,196,159
13,197,213
13,198,193
13,199,184
13,200,170
13,201,201
13,202,177
13,203,200
13,204,164
13,205,207
13,206,173
13,207,213
13,208,173
13,209,221
13,210,1510
13,211,255
13,212,175
13,213,330
13,214,201
13,215,343
13,216,174
13,217,245
13,218,190
13,219,273
13,220,201
13,221,717
13,222,202
13,223,278
13,224,211
13,225,301
13,226,217
13,227,307
13,228,219
13,229,310
13,230,242
13,231,306
13,232,246
13,233,336
13,234,259
13,235,3450
13,236,278
13,237,363
13,238,355
13,239,381
13,240,327
13,241,396
13,242,361
13,243,423
13,244,367
13,245,619
13,246,459
13,247,461
13,248,414
13,249,499
13,250,435
13,251,505
13,252,469
13,253,511
13,254,535
13,255,499
13,256,419
14,1,283
14,2,323
14,3,301
14,4,327
14,5,302
14,6,327
14,7,333
14,8,561
14,9,323
14,10,364
14,11,321
14,12,349
14,13,384
14,14,361
14,15,338
14,16,366
14,17,324
14,18,358
14,19,320
14,20,353
14,21,310
14,22,366
14,23,2390
14,24,360
14,25,333
14,26,361
14,27,355
14,28,813
14,29,344
14,30,466
14,31,363
14,32,396
14,33,366
14,34,418
14,35,387
14,36,421
14,37,426
14,38,544
14,39,419
14,40,448
14,41,409
14,42,453
14,43,431
14,44,434
14,45,350
14,46,355
14,47,295
14,48,257
14,49,274
14,50,236
14,51,317
14,52,337
14,53,251
14,54,282
14,55,282
14,56,275
14,57,248
14,58,270
14,59,396
14,60,270
14,61,280
14,62,266
14,63,242
14,64,316
14,65,241
14,66,254
14,67,257
14,68,287
14,69,246
14,70,256
14,71,417
14,72,247
14,73,343
14,74,252
14,75,256
14,76,282
14,77,261
14,78,255
14,79,242
14,80,266
14,81,234
14,82,228
14,83,238
14,84,231
14,85,218
14,86,230
14,87,229
14,88,284
14,89,223
14,90,237
14,91,233
14,92,273
14,93,221
14,94,223
14,95,238
14,96,219
14,97,234
14,98,222
14,99,235
14,100,225
14,101,218
14,102,215
14,103,283
14,104,219
14,105,214
14,106,205
14,107,213
14,108,219
14,109,213
14,110,206
14,111,212
14,112,210
14,113,198
14,114,212
14,115,202
14,116,210
14,117,200
14,118,209
14,119,224
14,120,205
14,121,191
14,122,210
14,123,183
14,124,225
14,125,179
14,126,202
14,127,189
14,128,195
14,129,165
14,130,190
14,131,164
14,132,174
14,133,158
14,134,139
14,135,162
14,136,118
14,137,142
14,138,137
14,139,158
14,140,134
14,141,139
14,142,125
14,143,1506
14,144,425
14,145,160
14,146,126
14,147,145
14,148,209
14,149,146
14,150,140
14,151,145
14,152,140
14,153,146
14,154,134
14,155,185
14,156,147
14,157,186
14,158,161
14,159,165
14,160,195
14,161,181
14,162,149
14,163,156
14,164,149
14,165,155
14,166,155
14,167,159
14,168,151
14,169,163
14,170,173
14,171,187
14,172,156
14,173,169
14,174,191
14,175,160
14,176,155
14,177,172
14,178,197
14,179,1843
14,180,165
14,181,191
14,182,164
14,183,212
14,184,176
14,185,199
14,186,148
14,187,174
14,188,191
14,189,189
14,190,150
14,191,209
14,192,164
14,193,186
14,194,152
14,195,185
14,196,159
14,197,213
14,198,193
14,199,184
14,200,170
14,201,201
14,202,177
14,203,200
14,204,164
14,205,207
14,206,173
14,207,213
14,208,173
14,209,221
14,210,1510
14,211,255
14,212,175
14,213,330
14,214,201
14,215,343
14,216,174
14,217,245
14,218,190
14,219,273
14,220,201
14,221,717
14,222,202
14,223,278
14,224,211
14,225,301
14,226,217
14,227,307
14,228,219
14,229,310
14,230,242
14,231,306
14,232,246
14,233,336
14,234,259
14,235,3450
14,236,278
14,237,363
14,238,355
14,239,381
14,240,327
14,241,396
14,242,361
14,243,423
14,244,367
14,245,619
14,246,459
14,247,461
14,248,414
14,249,499
14,250,435
14,251,505
14,252,469
14,253,511
14,254,535
14,255,499
14,256,419
15,1,283
15,2,322
15,3,301
15,4,327
15,5,303
15,6,327
15,7,332
15,8,568
15,9,324
15,10,362
15,11,320
15,12,349
15,13,386
15,14,360
15,15,342
15,16,366
15,17,325
15,18,356
15,19,321
15,20,353
15,21,310
15,22,363
15,23,2391
15,24,360
15,25,335
15,26,361
15,27,355
15,28,809
15,29,344
15,30,475
15,31,363
15,32,395
15,33,367
15,34,415
15,35,387
15,36,419
15,37,422
15,38,543
15,39,421
15,40,447
15,41,409
15,42,455
15,43,427
15,44,433
15,45,350
15,46,355
15,47,296
15,48,256
15,49,280
15,50,235
15,51,321
15,52,337
15,53,253
15,54,282
15,55,281
15,56,275
15,57,247
15,58,270
15,59,393
15,60,269
15,61,282
15,62,266
15,63,242
15,64,318
15,65,241
15,66,253
15,67,257
15,68,284
15,69,248
15,70,255
15,71,420
15,72,247
15,73,348
15,74,250
15,75,259
15,76,283
15,77,262
15,78,253
15,79,242
15,80,266
15,81,234
15,82,228
15,83,238
15,84,231
15,85,218
15,86,230
15,87,229
15,88,287
15,89,223
15,90,236
15,91,233
15,92,269
15,93,222
15,94,222
15,95,238
15,96,218
15,97,233
15,98,221
15,99,236
15,100,224
15,101,219
15,102,215
15,103,286
15,104,218
15,105,214
15,106,203
15,107,214
15,108,218
15,109,213
15,110,207
15,111,213
15,112,209
15,113,198
15,114,212
15,115,201
15,116,208
15,117,200
15,118,207
15,119,226
15,120,205
15,121,193
15,122,213
15,123,184
15,124,226
15,125,180
15,126,201
15,127,191
15,128,195
15,129,165
15,130,191
15,131,165
15,132,175
15,133,158
15,134,139
15,135,163
15,136,117
15,137,144
15,138,137
15,139,159
15,140,133
15,141,139
15,142,124
15,143,1505
15,144,425
15,145,160
15,146,125
15,147,146
15,148,212
15,149,146
15,150,141
15,151,146
15,152,139
15,153,146
15,154,132
15,155,185
15,156,145
15,157,185
15,158,160
15,159,166
15,160,200
15,161,182
15,162,148
15,163,155
15,164,148
15,165,157
15,166,155
15,167,159
15,168,151
15,169,163
15,170,173
15,171,186
15,172,156
15,173,171
15,174,187
15,175,159
15,176,154
15,177,172
15,178,191
15,179,1842
15,180,164
15,181,193
15,182,166
15,183,210
15,184,177
15,185,200
15,186,149
15,187,175
15,188,192
15,189,189
15,190,149
15,191,210
15,192,164
15,193,186
15,194,150
15,195,186
15,196,158
15,197,213
15,198,191
15,199,184
15,200,168
15,201,202
15,202,176
15,203,199
15,204,164
15,205,207
15,206,172
15,207,213
15,208,173
15,209,220
15,210,1506
15,211,253
15,212,176
15,213,334
15,214,201
15,215,343
15,216,174
15,217,245
15,218,190
15,219,273
15,220,201
15,221,720
15,222,199
15,223,278
15,224,213
15,225,300
15,226,216
15,227,307
15,228,218
15,229,310
15,230,241
15,231,305
15,232,245
15,233,336
15,234,259
15,235,3453
15,236,279
15,237,362
15,238,350
15,239,379
15,240,327
15,241,395
15,242,361
15,243,423
15,244,367
15,245,623
15,246,461
15,247,461
15,248,412
15,249,499
15,250,432
15,251,507
15,252,469
15,253,512
15,254,531
15,255,501
15,256,419
16,1,283
16,2,322
16,3,301
16,4,327
16,5,303
16,6,327
16,7,332
16,8,568
16,9,324
16,10,362
16,11,320
16,12,349
16,13,386
16,14,360
16,15,342
16,16,366
16,17,325
16,18,356
16,19,321
16,20,353
16,21,310
16,22,363
16,23,2391
16,24,360
16,25,335
16,26,361
16,27,355
16,28,809
16,29,344
16,30,475
16,31,363
16,32,395
16,33,367
16,34,415
16,35,387
16,36,419
16,37,422
16,38,543
16,39,421
16,40,447
16,41,409
16,42,455
16,43,427
16,44,433
16,45,350
16,46,355
16,47,296
16,48,256
16,49,280
16,50,235
16,51,321
16,52,337
16,53,253
16,54,282
16,55,281
16,56,275
16,57,247
16,58,270
16,59,393
16,60,269
16,61,282
16,62,266
16,63,242
16,64,318
16,65,241
16,66,253
16,67,257
16,68,284
16,69,248
16,70,255
16,71,420
16,72,247
16,73,348
16,74,250
16,75,259
16,76,283
16,77,262
16,78,253
16,79,242
16,80,266
16,81,234
16,82,228
16,83,238
16,84,231
16,85,218
16,86,230
16,87,229
16,88,287
16,89,223
16,90,236
16,91,233
16,92,269
16,93,222
16,94,222
16,95,238
16,96,218
16,97,233
16,98,221
16,99,236
16,100,224
16,101,219
16,102,215
16,103,286
16,104,218
16,105,214
16,106,203
16,107,214
16,108,218
16,109,213
16,110,207
16,111,213
16,112,209
16,113,198
16,114,212
16,115,201
16,116,208
16,117,200
16,118,207
16,119,226
16,120,205
16,121,193
16,122,213
16,123,184
16,124,226
16,125,180
16,126,201
16,127,191
16,128,195
16,129,165
16,130,191
16,131,165
16,132,175
16,133,158
16,134,139
16,135,163
16,136,117
16,137,144
16,138,137
16,139,159
16,140,133
16,141,139
16,142,124
16,143,1505
16,144,425
16,145,160
16,146,125
16,147,146
16,148,212
16,149,146
16,150,141
16,151,146
16,152,139
16,153,146
16,154,132
16,155,185
16,156,145
16,157,185
16,158,160
16,159,166
16,160,200
16,161,182
16,162,148
16,163,155
16,164,148
16,165,157
16,166,155
16,167,159
16,168,151
16,169,163
16,170,173
16,171,186
16,172,156
16,173,171
16,174,187
16,175,159
16,176,154
16,177,172
16,178,191
16,179,1842
16,180,164
16,181,193
16,182,166
16,183,210
16,184,177
16,185,200
16,186,149
16,187,175
16,188,192
16,189,189
16,190,149
16,191,210
16,192,164
16,193,186
16,194,150
16,195,186
16,196,158
16,197,213
16,198,191
16,199,184
16,200,168
16,201,202
16,202,176
16,203,199
16,204,164
16,205,207
16,206,172
16,207,213
16,208,173
16,209,220
16,210,1506
16,211,253
16,212,176
16,213,334
16,214,201
16,215,343
16,216,174
16,217,245
16,218,190
16,219,273
16,220,201
16,221,720
16,222,199
16,223,278
16,224,213
16,225,300
16,226,216
16,227,307
16,228,218
16,229,310
16,230,241
16,231,305
16,232,245
16,233,336
16,234,259
16,235,3453
16,236,279
16,237,362
16,238,350
16,239,379
16,240,327
16,241,395
16,242,361
16,243,423
16,244,367
16,245,623
16,246,461
16,247,461
16,248,412
16,249,499
16,250,432
16,251,507
16,252,469
16,253,512
16,254,531
16,255,501
16,256,419
17,1,284
17,2,322
17,3,302
17,4,326
17,5,302
17,6,328
17,7,332
17,8,561
17,9,324
17,10,363
17,11,321
17,12,351
17,13,385
17,14,361
17,15,341
17,16,367
17,17,324
17,18,358
17,19,320
17,20,353
17,21,312
17,22,365
17,23,2389
17,24,363
17,25,335
17,26,360
17,27,356
17,28,811
17,29,344
17,30,472
17,31,363
17,32,395
17,33,366
17,34,418
17,35,387
17,36,419
17,37,423
17,38,546
17,39,419
17,40,448
17,41,411
17,42,454
17,43,428
17,44,434
17,45,349
17,46,355
17,47,296
17,48,256
17,49,275
17,50,234
17,51,327
17,52,338
17,53,252
17,54,281
17,55,281
17,56,274
17,57,248
17,58,271
17,59,395
17,60,270
17,61,280
17,62,266
17,63,242
17,64,319
17,65,242
17,66,254
17,67,256
17,68,286
17,69,248
17,70,257
17,71,419
17,72,248
17,73,352
17,74,251
17,75,257
17,76,283
17,77,262
17,78,255
17,79,243
17,80,267
17,81,235
17,82,229
17,83,238
17,84,231
17,85,217
17,86,230
17,87,229
17,88,286
17,89,223
17,90,237
17,91,234
17,92,269
17,93,222
17,94,224
17,95,238
17,96,218
17,97,235
17,98,222
17,99,234
17,100,224
17,101,219
17,102,215
17,103,285
17,104,220
17,105,214
17,106,205
17,107,213
17,108,218
17,109,213
17,110,207
17,111,214
17,112,210
17,113,198
17,114,212
17,115,201
17,116,207
17,117,200
17,118,209
17,119,226
17,120,206
17,121,193
17,122,210
17,123,182
17,124,224
17,125,181
17,126,201
17,127,191
17,128,195
17,129,166
17,130,191
17,131,165
17,132,175
17,133,158
17,134,140
17,135,162
17,136,118
17,137,143
17,138,138
17,139,159
17,140,133
17,141,139
17,142,126
17,143,1505
17,144,423
17,145,160
17,146,127
17,147,145
17,148,213
17,149,148
17,150,141
17,151,146
17,152,142
17,153,148
17,154,132
17,155,187
17,156,147
17,157,187
17,158,160
17,159,166
17,160,199
17,161,181
17,162,149
17,163,155
17,164,149
17,165,155
17,166,155
17,167,158
17,168,151
17,169,163
17,170,173
17,171,186
17,172,156
17,173,170
17,174,191
17,175,216
17,176,158
17,177,171
17,178,195
17,179,1848
17,180,165
17,181,194
17,182,165
17,183,213
17,184,176
17,185,199
17,186,149
17,187,174
17,188,191
17,189,189
17,190,149
17,191,211
17,192,165
17,193,186
17,194,151
17,195,186
17,196,158
17,197,213
17,198,191
17,199,183
17,200,169
17,201,202
17,202,176
17,203,199
17,204,164
17,205,208
17,206,174
17,207,213
17,208,173
17,209,220
17,210,1507
17,211,254
17,212,175
17,213,330
17,214,201
17,215,348
17,216,175
17,217,246
17,218,190
17,219,272
17,220,202
17,221,716
17,222,203
17,223,279
17,224,212
17,225,300
17,226,217
17,227,308
17,228,219
17,229,308
17,230,241
17,231,305
17,232,245
17,233,337
17,234,260
17,235,3464
17,236,280
17,237,361
17,238,353
17,239,382
17,240,326
17,241,396
17,242,361
17,243,422
17,244,367
17,245,620
17,246,452
17,247,463
17,248,413
17,249,499
17,250,433
17,251,507
17,252,467
17,253,511
17,254,531
17,255,499
17,256,419
18,1,284
18,2,322
18,3,302
18,4,326
18,5,302
18,6,328
18,7,332
18,8,561
18,9,324
18,10,363
18,11,321
18,12,351
18,13,385
18,14,361
18,15,341
18,16,367
18,17,324
18,18,358
18,19,320
18,20,353
18,21,312
18,22,365
18,23,2389
18,24,363
18,25,335
18,26,360
18,27,356
18,28,811
18,29,344
18,30,472
18,31,363
18,32,395
18,33,366
18,34,418
18,35,387
18,36,419
18,37,423
18,38,546
18,39,419
18,40,448
18,41,411
18,42,454
18,43,428
18,44,434
18,45,349
18,46,355
18,47,296
18,48,256
18,49,275
18,50,234
18,51,327
18,52,338
18,53,252
18,54,281
18,55,281
18,56,274
18,57,248
18,58,271
18,59,395
18,60,270
18,61,280
18,62,266
18,63,242
18,64,319
18,65,242
18,66,254
18,67,256
18,68,286
18,69,248
18,70,257
18,71,419
18,72,248
18,73,352
18,74,251
18,75,257
18,76,283
18,77,262
18,78,255
18,79,243
18,80,267
18,81,235
18,82,229
18,83,238
18,84,231
18,85,217
18,86,230
18,87,229
18,88,286
18,89,223
18,90,237
18,91,234
18,92,269
18,93,222
18,94,224
18,95,238
18,96,218
18,97,235
18,98,222
18,99,234
18,100,224
18,101,219
18,102,215
18,103,285
18,104,220
18,105,214
18,106,205
18,107,213
18,108,218
18,109,213
18,110,207
18,111,214
18,112,210
18,113,198
18,114,212
18,115,201
18,116,207
18,117,200
18,118,209
18,119,226
18,120,206
18,121,193
18,122,210
18,123,182
18,124,224
18,125,181
18,126,201
18,127,191
18,128,195
18,129,166
18,130,191
18,131,165
18,132,175
18,133,158
18,134,140
18,135,162
18,136,118
18,137,143
18,138,138
18,139,159
18,140,133
18,141,139
18,142,126
18,143,1505
18,144,423
18,145,160
18,146,127
18,147,145
18,148,213
18,149,148
18,150,141
18,151,146
18,152,142
18,153,148
18,154,132
18,155,187
18,156,147
18,157,187
18,158,160
18,159,166
18,160,199
18,161,181
18,162,149
18,163,155
18,164,149
18,165,155
18,166,155
18,167,158
18,168,151
18,169,163
18,170,173
18,171,186
18,172,156
18,173,170
18,174,191
18,175,216
18,176,158
18,177,171
18,178,195
18,179,1848
18,180,165
18,181,194
18,182,165
18,183,213
18,184,176
18,185,199
18,186,149
18,187,174
18,188,191
18,189,189
18,190,149
18,191,211
18,192,165
18,193,186
18,194,151
18,195,186
18,196,158
18,197,213
18,198,191
18,199,183
18,200,169
18,201,202
18,202,176
18,203,199
18,204,164
18,205,208
18,206,174
18,207,213
18,208,173
18,209,220
18,210,1507
18,211,254
18,212,175
18,213,330
18,214,201
18,215,348
18,216,175
18,217,246
18,218,190
18,219,272
18,220,202
18,221,716
18,222,203
18,223,279
18,224,212
18,225,300
18,226,217
18,227,308
18,228,219
18,229,308
18,230,241
18,231,305
18,232,245
18,233,337
18,234,260
18,235,3464
18,236,280
18,237,361
18,238,353
18,239,382
18,240,326
18,241,396
18,242,361
18,243,422
18,244,367
18,245,620
18,246,452
18,247,463
18,248,413
18,249,499
18,250,433
18,251,507
18,252,467
18,253,511
18,254,531
18,255,499
18,256,419
19,1,284
19,2,324
19,3,301
19,4,328
19,5,303
19,6,327
19,7,331
19,8,562
19,9,323
19,10,365
19,11,321
19,12,350
19,13,385
19,14,363
19,15,340
19,16,366
19,17,325
19,18,357
19,19,321
19,20,353
19,21,311
19,22,365
19,23,2392
19,24,366
19,25,336
19,26,362
19,27,356
19,28,812
19,29,344
19,30,467
19,31,366
19,32,395
19,33,368
19,34,418
19,35,387
19,36,420
19,37,424
19,38,546
19,39,419
19,40,449
19,41,412
19,42,454
19,43,430
19,44,434
19,45,352
19,46,355
19,47,296
19,48,257
19,49,274
19,50,236
19,51,323
19,52,339
19,53,252
19,54,281
19,55,285
19,56,276
19,57,249
19,58,272
19,59,397
19,60,269
19,61,280
19,62,268
19,63,242
19,64,318
19,65,240
19,66,254
19,67,256
19,68,286
19,69,246
19,70,256
19,71,418
19,72,247
19,73,342
19,74,251
19,75,256
19,76,283
19,77,263
19,78,255
19,79,243
19,80,268
19,81,236
19,82,229
19,83,239
19,84,233
19,85,218
19,86,230
19,87,230
19,88,286
19,89,224
19,90,237
19,91,235
19,92,271
19,93,222
19,94,223
19,95,239
19,96,220
19,97,235
19,98,223
19,99,238
19,100,225
19,101,220
19,102,217
19,103,286
19,104,219
19,105,214
19,106,204
19,107,214
19,108,218
19,109,214
19,110,207
19,111,213
19,112,210
19,113,199
19,114,212
19,115,202
19,116,210
19,117,200
19,118,209
19,119,225
19,120,206
19,121,192
19,122,210
19,123,184
19,124,223
19,125,180
19,126,202
19,127,191
19,128,195
19,129,166
19,130,192
19,131,165
19,132,175
19,133,159
19,134,140
19,135,163
19,136,118
19,137,144
19,138,138
19,139,160
19,140,134
19,141,140
19,142,126
19,143,1516
19,144,437
19,145,162
19,146,126
19,147,144
19,148,212
19,149,146
19,150,141
19,151,143
19,152,141
19,153,146
19,154,134
19,155,188
19,156,147
19,157,186
19,158,162
19,159,166
19,160,200
19,161,182
19,162,150
19,163,156
19,164,181
19,165,209
19,166,177
19,167,159
19,168,151
19,169,163
19,170,174
19,171,187
19,172,156
19,173,170
19,174,189
19,175,161
19,176,155
19,177,173
19,178,194
19,179,1844
19,180,166
19,181,191
19,182,166
19,183,210
19,184,176
19,185,200
19,186,150
19,187,173
19,188,193
19,189,189
19,190,150
19,191,209
19,192,165
19,193,187
19,194,150
19,195,187
19,196,160
19,197,214
19,198,190
19,199,185
19,200,169
19,201,202
19,202,178
19,203,199
19,204,164
19,205,207
19,206,173
19,207,212
19,208,173
19,209,221
19,210,1507
19,211,255
19,212,177
19,213,328
19,214,202
19,215,350
19,216,176
19,217,246
19,218,191
19,219,274
19,220,201
19,221,717
19,222,203
19,223,279
19,224,214
19,225,301
19,226,217
19,227,307
19,228,218
19,229,310
19,230,241
19,231,305
19,232,246
19,233,336
19,234,260
19,235,3457
19,236,282
19,237,364
19,238,356
19,239,381
19,240,329
19,241,397
19,242,361
19,243,424
19,244,367
19,245,623
19,246,455
19,247,462
19,248,416
19,249,499
19,250,433
19,251,507
19,252,468
19,253,514
19,254,542
19,255,500
19,256,418
20,1,284
20,2,324
20,3,301
20,4,328
20,5,303
20,6,327
20,7,331
20,8,562
20,9,323
20,10,365
20,11,321
20,12,350
20,13,385
20,14,363
20,15,340
20,16,366
20,17,325
20,18,357
20,19,321
20,20,353
20,21,311
20,22,365
20,23,2392
20,24,366
20,25,336
20,26,362
20,27,356
20,28,812
20,29,344
20,30,467
20,31,366
20,32,395
20,33,368
20,34,418
20,35,387
20,36,420
20,37,424
20,38,546
20,39,419
20,40,449
20,41,412
20,42,454
20,43,430
20,44,434
20,45,352
20,46,355
20,47,296
20,48,257
20,49,274
20,50,236
20,51,323
20,52,339
20,53,252
20,54,281
20,55,285
20,56,276
20,57,249
20,58,272
20,59,397
20,60,269
20,61,280
20,62,268
20,63,242
20,64,318
20,65,240
20,66,254
20,67,256
20,68,286
20,69,246
20,70,256
20,71,418
20,72,247
20,73,342
20,74,251
20,75,256
20,76,283
20,77,263
20,78,255
20,79,243
20,80,268
20,81,236
20,82,229
20,83,239
20,84,233
20,85,218
20,86,230
20,87,230
20,88,286
20,89,224
20,90,237
20,91,235
20,92,271
20,93,222
20,94,223
20,95,239
20,96,220
20,97,235
20,98,223
20,99,238
20,100,225
20,101,220
20,102,217
20,103,286
20,104,219
20,105,214
20,106,204
20,107,214
20,108,218
20,109,214
20,110,207
20,111,213
20,112,210
20,113,199
20,114,212
20,115,202
20,116,210
20,117,200
20,118,209
20,119,225
20,120,206
20,121,192
20,122,210
20,123,184
20,124,223
20,125,180
20,126,202
20,127,191
20,128,195
20,129,166
20,130,192
20,131,165
20,132,175
20,133,159
20,134,140
20,135,163
20,136,118
20,137,144
20,138,138
20,139,160
20,140,134
20,141,140
20,142,126
20,143,1516
20,144,437
20,145,162
20,146,126
20,147,144
20,148,212
20,149,146
20,150,141
20,151,143
20,152,141
20,153,146
20,154,134
20,155,188
20,156,147
20,157,186
20,158,162
20,159,166
20,160,200
20,161,182
20,162,150
20,163,156
20,164,181
20,165,209
20,166,177
20,167,159
20,168,151
20,169,163
20,170,174
20,171,187
20,172,156
20,173,170
20,174,189
20,175,161
20,176,155
20,177,173
20,178,194
20,179,1844
20,180,166
20,181,191
20,182,166
20,183,210
20,184,176
20,185,200
20,186,150
20,187,173
20,188,193
20,189,189
20,190,150
20,191,209
20,192,165
20,193,187
20,194,150
20,195,187
20,196,160
20,197,214
20,198,190
20,199,185
20,200,169
20,201,202
20,202,178
20,203,199
20,204,164
20,205,207
20,206,173
20,207,212
20,208,173
20,209,221
20,210,1507
20,211,255
20,212,177
20,213,328
20,214,202
20,215,350
20,216,176
20,217,246
20,218,191
20,219,274
20,220,201
20,221,717
20,222,203
20,223,279
20,224,214
20,225,301
20,226,217
20,227,307
20,228,218
20,229,310
20,230,241
20,231,305
20,232,246
20,233,336
20,234,260
20,235,3457
20,236,282
20,237,364
20,238,356
20,239,381
20,240,329
20,241,397
20,242,361
20,243,424
20,244,367
20,245,623
20,246,455
20,247,462
20,248,416
20,249,499
20,250,433
20,251,507
20,252,468
20,253,514
20,254,542
20,255,500
20,256,418
21,1,283
21,2,323
21,3,299
21,4,327
21,5,303
21,6,327
21,7,332
21,8,565
21,9,324
21,10,364
21,11,321
21,12,349
21,13,384
21,14,360
21,15,340
21,16,366
21,17,324
21,18,357
21,19,320
21,20,353
21,21,311
21,22,365
21,23,2388
21,24,359
21,25,335
21,26,361
21,27,355
21,28,812
21,29,344
21,30,471
21,31,365
21,32,394
21,33,367
21,34,418
21,35,387
21,36,419
21,37,424
21,38,546
21,39,419
21,40,449
21,41,412
21,42,454
21,43,427
21,44,433
21,45,351
21,46,355
21,47,296
21,48,255
21,49,278
21,50,236
21,51,323
21,52,339
21,53,252
21,54,281
21,55,284
21,56,274
21,57,248
21,58,271
21,59,396
21,60,270
21,61,280
21,62,266
21,63,242
21,64,316
21,65,242
21,66,254
21,67,256
21,68,284
21,69,246
21,70,256
21,71,416
21,72,246
21,73,347
21,74,251
21,75,257
21,76,283
21,77,262
21,78,254
21,79,242
21,80,268
21,81,234
21,82,229
21,83,239
21,84,231
21,85,218
21,86,229
21,87,228
21,88,285
21,89,222
21,90,236
21,91,235
21,92,279
21,93,222
21,94,223
21,95,239
21,96,219
21,97,233
21,98,221
21,99,236
21,100,224
21,101,219
21,102,215
21,103,285
21,104,218
21,105,214
21,106,204
21,107,213
21,108,217
21,109,214
21,110,206
21,111,212
21,112,209
21,113,198
21,114,212
21,115,202
21,116,208
21,117,200
21,118,209
21,119,226
21,120,205
21,121,193
21,122,209
21,123,184
21,124,225
21,125,180
21,126,202
21,127,190
21,128,194
21,129,166
21,130,190
21,131,165
21,132,177
21,133,159
21,134,139
21,135,163
21,136,117
21,137,143
21,138,137
21,139,158
21,140,133
21,141,139
21,142,125
21,143,1507
21,144,423
21,145,159
21,146,125
21,147,145
21,148,216
21,149,146
21,150,141
21,151,145
21,152,140
21,153,145
21,154,133
21,155,186
21,156,148
21,157,187
21,158,161
21,159,166
21,160,197
21,161,182
21,162,150
21,163,155
21,164,150
21,165,155
21,166,155
21,167,159
21,168,151
21,169,163
21,170,172
21,171,188
21,172,156
21,173,170
21,174,187
21,175,160
21,176,154
21,177,173
21,178,193
21,179,1846
21,180,164
21,181,193
21,182,165
21,183,212
21,184,176
21,185,199
21,186,149
21,187,179
21,188,193
21,189,188
21,190,150
21,191,210
21,192,165
21,193,185
21,194,150
21,195,186
21,196,158
21,197,213
21,198,191
21,199,183
21,200,169
21,201,202
21,202,177
21,203,200
21,204,165
21,205,208
21,206,173
21,207,211
21,208,171
21,209,220
21,210,1509
21,211,254
21,212,175
21,213,331
21,214,201
21,215,341
21,216,175
21,217,246
21,218,190
21,219,274
21,220,201
21,221,713
21,222,202
21,223,277
21,224,211
21,225,302
21,226,216
21,227,306
21,228,218
21,229,310
21,230,242
21,231,304
21,232,244
21,233,336
21,234,260
21,235,3460
21,236,280
21,237,363
21,238,354
21,239,382
21,240,327
21,241,395
21,242,362
21,243,423
21,244,367
21,245,618
21,246,453
21,247,463
21,248,414
21,249,500
21,250,432
21,251,506
21,252,466
21,253,513
21,254,541
21,255,498
21,256,419
22,1,283
22,2,323
22,3,299
22,4,327
22,5,303
22,6,327
22,7,332
22,8,565
22,9,324
22,10,364
22,11,321
22,12,349
22,13,384
22,14,360
22,15,340
22,16,366
22,17,324
22,18,357
22,19,320
22,20,353
22,21,311
22,22,365
22,23,2388
22,24,359
22,25,335
22,26,361
22,27,355
22,28,812
22,29,344
22,30,471
22,31,365
22,32,394
22,33,367
22,34,418
22,35,387
22,36,419
22,37,424
22,38,546
22,39,419
22,40,449
22,41,412
22,42,454
22,43,427
22,44,433
22,45,351
22,46,355
22,47,296
22,48,255
22,49,278
22,50,236
22,51,323
22,52,339
22,53,252
22,54,281
22,55,284
22,56,274
22,57,248
22,58,271
22,59,396
22,60,270
22,61,280
22,62,266
22,63,242
22,64,316
22,65,242
22,66,254
22,67,256
22,68,284
22,69,246
22,70,256
22,71,416
22,72,246
22,73,347
22,74,251
22,75,257
22,76,283
22,77,262
22,78,254
22,79,242
22,80,268
22,81,234
22,82,229
22,83,239
22,84,231
22,85,218
22,86,229
22,87,228
22,88,285
22,89,222
22,90,236
22,91,235
22,92,279
22,93,222
22,94,223
22,95,239
22,96,219
22,97,233
22,98,221
22,99,236
22,100,224
22,101,219
22,102,215
22,103,285
22,104,218
22,105,214
22,106,204
22,107,213
22,108,217
22,109,214
22,110,206
22,111,212
22,112,209
22,113,198
22,114,212
22,115,202
22,116,208
22,117,200
22,118,209
22,119,226
22,120,205
22,121,193
22,122,209
22,123,184
22,124,225
22,125,180
22,126,202
22,127,190
22,128,194
22,129,166
22,130,190
22,131,165
22,132,177
22,133,159
22,134,139
22,135,163
22,136,117
22,137,143
22,138,137
22,139,158
22,140,133
22,141,139
22,142,125
22,143,1507
22,144,423
22,145,159
22,146,125
22,147,145
22,148,216
22,149,146
22,150,141
22,151,145
22,152,140
22,153,145
22,154,133
22,155,186
22,156,148
22,157,187
22,158,161
22,159,166
22,160,197
22,161,182
22,162,150
22,163,155
22,164,150
22,165,155
22,166,155
22,167,159
22,168,151
22,169,163
22,170,172
22,171,188
22,172,156
22,173,170
22,174,187
22,175,160
22,176,154
22,177,173
22,178,193
22,179,1846
22,180,164
22,181,193
22,182,165
22,183,212
22,184,176
22,185,199
22,186,149
22,187,179
22,188,193
22,189,188
22,190,150
22,191,210
22,192,165
22,193,185
22,194,150
22,195,186
22,196,158
22,197,213
22,198,191
22,199,183
22,200,169
22,201,202
22,202,177
22,203,200
22,204,165
22,205,208
22,206,173
22,207,211
22,208,171
22,209,220
22,210,1509
22,211,254
22,212,175
22,213,331
22,214,201
22,215,341
22,216,175
22,217,246
22,218,190
22,219,274
22,220,201
22,221,713
22,222,202
22,223,277
22,224,211
22,225,302
22,226,216
22,227,306
22,228,218
22,229,310
22,230,242
22,231,304
22,232,244
22,233,336
22,234,260
22,235,3460
22,236,280
22,237,363
22,238,354
22,239,382
22,240,327
22,241,395
22,242,362
22,243,423
22,244,367
22,245,618
22,246,453
22,247,463
22,248,414
22,249,500
22,250,432
22,251,506
22,252,466
22,253,513
22,254,541
22,255,498
22,256,419
23,1,282
23,2,322
23,3,302
23,4,328
23,5,301
23,6,327
23,7,331
23,8,564
23,9,323
23,10,364
23,11,321
23,12,349
23,13,386
23,14,362
23,15,339
23,16,366
23,17,322
23,18,358
23,19,320
23,20,353
23,21,312
23,22,366
23,23,2394
23,24,361
23,25,333
23,26,361
23,27,356
23,28,812
23,29,343
23,30,461
23,31,365
23,32,395
23,33,367
23,34,419
23,35,389
23,36,420
23,37,423
23,38,543
23,39,419
23,40,447
23,41,408
23,42,454
23,43,430
23,44,434
23,45,351
23,46,356
23,47,296
23,48,256
23,49,275
23,50,235
23,51,319
23,52,338
23,53,251
23,54,281
23,55,285
23,56,276
23,57,249
23,58,270
23,59,395
23,60,270
23,61,279
23,62,266
23,63,243
23,64,316
23,65,241
23,66,253
23,67,257
23,68,285
23,69,267
23,70,255
23,71,418
23,72,246
23,73,356
23,74,252
23,75,256
23,76,282
23,77,262
23,78,254
23,79,242
23,80,268
23,81,235
23,82,229
23,83,238
23,84,232
23,85,218
23,86,230
23,87,229
23,88,286
23,89,222
23,90,236
23,91,234
23,92,273
23,93,222
23,94,223
23,95,238
23,96,218
23,97,233
23,98,221
23,99,236
23,100,225
23,101,219
23,102,215
23,103,285
23,104,219
23,105,214
23,106,205
23,107,213
23,108,217
23,109,215
23,110,207
23,111,212
23,112,209
23,113,198
23,114,213
23,115,202
23,116,209
23,117,199
23,118,209
23,119,227
23,120,205
23,121,193
23,122,211
23,123,182
23,124,220
23,125,180
23,126,202
23,127,191
23,128,195
23,129,165
23,130,190
23,131,164
23,132,174
23,133,158
23,134,140
23,135,163
23,136,119
23,137,142
23,138,138
23,139,159
23,140,135
23,141,141
23,142,126
23,143,1506
23,144,424
23,145,159
23,146,125
23,147,144
23,148,212
23,149,147
23,150,141
23,151,144
23,152,141
23,153,146
23,154,133
23,155,187
23,156,147
23,157,187
23,158,161
23,159,166
23,160,200
23,161,182
23,162,150
23,163,155
23,164,149
23,165,155
23,166,155
23,167,160
23,168,152
23,169,162
23,170,172
23,171,186
23,172,158
23,173,170
23,174,189
23,175,159
23,176,154
23,177,173
23,178,195
23,179,1845
23,180,164
23,181,191
23,182,165
23,183,210
23,184,175
23,185,199
23,186,148
23,187,174
23,188,193
23,189,188
23,190,150
23,191,209
23,192,165
23,193,186
23,194,150
23,195,185
23,196,157
23,197,214
23,198,190
23,199,185
23,200,169
23,201,200
23,202,177
23,203,199
23,204,163
23,205,207
23,206,174
23,207,213
23,208,173
23,209,221
23,210,1505
23,211,254
23,212,176
23,213,333
23,214,200
23,215,342
23,216,175
23,217,245
23,218,191
23,219,273
23,220,201
23,221,715
23,222,202
23,223,277
23,224,213
23,225,299
23,226,216
23,227,307
23,228,219
23,229,308
23,230,241
23,231,305
23,232,245
23,233,335
23,234,261
23,235,3443
23,236,281
23,237,363
23,238,357
23,239,381
23,240,327
23,241,395
23,242,361
23,243,423
23,244,366
23,245,622
23,246,459
23,247,460
23,248,413
23,249,498
23,250,434
23,251,506
23,252,468
23,253,513
23,254,535
23,255,499
23,256,420
24,1,282
24,2,322
24,3,302
24,4,328
24,5,301
24,6,327
24,7,331
24,8,564
24,9,323
24,10,364
24,11,321
24,12,349
24,13,386
24,14,362
24,15,339
24,16,366
24,17,322
24,18,358
24,19,320
24,20,353
24,21,312
24,22,366
24,23,2394
24,24,361
24,25,333
24,26,361
24,27,356
24,28,812
24,29,343
24,30,461
24,31,365
24,32,395
24,33,367
24,34,419
24,35,389
24,36,420
24,37,423
24,38,543
24,39,419
24,40,447
24,41,408
24,42,454
24,43,430
24,44,434
24,45,351
24,46,356
24,47,296
24,48,256
24,49,275
24,50,235
24,51,319
24,52,338
24,53,251
24,54,281
24,55,285
24,56,276
24,57,249
24,58,270
24,59,395
24,60,270
24,61,279
24,62,266
24,63,243
24,64,316
24,65,241
24,66,253
24,67,257
24,68,285
24,69,267
24,70,255
24,71,418
24,72,246
24,73,356
24,74,252
24,75,256
24,76,282
24,77,262
24,78,254
24,79,242
24,80,268
24,81,235
24,82,229
24,83,238
24,84,232
24,85,218
24,86,230
24,87,229
24,88,286
24,89,222
24,90,236
24,91,234
24,92,273
24,93,222
24,94,223
24,95,238
24,96,218
24,97,233
24,98,221
24,99,236
24,100,225
24,101,219
24,102,215
24,103,285
24,104,219
24,105,214
24,106,205
24,107,213
24,108,217
24,109,215
24,110,207
24,111,212
24,112,209
24,113,198
24,114,213
24,115,202
24,116,209
24,117,199
24,118,209
24,119,227
24,120,205
24,121,193
24,122,211
24,123,182
24,124,220
24,125,180
24,126,202
24,127,191
24,128,195
24,129,165
24,130,190
24,131,164
24,132,174
24,133,158
24,134,140
24,135,163
24,136,119
24,137,142
24,138,138
24,139,159
24,140,135
24,141,141
24,142,126
24,143,1506
24,144,424
24,145,159
24,146,125
24,147,144
24,148,212
24,149,147
24,150,141
24,151,144
24,152,141
24,153,146
24,154,133
24,155,187
24,156,147
24,157,187
24,158,161
24,159,166
24,160,200
24,161,182
24,162,150
24,163,155
24,164,149
24,165,155
24,166,155
24,167,160
24,168,152
24,169,162
24,170,172
24,171,186
24,172,158
24,173,170
24,174,189
24,175,159
24,176,154
24,177,173
24,178,195
24,179,1845
24,180,164
24,181,191
24,182,165
24,183,210
24,184,175
24,185,199
24,186,148
24,187,174
24,188,193
24,189,188
24,190,150
24,191,209
24,192,165
24,193,186
24,194,150
24,195,185
24,196,157
24,197,214
24,198,190
24,199,185
24,200,169
24,201,200
24,202,177
24,203,199
24,204,163
24,205,207
24,206,174
24,207,213
24,208,173
24,209,221
24,210,1505
24,211,254
24,212,176
24,213,333
24,214,200
24,215,342
24,216,175
24,217,245
24,218,191
24,219,273
24,220,201
24,221,715
24,222,202
24,223,277
24,224,213
24,225,299
24,226,216
24,227,307
24,228,219
24,229,308
24,230,241
24,231,305
24,232,245
24,233,335
24,234,261
24,235,3443
24,236,281
24,237,363
24,238,357
24,239,381
24,240,327
24,241,395
24,242,361
24,243,423
24,244,366
24,245,622
24,246,459
24,247,460
24,248,413
24,249,498
24,250,434
24,251,506
24,252,468
24,253,513
24,254,535
24,255,499
24,256,420
25,1,284
25,2,324
25,3,302
25,4,327
25,5,301
25,6,327
25,7,332
25,8,566
25,9,324
25,10,363
25,11,319
25,12,348
25,13,386
25,14,362
25,15,338
25,16,367
25,17,323
25,18,357
25,19,322
25,20,354
25,21,311
25,22,365
25,23,2387
25,24,361
25,25,335
25,26,361
25,27,356
25,28,811
25,29,345
25,30,456
25,31,365
25,32,395
25,33,369
25,34,417
25,35,387
25,36,419
25,37,425
25,38,543
25,39,420
25,40,449
25,41,411
25,42,455
25,43,429
25,44,435
25,45,350
25,46,356
25,47,297
25,48,257
25,49,281
25,50,235
25,51,325
25,52,342
25,53,252
25,54,281
25,55,284
25,56,275
25,57,248
25,58,270
25,59,396
25,60,269
25,61,280
25,62,267
25,63,242
25,64,316
25,65,241
25,66,253
25,67,258
25,68,286
25,69,246
25,70,255
25,71,419
25,72,248
25,73,354
25,74,251
25,75,257
25,76,282
25,77,263
25,78,255
25,79,242
25,80,268
25,81,237
25,82,229
25,83,239
25,84,233
25,85,218
25,86,230
25,87,229
25,88,284
25,89,223
25,90,237
25,91,234
25,92,275
25,93,221
25,94,224
25,95,238
25,96,219
25,97,234
25,98,230
25,99,236
25,100,225
25,101,220
25,102,215
25,103,285
25,104,219
25,105,215
25,106,205
25,107,213
25,108,219
25,109,214
25,110,206
25,111,212
25,112,210
25,113,198
25,114,213
25,115,201
25,116,209
25,117,201
25,118,209
25,119,225
25,120,205
25,121,193
25,122,211
25,123,182
25,124,224
25,125,179
25,126,203
25,127,190
25,128,195
25,129,164
25,130,190
25,131,165
25,132,173
25,133,158
25,134,140
25,135,163
25,136,119
25,137,143
25,138,137
25,139,159
25,140,134
25,141,140
25,142,125
25,143,1509
25,144,425
25,145,161
25,146,125
25,147,145
25,148,211
25,149,147
25,150,142
25,151,145
25,152,140
25,153,146
25,154,132
25,155,186
25,156,147
25,157,187
25,158,161
25,159,164
25,160,202
25,161,181
25,162,149
25,163,155
25,164,149
25,165,155
25,166,156
25,167,158
25,168,151
25,169,163
25,170,173
25,171,186
25,172,156
25,173,168
25,174,190
25,175,160
25,176,155
25,177,172
25,178,191
25,179,1841
25,180,165
25,181,191
25,182,165
25,183,209
25,184,176
25,185,199
25,186,149
25,187,174
25,188,193
25,189,188
25,190,149
25,191,209
25,192,165
25,193,187
25,194,152
25,195,186
25,196,159
25,197,213
25,198,189
25,199,184
25,200,169
25,201,201
25,202,177
25,203,200
25,204,164
25,205,207
25,206,174
25,207,211
25,208,173
25,209,219
25,210,1507
25,211,254
25,212,175
25,213,330
25,214,201
25,215,340
25,216,175
25,217,245
25,218,190
25,219,273
25,220,202
25,221,714
25,222,202
25,223,277
25,224,213
25,225,300
25,226,218
25,227,306
25,228,218
25,229,309
25,230,241
25,231,304
25,232,244
25,233,338
25,234,260
25,235,3469
25,236,280
25,237,362
25,238,356
25,239,380
25,240,327
25,241,396
25,242,362
25,243,425
25,244,367
25,245,621
25,246,457
25,247,461
25,248,412
25,249,500
25,250,433
25,251,509
25,252,467
25,253,513
25,254,540
25,255,501
25,256,419
26,1,284
26,2,324
26,3,302
26,4,327
26,5,301
26,6,327
26,7,332
26,8,566
26,9,324
26,10,363
26,11,319
26,12,348
26,13,386
26,14,362
26,15,338
26,16,367
26,17,323
26,18,357
26,19,322
26,20,354
26,21,311
26,22,365
26,23,2387
26,24,361
26,25,335
26,26,361
26,27,356
26,28,811
26,29,345
26,30,456
26,31,365
26,32,395
26,33,369
26,34,417
26,35,387
26,36,419
26,37,425
26,38,543
26,39,420
26,40,449
26,41,411
26,42,455
26,43,429
26,44,435
26,45,350
26,46,356
26,47,297
26,48,257
26,49,281
26,50,235
26,51,325
26,52,342
26,53,252
26,54,281
26,55,284
26,56,275
26,57,248
26,58,270
26,59,396
26,60,269
26,61,280
26,62,267
26,63,242
26,64,316
26,65,241
26,66,253
26,67,258
26,68,286
26,69,246
26,70,255
26,71,419
26,72,248
26,73,354
26,74,251
26,75,257
26,76,282
26,77,263
26,78,255
26,79,242
26,80,268
26,81,237
26,82,229
26,83,239
26,84,233
26,85,218
26,86,230
26,87,229
26,88,284
26,89,223
26,90,237
26,91,234
26,92,275
26,93,221
26,94,224
26,95,238
26,96,219
26,97,234
26,98,230
26,99,236
26,100,225
26,101,220
26,102,215
26,103,285
26,104,219
26,105,215
26,106,205
26,107,213
26,108,219
26,109,214
26,110,206
26,111,212
26,112,210
26,113,198
26,114,213
26,115,201
26,116,209
26,117,201
26,118,209
26,119,225
26,120,205
26,121,193
26,122,211
26,123,182
26,124,224
26,125,179
26,126,203
26,127,190
26,128,195
26,129,164
26,130,190
26,131,165
26,132,173
26,133,158
26,134,140
26,135,163
26,136,119
26,137,143
26,138,137
26,139,159
26,140,134
26,141,140
26,142,125
26,143,1509
26,144,425
26,145,161
26,146,125
26,147,145
26,148,211
26,149,147
26,150,142
26,151,145
26,152,140
26,153,146
26,154,132
26,155,186
26,156,147
26,157,187
26,158,161
26,159,164
26,160,202
26,161,181
26,162,149
26,163,155
26,164,149
26,165,155
26,166,156
26,167,158
26,168,151
26,169,163
26,170,173
26,171,186
26,172,156
26,173,168
26,174,190
26,175,160
26,176,155
26,177,172
26,178,191
26,179,1841
26,180,165
26,181,191
26,182,165
26,183,209
26,184,176
26,185,199
26,186,149
26,187,174
26,188,193
26,189,188
26,190,149
26,191,209
26,192,165
26,193,187
26,194,152
26,195,186
26,196,159
26,197,213
26,198,189
26,199,184
26,200,169
26,201,201
26,202,177
26,203,200
26,204,164
26,205,207
26,206,174
26,207,211
26,208,173
26,209,219
26,210,1507
26,211,254
26,212,175
26,213,330
26,214,201
26,215,340
26,216,175
26,217,245
26,218,190
26,219,273
26,220,202
26,221,714
26,222,202
26,223,277
26,224,213
26,225,300
26,226,218
26,227,306
26,228,218
26,229,309
26,230,241
26,231,304
26,232,244
26,233,338
26,234,260
26,235,3469
26,236,280
26,237,362
26,238,356
26,239,380
26,240,327
26,241,396
26,242,362
26,243,425
26,244,367
26,245,621
26,246,457
26,247,461
26,248,412
26,249,500
26,250,433
26,251,509
26,252,467
26,253,513
26,254,540
26,255,501
26,256,419
27,1,282
27,2,322
27,3,301
27,4,326
27,5,302
27,6,328
27,7,331
27,8,562
27,9,323
27,10,363
27,11,319
27,12,349
27,13,386
27,14,360
27,15,340
27,16,365
27,17,323
27,18,357
27,19,319
27,20,353
27,21,311
27,22,366
27,23,2392
27,24,361
27,25,333
27,26,361
27,27,354
27,28,811
27,29,344
27,30,471
27,31,365
27,32,396
27,33,368
27,34,416
27,35,388
27,36,420
27,37,423
27,38,546
27,39,419
27,40,449
27,41,410
27,42,454
27,43,429
27,44,434
27,45,350
27,46,355
27,47,296
27,48,257
27,49,279
27,50,234
27,51,322
27,52,342
27,53,251
27,54,279
27,55,285
27,56,274
27,57,248
27,58,269
27,59,396
27,60,270
27,61,280
27,62,266
27,63,241
27,64,316
27,65,240
27,66,254
27,67,258
27,68,285
27,69,245
27,70,257
27,71,415
27,72,246
27,73,355
27,74,250
27,75,256
27,76,280
27,77,263
27,78,254
27,79,242
27,80,267
27,81,234
27,82,229
27,83,237
27,84,232
27,85,219
27,86,232
27,87,227
27,88,286
27,89,222
27,90,236
27,91,234
27,92,273
27,93,220
27,94,223
27,95,238
27,96,219
27,97,234
27,98,221
27,99,236
27,100,224
27,101,220
27,102,215
27,103,287
27,104,219
27,105,214
27,106,202
27,107,213
27,108,217
27,109,213
27,110,206
27,111,212
27,112,209
27,113,198
27,114,212
27,115,201
27,116,208
27,117,198
27,118,208
27,119,226
27,120,205
27,121,192
27,122,212
27,123,182
27,124,224
27,125,179
27,126,202
27,127,190
27,128,194
27,129,165
27,130,191
27,131,165
27,132,173
27,133,158
27,134,139
27,135,163
27,136,118
27,137,144
27,138,137
27,139,158
27,140,133
27,141,139
27,142,124
27,143,1506
27,144,425
27,145,159
27,146,125
27,147,144
27,148,209
27,149,146
27,150,141
27,151,145
27,152,139
27,153,146
27,154,131
27,155,186
27,156,147
27,157,187
27,158,160
27,159,165
27,160,200
27,161,182
27,162,149
27,163,154
27,164,148
27,165,155
27,166,154
27,167,158
27,168,151
27,169,162
27,170,172
27,171,186
27,172,155
27,173,170
27,174,192
27,175,159
27,176,154
27,177,172
27,178,193
27,179,1841
27,180,165
27,181,193
27,182,165
27,183,209
27,184,175
27,185,198
27,186,147
27,187,174
27,188,190
27,189,187
27,190,149
27,191,209
27,192,164
27,193,185
27,194,151
27,195,185
27,196,158
27,197,211
27,198,190
27,199,183
27,200,169
27,201,201
27,202,176
27,203,198
27,204,163
27,205,205
27,206,173
27,207,211
27,208,172
27,209,219
27,210,1507
27,211,254
27,212,176
27,213,331
27,214,201
27,215,346
27,216,175
27,217,245
27,218,190
27,219,273
27,220,201
27,221,715
27,222,201
27,223,277
27,224,212
27,225,300
27,226,216
27,227,305
27,228,218
27,229,308
27,230,241
27,231,303
27,232,246
27,233,335
27,234,260
27,235,3471
27,236,278
27,237,363
27,238,353
27,239,380
27,240,326
27,241,396
27,242,362
27,243,424
27,244,367
27,245,618
27,246,466
27,247,462
27,248,412
27,249,498
27,250,434
27,251,507
27,252,468
27,253,510
27,254,540
27,255,497
27,256,420
28,1,282
28,2,322
28,3,301
28,4,326
28,5,302
28,6,328
28,7,331
28,8,562
28,9,323
28,10,363
28,11,319
28,12,349
28,13,386
28,14,360
28,15,340
28,16,365
28,17,323
28,18,357
28,19,319
28,20,353
28,21,311
28,22,366
28,23,2392
28,24,361
28,25,333
28,26,361
28,27,354
28,28,811
28,29,344
28,30,471
28,31,365
28,32,396
28,33,368
28,34,416
28,35,388
28,36,420
28,37,423
28,38,546
28,39,419
28,40,449
28,41,410
28,42,454
28,43,429
28,44,434
28,45,350
28,46,355
28,47,296
28,48,257
28,49,279
28,50,234
28,51,322
28,52,342
28,53,251
28,54,279
28,55,285
28,56,274
28,57,248
28,58,269
28,59,396
28,60,270
28,61,280
28,62,266
28,63,241
28,64,316
28,65,240
28,66,254
28,67,258
28,68,285
28,69,245
28,70,257
28,71,415
28,72,246
28,73,355
28,74,250
28,75,256
28,76,280
28,77,263
28,78,254
28,79,242
28,80,267
28,81,234
28,82,229
28,83,237
28,84,232
28,85,219
28,86,232
28,87,227
28,88,286
28,89,222
28,90,236
28,91,234
28,92,273
28,93,220
28,94,223
28,95,238
28,96,219
28,97,234
28,98,221
28,99,236
28,100,224
28,101,220
28,102,215
28,103,287
28,104,219
28,105,214
28,106,202
28,107,213
28,108,217
28,109,213
28,110,206
28,111,212
28,112,209
28,113,198
28,114,212
28,115,201
28,116,208
28,117,198
28,118,208
28,119,226
28,120,205
28,121,192
28,122,212
28,123,182
28,124,224
28,125,179
28,126,202
28,127,190
28,128,194
28,129,165
28,130,191
28,131,165
28,132,173
28,133,158
28,134,139
28,135,163
28,136,118
28,137,144
28,138,137
28,139,158
28,140,133
28,141,139
28,142,124
28,143,1506
28,144,425
28,145,159
28,146,125
28,147,144
28,148,209
28,149,146
28,150,141
28,151,145
28,152,139
28,153,146
28,154,131
28,155,186
28,156,147
28,157,187
28,158,160
28,159,165
28,160,200
28,161,182
28,162,149
28,163,154
28,164,148
28,165,155
28,166,154
28,167,158
28,168,151
28,169,162
28,170,172
28,171,186
28,172,155
28,173,170
28,174,192
28,175,159
28,176,154
28,177,172
28,178,193
28,179,1841
28,180,165
28,181,193
28,182,165
28,183,209
28,184,175
28,185,198
28,186,147
28,187,174
28,188,190
28,189,187
28,190,149
28,191,209
28,192,164
28,193,185
28,194,151
28,195,185
28,196,158
28,197,211
28,198,190
28,199,183
28,200,169
28,201,201
28,202,176
28,203,198
28,204,163
28,205,205
28,206,173
28,207,211
28,208,172
28,209,219
28,210,1507
28,211,254
28,212,176
28,213,331
28,214,201
28,215,346
28,216,175
28,217,245
28,218,190
28,219,273
28,220,201
28,221,715
28,222,201
28,223,277
28,224,212
28,225,300
28,226,216
28,227,305
28,228,218
28,229,308
28,230,241
28,231,303
28,232,246
28,233,335
28,234,260
28,235,3471
28,236,278
28,237,363
28,238,353
28,239,380
28,240,326
28,241,396
28,242,362
28,243,424
28,244,367
28,245,618
28,246,466
28,247,462
28,248,412
28,249,498
28,250,434
28,251,507
28,252,468
28,253,510
28,254,540
28,255,497
28,256,420
29,1,285
29,2,324
29,3,300
29,4,328
29,5,302
29,6,326
29,7,333
29,8,565
29,9,324
29,10,363
29,11,320
29,12,350
29,13,385
29,14,361
29,15,340
29,16,366
29,17,324
29,18,358
29,19,320
29,20,353
29,21,311
29,22,366
29,23,2403
29,24,360
29,25,335
29,26,361
29,27,355
29,28,811
29,29,343
29,30,460
29,31,365
29,32,396
29,33,368
29,34,418
29,35,388
29,36,421
29,37,427
29,38,548
29,39,420
29,40,450
29,41,413
29,42,453
29,43,429
29,44,435
29,45,351
29,46,357
29,47,296
29,48,257
29,49,275
29,50,236
29,51,320
29,52,342
29,53,252
29,54,281
29,55,283
29,56,275
29,57,248
29,58,271
29,59,396
29,60,269
29,61,279
29,62,267
29,63,241
29,64,318
29,65,242
29,66,254
29,67,258
29,68,284
29,69,244
29,70,256
29,71,418
29,72,247
29,73,359
29,74,251
29,75,257
29,76,283
29,77,263
29,78,253
29,79,242
29,80,267
29,81,235
29,82,229
29,83,239
29,84,232
29,85,219
29,86,233
29,87,229
29,88,285
29,89,222
29,90,236
29,91,233
29,92,273
29,93,222
29,94,224
29,95,237
29,96,219
29,97,234
29,98,224
29,99,237
29,100,224
29,101,219
29,102,216
29,103,285
29,104,219
29,105,214
29,106,204
29,107,213
29,108,218
29,109,214
29,110,207
29,111,211
29,112,210
29,113,198
29,114,213
29,115,201
29,116,209
29,117,198
29,118,208
29,119,227
29,120,205
29,121,194
29,122,214
29,123,183
29,124,226
29,125,180
29,126,202
29,127,190
29,128,196
29,129,165
29,130,193
29,131,165
29,132,173
29,133,158
29,134,140
29,135,162
29,136,119
29,137,144
29,138,139
29,139,159
29,140,134
29,141,139
29,142,125
29,143,1506
29,144,426
29,145,160
29,146,126
29,147,144
29,148,212
29,149,147
29,150,141
29,151,145
29,152,141
29,153,146
29,154,133
29,155,186
29,156,147
29,157,187
29,158,161
29,159,165
29,160,198
29,161,181
29,162,149
29,163,155
29,164,149
29,165,155
29,166,156
29,167,158
29,168,151
29,169,163
29,170,173
29,171,186
29,172,156
29,173,170
29,174,186
29,175,160
29,176,155
29,177,172
29,178,197
29,179,1846
29,180,163
29,181,193
29,182,166
29,183,210
29,184,176
29,185,199
29,186,149
29,187,174
29,188,192
29,189,188
29,190,151
29,191,210
29,192,164
29,193,186
29,194,152
29,195,186
29,196,159
29,197,214
29,198,190
29,199,183
29,200,167
29,201,202
29,202,177
29,203,200
29,204,164
29,205,208
29,206,173
29,207,212
29,208,173
29,209,220
29,210,1508
29,211,255
29,212,176
29,213,331
29,214,201
29,215,347
29,216,175
29,217,245
29,218,189
29,219,273
29,220,203
29,221,709
29,222,200
29,223,278
29,224,212
29,225,301
29,226,217
29,227,306
29,228,219
29,229,310
29,230,241
29,231,305
29,232,245
29,233,335
29,234,259
29,235,3471
29,236,281
29,237,363
29,238,355
29,239,381
29,240,326
29,241,396
29,242,362
29,243,423
29,244,367
29,245,619
29,246,450
29,247,462
29,248,414
29,249,498
29,250,432
29,251,507
29,252,466
29,253,512
29,254,539
29,255,500
29,256,419
30,1,285
30,2,324
30,3,300
30,4,328
30,5,302
30,6,326
30,7,333
30,8,565
30,9,324
30,10,363
30,11,320
30,12,350
30,13,385
30,14,361
30,15,340
30,16,366
30,17,324
30,18,358
30,19,320
30,20,353
30,21,311
30,22,366
30,23,2403
30,24,360
30,25,335
30,26,361
30,27,355
30,28,811
30,29,343
30,30,460
30,31,365
30,32,396
30,33,368
30,34,418
30,35,388
30,36,421
30,37,427
30,38,548
30,39,420
30,40,450
30,41,413
30,42,453
30,43,429
30,44,435
30,45,351
30,46,357
30,47,296
30,48,257
30,49,275
30,50,236
30,51,320
30,52,342
30,53,252
30,54,281
30,55,283
30,56,275
30,57,248
30,58,271
30,59,396
30,60,269
30,61,279
30,62,267
30,63,241
30,64,318
30,65,242
30,66,254
30,67,258
30,68,284
30,69,244
30,70,256
30,71,418
30,72,247
30,73,359
30,74,251
30,75,257
30,76,283
30,77,263
30,78,253
30,79,242
30,80,267
30,81,235
30,82,229
30,83,239
30,84,232
30,85,219
30,86,233
30,87,229
30,88,285
30,89,222
30,90,236
30,91,233
30,92,273
30,93,222
30,94,224
30,95,237
30,96,219
30,97,234
30,98,224
30,99,237
30,100,224
30,101,219
30,102,216
30,103,285
30,104,219
30,105,214
30,106,204
30,107,213
30,108,218
30,109,214
30,110,207
30,111,211
30,112,210
30,113,198
30,114,213
30,115,201
30,116,209
30,117,198
30,118,208
30,119,227
30,120,205
30,121,194
30,122,214
30,123,183
30,124,226
30,125,180
30,126,202
30,127,190
30,128,196
30,129,165
30,130,193
30,131,165
30,132,173
30,133,158
30,134,140
30,135,162
30,136,119
30,137,144
30,138,139
30,139,159
30,140,134
30,141,139
30,142,125
30,143,1506
30,144,426
30,145,160
30,146,126
30,147,144
30,148,212
30,149,147
30,150,141
30,151,145
30,152,141
30,153,146
30,154,133
30,155,186
30,156,147
30,157,187
30,158,161
30,159,165
30,160,198
30,161,181
30,162,149
30,163,155
30,164,149
30,165,155
30,166,156
30,167,158
30,168,151
30,169,163
30,170,173
30,171,186
30,172,156
30,173,170
30,174,186
30,175,160
30,176,155
30,177,172
30,178,197
30,179,1846
30,180,163
30,181,193
30,182,166
30,183,210
30,184,176
30,185,199
30,186,149
30,187,174
30,188,192
30,189,188
30,190,151
30,191,210
30,192,164
30,193,186
30,194,152
30,195,186
30,196,159
30,197,214
30,198,190
30,199,183
30,200,167
30,201,202
30,202,177
30,203,200
30,204,164
30,205,208
30,206,173
30,207,212
30,208,173
30,209,220
30,210,1508
30,211,255
30,212,176
30,213,331
30,214,201
30,215,347
30,216,175
30,217,245
30,218,189
30,219,273
30,220,203
30,221,709
30,222,200
30,223,278
30,224,212
30,225,301
30,226,217
30,227,306
30,228,219
30,229,310
30,230,241
30,231,305
30,232,245
30,233,335
30,234,259
30,235,3471
30,236,281
30,237,363
30,238,355
30,239,381
30,240,326
30,241,396
30,242,362
30,243,423
30,244,367
30,245,619
30,246,450
30,247,462
30,248,414
30,249,498
30,250,432
30,251,507
30,252,466
30,253,512
30,254,539
30,255,500
30,256,419
31,1,282
31,2,322
31,3,302
31,4,327
31,5,301
31,6,327
31,7,332
31,8,558
31,9,322
31,10,362
31,11,321
31,12,349
31,13,385
31,14,362
31,15,341
31,16,366
31,17,324
31,18,358
31,19,321
31,20,354
31,21,313
31,22,366
31,23,2401
31,24,361
31,25,335
31,26,361
31,27,356
31,28,811
31,29,343
31,30,458
31,31,367
31,32,397
31,33,367
31,34,418
31,35,387
31,36,420
31,37,425
31,38,542
31,39,417
31,40,449
31,41,413
31,42,456
31,43,429
31,44,434
31,45,351
31,46,356
31,47,297
31,48,257
31,49,279
31,50,236
31,51,323
31,52,335
31,53,253
31,54,281
31,55,285
31,56,275
31,57,249
31,58,271
31,59,397
31,60,271
31,61,279
31,62,268
31,63,242
31,64,314
31,65,242
31,66,254
31,67,258
31,68,285
31,69,243
31,70,256
31,71,418
31,72,247
31,73,355
31,74,251
31,75,256
31,76,282
31,77,262
31,78,255
31,79,243
31,80,267
31,81,235
31,82,228
31,83,240
31,84,234
31,85,218
31,86,230
31,87,229
31,88,285
31,89,223
31,90,237
31,91,236
31,92,273
31,93,222
31,94,224
31,95,237
31,96,220
31,97,235
31,98,221
31,99,235
31,100,225
31,101,221
31,102,217
31,103,294
31,104,220
31,105,214
31,106,204
31,107,214
31,108,219
31,109,213
31,110,206
31,111,212
31,112,210
31,113,198
31,114,213
31,115,202
31,116,209
31,117,200
31,118,209
31,119,228
31,120,207
31,121,193
31,122,212
31,123,183
31,124,225
31,125,181
31,126,201
31,127,190
31,128,195
31,129,166
31,130,193
31,131,165
31,132,174
31,133,160
31,134,140
31,135,162
31,136,118
31,137,144
31,138,139
31,139,159
31,140,134
31,141,140
31,142,124
31,143,1507
31,144,424
31,145,159
31,146,126
31,147,144
31,148,211
31,149,147
31,150,141
31,151,146
31,152,140
31,153,146
31,154,134
31,155,187
31,156,163
31,157,195
31,158,161
31,159,166
31,160,199
31,161,181
31,162,149
31,163,155
31,164,149
31,165,156
31,166,155
31,167,159
31,168,151
31,169,163
31,170,173
31,171,186
31,172,156
31,173,169
31,174,187
31,175,159
31,176,156
31,177,173
31,178,194
31,179,1845
31,180,165
31,181,192
31,182,166
31,183,209
31,184,175
31,185,198
31,186,150
31,187,174
31,188,193
31,189,189
31,190,149
31,191,210
31,192,164
31,193,185
31,194,150
31,195,186
31,196,159
31,197,215
31,198,190
31,199,184
31,200,168
31,201,203
31,202,179
31,203,199
31,204,164
31,205,207
31,206,173
31,207,214
31,208,174
31,209,219
31,210,1506
31,211,256
31,212,175
31,213,329
31,214,199
31,215,349
31,216,175
31,217,245
31,218,190
31,219,275
31,220,201
31,221,714
31,222,203
31,223,279
31,224,212
31,225,301
31,226,217
31,227,307
31,228,219
31,229,308
31,230,240
31,231,303
31,232,245
31,233,337
31,234,260
31,235,3463
31,236,279
31,237,362
31,238,354
31,239,381
31,240,327
31,241,395
31,242,361
31,243,424
31,244,367
31,245,618
31,246,453
31,247,460
31,248,412
31,249,500
31,250,434
31,251,507
31,252,467
31,253,511
31,254,530
31,255,501
31,256,420
32,1,282
32,2,322
32,3,302
32,4,327
32,5,301
32,6,327
32,7,332
32,8,558
32,9,322
32,10,362
32,11,321
32,12,349
32,13,385
32,14,362
32,15,341
32,16,366
32,17,324
32,18,358
32,19,321
32,20,354
32,21,313
32,22,366
32,23,2401
32,24,361
32,25,335
32,26,361
32,27,356
32,28,811
32,29,343
32,30,458
32,31,367
32,32,397
32,33,367
32,34,418
32,35,387
32,36,420
32,37,425
32,38,542
32,39,417
32,40,449
32,41,413
32,42,456
32,43,429
32,44,434
32,45,351
32,46,356
32,47,297
32,48,257
32,49,279
32,50,236
32,51,323
32,52,335
32,53,253
32,54,281
32,55,285
32,56,275
32,57,249
32,58,271
32,59,397
32,60,271
32,61,279
32,62,268
32,63,242
32,64,314
32,65,242
32,66,254
32,67,258
32,68,285
32,69,243
32,70,256
32,71,418
32,72,247
32,73,355
32,74,251
32,75,256
32,76,282
32,77,262
32,78,255
32,79,243
32,80,267
32,81,235
32,82,228
32,83,240
32,84,234
32,85,218
32,86,230
32,87,229
32,88,285
32,89,223
32,90,237
32,91,236
32,92,273
32,93,222
32,94,224
32,95,237
32,96,220
32,97,235
32,98,221
32,99,235
32,100,225
32,101,221
32,102,217
32,103,294
32,104,220
32,105,214
32,106,204
32,107,214
32,108,219
32,109,213
32,110,206
32,111,212
32,112,210
32,113,198
32,114,213
32,115,202
32,116,209
32,117,200
32,118,209
32,119,228
32,120,207
32,121,193
32,122,212
32,123,183
32,124,225
32,125,181
32,126,201
32,127,190
32,128,195
32,129,166
32,130,193
32,131,165
32,132,174
32,133,160
32,134,140
32,135,162
32,136,118
32,137,144
32,138,139
32,139,159
32,140,134
32,141,140
32,142,124
32,143,1507
32,144,424
32,145,159
32,146,126
32,147,144
32,148,211
32,149,147
32,150,141
32,151,146
32,152,140
32,153,146
32,154,134
32,155,187
32,156,163
32,157,195
32,158,161
32,159,166
32,160,199
32,161,181
32,162,149
32,163,155
32,164,149
32,165,156
32,166,155
32,167,159
32,168,151
32,169,163
32,170,173
32,171,186
32,172,156
32,173,169
32,174,187
32,175,159
32,176,156
32,177,173
32,178,194
32,179,1845
32,180,165
32,181,192
32,182,166
32,183,209
32,184,175
32,185,198
32,186,150
32,187,174
32,188,193
32,189,189
32,190,149
32,191,210
32,192,164
32,193,185
32,194,150
32,195,186
32,196,159
32,197,215
32,198,190
32,199,184
32,200,168
32,201,203
32,202,179
32,203,199
32,204,164
32,205,207
32,206,173
32,207,214
32,208,174
32,209,219
32,210,1506
32,211,256
32,212,175
32,213,329
32,214,199
32,215,349
32,216,175
32,217,245
32,218,190
32,219,275
32,220,201
32,221,714
32,222,203
32,223,279
32,224,212
32,225,301
32,226,217
32,227,307
32,228,219
32,229,308
32,230,240
32,231,303
32,232,245
32,233,337
32,234,260
32,235,3463
32,236,279
32,237,362
32,238,354
32,239,381
32,240,327
32,241,395
32,242,361
32,243,424
32,244,367
32,245,618
32,246,453
32,247,460
32,248,412
32,249,500
32,250,434
32,251,507
32,252,467
32,253,511
32,254,530
32,255,501
32,256,420
