Line,Band,Value
1,1,284
1,2,325
1,3,299
1,4,329
1,5,302
1,6,329
1,7,331
1,8,565
1,9,323
1,10,366
1,11,322
1,12,352
1,13,388
1,14,364
1,15,342
1,16,368
1,17,325
1,18,359
1,19,321
1,20,356
1,21,314
1,22,367
1,23,2407
1,24,363
1,25,337
1,26,365
1,27,358
1,28,816
1,29,348
1,30,468
1,31,372
1,32,406
1,33,378
1,34,430
1,35,401
1,36,435
1,37,443
1,38,564
1,39,440
1,40,470
1,41,433
1,42,476
1,43,457
1,44,458
1,45,374
1,46,378
1,47,319
1,48,265
1,49,284
1,50,242
1,51,330
1,52,353
1,53,265
1,54,293
1,55,294
1,56,287
1,57,259
1,58,282
1,59,407
1,60,279
1,61,289
1,62,278
1,63,251
1,64,327
1,65,248
1,66,262
1,67,264
1,68,294
1,69,252
1,70,264
1,71,425
1,72,256
1,73,361
1,74,258
1,75,263
1,76,289
1,77,268
1,78,260
1,79,250
1,80,274
1,81,241
1,82,237
1,83,243
1,84,239
1,85,224
1,86,236
1,87,234
1,88,290
1,89,227
1,90,243
1,91,237
1,92,277
1,93,226
1,94,229
1,95,242
1,96,224
1,97,240
1,98,226
1,99,241
1,100,230
1,101,224
1,102,221
1,103,291
1,104,224
1,105,218
1,106,209
1,107,216
1,108,221
1,109,218
1,110,210
1,111,216
1,112,214
1,113,203
1,114,217
1,115,205
1,116,212
1,117,202
1,118,211
1,119,228
1,120,208
1,121,195
1,122,213
1,123,186
1,124,228
1,125,182
1,126,206
1,127,193
1,128,199
1,129,167
1,130,195
1,131,166
1,132,176
1,133,160
1,134,142
1,135,164
1,136,119
1,137,144
1,138,139
1,139,160
1,140,135
1,141,141
1,142,126
1,143,1518
1,144,426
1,145,161
1,146,127
1,147,145
1,148,213
1,149,146
1,150,142
1,151,146
1,152,141
1,153,147
1,154,134
1,155,186
1,156,147
1,157,187
1,158,161
1,159,167
1,160,200
1,161,182
1,162,151
1,163,155
1,164,149
1,165,155
1,166,156
1,167,159
1,168,151
1,169,163
1,170,173
1,171,186
1,172,158
1,173,170
1,174,191
1,175,160
1,176,156
1,177,171
1,178,192
1,179,1847
1,180,165
1,181,191
1,182,167
1,183,210
1,184,176
1,185,201
1,186,149
1,187,173
1,188,192
1,189,187
1,190,150
1,191,209
1,192,165
1,193,186
1,194,152
1,195,185
1,196,159
1,197,212
1,198,192
1,199,183
1,200,169
1,201,200
1,202,178
1,203,198
1,204,164
1,205,208
1,206,173
1,207,211
1,208,174
1,209,220
1,210,1507
1,211,254
1,212,174
1,213,334
1,214,202
1,215,348
1,216,176
1,217,246
1,218,190
1,219,273
1,220,201
1,221,712
1,222,201
1,223,276
1,224,212
1,225,299
1,226,217
1,227,307
1,228,219
1,229,309
1,230,242
1,231,305
1,232,245
1,233,337
1,234,260
1,235,3456
1,236,278
1,237,361
1,238,353
1,239,384
1,240,326
1,241,396
1,242,363
1,243,422
1,244,368
1,245,622
1,246,466
1,247,462
1,248,414
1,249,500
1,250,434
1,251,505
1,252,468
1,253,512
1,254,534
1,255,510
1,256,422
2,1,284
2,2,325
2,3,299
2,4,329
2,5,302
2,6,329
2,7,331
2,8,565
2,9,323
2,10,366
2,11,322
2,12,352
2,13,388
2,14,364
2,15,342
2,16,368
2,17,325
2,18,359
2,19,321
2,20,356
2,21,314
2,22,367
2,23,2407
2,24,363
2,25,337
2,26,365
2,27,358
2,28,816
2,29,348
2,30,468
2,31,372
2,32,406
2,33,378
2,34,430
2,35,401
2,36,435
2,37,443
2,38,564
2,39,440
2,40,470
2,41,433
2,42,476
2,43,457
2,44,458
2,45,374
2,46,378
2,47,319
2,48,265
2,49,284
2,50,242
2,51,330
2,52,353
2,53,265
2,54,293
2,55,294
2,56,287
2,57,259
2,58,282
2,59,407
2,60,279
2,61,289
2,62,278
2,63,251
2,64,327
2,65,248
2,66,262
2,67,264
2,68,294
2,69,252
2,70,264
2,71,425
2,72,256
2,73,361
2,74,258
2,75,263
2,76,289
2,77,268
2,78,260
2,79,250
2,80,274
2,81,241
2,82,237
2,83,243
2,84,239
2,85,224
2,86,236
2,87,234
2,88,290
2,89,227
2,90,243
2,91,237
2,92,277
2,93,226
2,94,229
2,95,242
2,96,224
2,97,240
2,98,226
2,99,241
2,100,230
2,101,224
2,102,221
2,103,291
2,104,224
2,105,218
2,106,209
2,107,216
2,108,221
2,109,218
2,110,210
2,111,216
2,112,214
2,113,203
2,114,217
2,115,205
2,116,212
2,117,202
2,118,211
2,119,228
2,120,208
2,121,195
2,122,213
2,123,186
2,124,228
2,125,182
2,126,206
2,127,193
2,128,199
2,129,167
2,130,195
2,131,166
2,132,176
2,133,160
2,134,142
2,135,164
2,136,119
2,137,144
2,138,139
2,139,160
2,140,135
2,141,141
2,142,126
2,143,1518
2,144,426
2,145,161
2,146,127
2,147,145
2,148,213
2,149,146
2,150,142
2,151,146
2,152,141
2,153,147
2,154,134
2,155,186
2,156,147
2,157,187
2,158,161
2,159,167
2,160,200
2,161,182
2,162,151
2,163,155
2,164,149
2,165,155
2,166,156
2,167,159
2,168,151
2,169,163
2,170,173
2,171,186
2,172,158
2,173,170
2,174,191
2,175,160
2,176,156
2,177,171
2,178,192
2,179,1847
2,180,165
2,181,191
2,182,167
2,183,210
2,184,176
2,185,201
2,186,149
2,187,173
2,188,192
2,189,187
2,190,150
2,191,209
2,192,165
2,193,186
2,194,152
2,195,185
2,196,159
2,197,212
2,198,192
2,199,183
2,200,169
2,201,200
2,202,178
2,203,198
2,204,164
2,205,208
2,206,173
2,207,211
2,208,174
2,209,220
2,210,1507
2,211,254
2,212,174
2,213,334
2,214,202
2,215,348
2,216,176
2,217,246
2,218,190
2,219,273
2,220,201
2,221,712
2,222,201
2,223,276
2,224,212
2,225,299
2,226,217
2,227,307
2,228,219
2,229,309
2,230,242
2,231,305
2,232,245
2,233,337
2,234,260
2,235,3456
2,236,278
2,237,361
2,238,353
2,239,384
2,240,326
2,241,396
2,242,363
2,243,422
2,244,368
2,245,622
2,246,466
2,247,462
2,248,414
2,249,500
2,250,434
2,251,505
2,252,468
2,253,512
2,254,534
2,255,510
2,256,422
3,1,284
3,2,323
3,3,300
3,4,329
3,5,302
3,6,328
3,7,332
3,8,553
3,9,324
3,10,365
3,11,322
3,12,351
3,13,388
3,14,363
3,15,343
3,16,367
3,17,326
3,18,358
3,19,322
3,20,353
3,21,313
3,22,367
3,23,2405
3,24,363
3,25,338
3,26,363
3,27,358
3,28,814
3,29,348
3,30,478
3,31,389
3,32,405
3,33,379
3,34,428
3,35,402
3,36,435
3,37,442
3,38,560
3,39,439
3,40,469
3,41,433
3,42,477
3,43,459
3,44,458
3,45,375
3,46,377
3,47,321
3,48,266
3,49,285
3,50,242
3,51,328
3,52,352
3,53,265
3,54,293
3,55,293
3,56,287
3,57,259
3,58,282
3,59,405
3,60,280
3,61,291
3,62,277
3,63,250
3,64,323
3,65,249
3,66,262
3,67,264
3,68,294
3,69,252
3,70,262
3,71,426
3,72,254
3,73,358
3,74,256
3,75,263
3,76,289
3,77,269
3,78,261
3,79,249
3,80,275
3,81,242
3,82,235
3,83,246
3,84,236
3,85,225
3,86,235
3,87,235
3,88,290
3,89,227
3,90,241
3,91,240
3,92,276
3,93,228
3,94,229
3,95,241
3,96,223
3,97,239
3,98,225
3,99,241
3,100,229
3,101,225
3,102,220
3,103,291
3,104,222
3,105,218
3,106,207
3,107,217
3,108,221
3,109,217
3,110,209
3,111,218
3,112,213
3,113,202
3,114,217
3,115,205
3,116,211
3,117,203
3,118,212
3,119,228
3,120,208
3,121,196
3,122,213
3,123,188
3,124,227
3,125,184
3,126,204
3,127,193
3,128,197
3,129,167
3,130,195
3,131,167
3,132,176
3,133,161
3,134,141
3,135,163
3,136,118
3,137,144
3,138,138
3,139,159
3,140,134
3,141,140
3,142,126
3,143,1519
3,144,424
3,145,162
3,146,126
3,147,145
3,148,213
3,149,147
3,150,141
3,151,146
3,152,139
3,153,147
3,154,133
3,155,186
3,156,147
3,157,186
3,158,160
3,159,166
3,160,200
3,161,182
3,162,148
3,163,156
3,164,148
3,165,156
3,166,155
3,167,159
3,168,151
3,169,163
3,170,172
3,171,187
3,172,156
3,173,169
3,174,190
3,175,161
3,176,155
3,177,173
3,178,197
3,179,1846
3,180,165
3,181,192
3,182,168
3,183,212
3,184,175
3,185,201
3,186,148
3,187,174
3,188,191
3,189,189
3,190,149
3,191,209
3,192,164
3,193,186
3,194,151
3,195,185
3,196,159
3,197,215
3,198,193
3,199,183
3,200,168
3,201,201
3,202,177
3,203,199
3,204,163
3,205,207
3,206,171
3,207,212
3,208,172
3,209,219
3,210,1502
3,211,254
3,212,175
3,213,333
3,214,201
3,215,349
3,216,175
3,217,245
3,218,189
3,219,272
3,220,201
3,221,714
3,222,202
3,223,277
3,224,211
3,225,301
3,226,215
3,227,306
3,228,218
3,229,310
3,230,240
3,231,305
3,232,283
3,233,337
3,234,260
3,235,3458
3,236,280
3,237,364
3,238,353
3,239,383
3,240,327
3,241,396
3,242,349
3,243,424
3,244,367
3,245,625
3,246,461
3,247,461
3,248,413
3,249,498
3,250,433
3,251,506
3,252,468
3,253,514
3,254,533
3,255,500
3,256,419
4,1,284
4,2,323
4,3,300
4,4,329
4,5,302
4,6,328
4,7,332
4,8,553
4,9,324
4,10,365
4,11,322
4,12,351
4,13,388
4,14,363
4,15,343
4,16,367
4,17,326
4,18,358
4,19,322
4,20,353
4,21,313
4,22,367
4,23,2405
4,24,363
4,25,338
4,26,363
4,27,358
4,28,814
4,29,348
4,30,478
4,31,389
4,32,405
4,33,379
4,34,428
4,35,402
4,36,435
4,37,442
4,38,560
4,39,439
4,40,469
4,41,433
4,42,477
4,43,459
4,44,458
4,45,375
4,46,377
4,47,321
4,48,266
4,49,285
4,50,242
4,51,328
4,52,352
4,53,265
4,54,293
4,55,293
4,56,287
4,57,259
4,58,282
4,59,405
4,60,280
4,61,291
4,62,277
4,63,250
4,64,323
4,65,249
4,66,262
4,67,264
4,68,294
4,69,252
4,70,262
4,71,426
4,72,254
4,73,358
4,74,256
4,75,263
4,76,289
4,77,269
4,78,261
4,79,249
4,80,275
4,81,242
4,82,235
4,83,246
4,84,236
4,85,225
4,86,235
4,87,235
4,88,290
4,89,227
4,90,241
4,91,240
4,92,276
4,93,228
4,94,229
4,95,241
4,96,223
4,97,239
4,98,225
4,99,241
4,100,229
4,101,225
4,102,220
4,103,291
4,104,222
4,105,218
4,106,207
4,107,217
4,108,221
4,109,217
4,110,209
4,111,218
4,112,213
4,113,202
4,114,217
4,115,205
4,116,211
4,117,203
4,118,212
4,119,228
4,120,208
4,121,196
4,122,213
4,123,188
4,124,227
4,125,184
4,126,204
4,127,193
4,128,197
4,129,167
4,130,195
4,131,167
4,132,176
4,133,161
4,134,141
4,135,163
4,136,118
4,137,144
4,138,138
4,139,159
4,140,134
4,141,140
4,142,126
4,143,1519
4,144,424
4,145,162
4,146,126
4,147,145
4,148,213
4,149,147
4,150,141
4,151,146
4,152,139
4,153,147
4,154,133
4,155,186
4,156,147
4,157,186
4,158,160
4,159,166
4,160,200
4,161,182
4,162,148
4,163,156
4,164,148
4,165,156
4,166,155
4,167,159
4,168,151
4,169,163
4,170,172
4,171,187
4,172,156
4,173,169
4,174,190
4,175,161
4,176,155
4,177,173
4,178,197
4,179,1846
4,180,165
4,181,192
4,182,168
4,183,212
4,184,175
4,185,201
4,186,148
4,187,174
4,188,191
4,189,189
4,190,149
4,191,209
4,192,164
4,193,186
4,194,151
4,195,185
4,196,159
4,197,215
4,198,193
4,199,183
4,200,168
4,201,201
4,202,177
4,203,199
4,204,163
4,205,207
4,206,171
4,207,212
4,208,172
4,209,219
4,210,1502
4,211,254
4,212,175
4,213,333
4,214,201
4,215,349
4,216,175
4,217,245
4,218,189
4,219,272
4,220,201
4,221,714
4,222,202
4,223,277
4,224,211
4,225,301
4,226,215
4,227,306
4,228,218
4,229,310
4,230,240
4,231,305
4,232,283
4,233,337
4,234,260
4,235,3458
4,236,280
4,237,364
4,238,353
4,239,383
4,240,327
4,241,396
4,242,349
4,243,424
4,244,367
4,245,625
4,246,461
4,247,461
4,248,413
4,249,498
4,250,433
4,251,506
4,252,468
4,253,514
4,254,533
4,255,500
4,256,419
5,1,283
5,2,323
5,3,301
5,4,327
5,5,302
5,6,328
5,7,332
5,8,560
5,9,325
5,10,365
5,11,322
5,12,351
5,13,388
5,14,364
5,15,344
5,16,367
5,17,326
5,18,358
5,19,322
5,20,354
5,21,314
5,22,367
5,23,2407
5,24,362
5,25,337
5,26,364
5,27,359
5,28,816
5,29,348
5,30,464
5,31,372
5,32,404
5,33,378
5,34,430
5,35,401
5,36,434
5,37,443
5,38,562
5,39,440
5,40,470
5,41,432
5,42,477
5,43,456
5,44,459
5,45,374
5,46,378
5,47,321
5,48,265
5,49,283
5,50,243
5,51,332
5,52,357
5,53,267
5,54,293
5,55,295
5,56,287
5,57,260
5,58,280
5,59,407
5,60,281
5,61,290
5,62,278
5,63,251
5,64,325
5,65,250
5,66,262
5,67,264
5,68,294
5,69,253
5,70,263
5,71,423
5,72,254
5,73,357
5,74,258
5,75,263
5,76,289
5,77,270
5,78,261
5,79,249
5,80,276
5,81,242
5,82,234
5,83,245
5,84,239
5,85,225
5,86,237
5,87,236
5,88,292
5,89,227
5,90,242
5,91,239
5,92,276
5,93,226
5,94,227
5,95,242
5,96,223
5,97,239
5,98,227
5,99,241
5,100,229
5,101,224
5,102,218
5,103,290
5,104,223
5,105,218
5,106,208
5,107,217
5,108,222
5,109,218
5,110,210
5,111,217
5,112,213
5,113,202
5,114,216
5,115,206
5,116,212
5,117,203
5,118,212
5,119,229
5,120,209
5,121,194
5,122,212
5,123,187
5,124,226
5,125,183
5,126,205
5,127,193
5,128,197
5,129,167
5,130,194
5,131,167
5,132,175
5,133,160
5,134,140
5,135,164
5,136,118
5,137,146
5,138,138
5,139,159
5,140,135
5,141,141
5,142,125
5,143,1518
5,144,424
5,145,161
5,146,127
5,147,145
5,148,211
5,149,148
5,150,141
5,151,146
5,152,140
5,153,147
5,154,133
5,155,186
5,156,147
5,157,186
5,158,160
5,159,166
5,160,200
5,161,182
5,162,148
5,163,155
5,164,149
5,165,156
5,166,156
5,167,159
5,168,151
5,169,163
5,170,173
5,171,187
5,172,156
5,173,170
5,174,190
5,175,160
5,176,155
5,177,173
5,178,192
5,179,1843
5,180,163
5,181,192
5,182,164
5,183,211
5,184,175
5,185,201
5,186,149
5,187,174
5,188,192
5,189,189
5,190,150
5,191,210
5,192,163
5,193,187
5,194,151
5,195,186
5,196,158
5,197,213
5,198,194
5,199,183
5,200,169
5,201,201
5,202,176
5,203,199
5,204,163
5,205,206
5,206,172
5,207,211
5,208,172
5,209,221
5,210,1503
5,211,255
5,212,176
5,213,332
5,214,199
5,215,348
5,216,175
5,217,246
5,218,189
5,219,273
5,220,201
5,221,708
5,222,201
5,223,277
5,224,213
5,225,300
5,226,216
5,227,306
5,228,218
5,229,310
5,230,241
5,231,305
5,232,245
5,233,338
5,234,259
5,235,3451
5,236,278
5,237,362
5,238,355
5,239,381
5,240,325
5,241,397
5,242,351
5,243,425
5,244,369
5,245,624
5,246,450
5,247,463
5,248,413
5,249,502
5,250,434
5,251,507
5,252,467
5,253,512
5,254,540
5,255,501
5,256,419
6,1,283
6,2,323
6,3,301
6,4,327
6,5,302
6,6,328
6,7,332
6,8,560
6,9,325
6,10,365
6,11,322
6,12,351
6,13,388
6,14,364
6,15,344
6,16,367
6,17,326
6,18,358
6,19,322
6,20,354
6,21,314
6,22,367
6,23,2407
6,24,362
6,25,337
6,26,364
6,27,359
6,28,816
6,29,348
6,30,464
6,31,372
6,32,404
6,33,378
6,34,430
6,35,401
6,36,434
6,37,443
6,38,562
6,39,440
6,40,470
6,41,432
6,42,477
6,43,456
6,44,459
6,45,374
6,46,378
6,47,321
6,48,265
6,49,283
6,50,243
6,51,332
6,52,357
6,53,267
6,54,293
6,55,295
6,56,287
6,57,260
6,58,280
6,59,407
6,60,281
6,61,290
6,62,278
6,63,251
6,64,325
6,65,250
6,66,262
6,67,264
6,68,294
6,69,253
6,70,263
6,71,423
6,72,254
6,73,357
6,74,258
6,75,263
6,76,289
6,77,270
6,78,261
6,79,249
6,80,276
6,81,242
6,82,234
6,83,245
6,84,239
6,85,225
6,86,237
6,87,236
6,88,292
6,89,227
6,90,242
6,91,239
6,92,276
6,93,226
6,94,227
6,95,242
6,96,223
6,97,239
6,98,227
6,99,241
6,100,229
6,101,224
6,102,218
6,103,290
6,104,223
6,105,218
6,106,208
6,107,217
6,108,222
6,109,218
6,110,210
6,111,217
6,112,213
6,113,202
6,114,216
6,115,206
6,116,212
6,117,203
6,118,212
6,119,229
6,120,209
6,121,194
6,122,212
6,123,187
6,124,226
6,125,183
6,126,205
6,127,193
6,128,197
6,129,167
6,130,194
6,131,167
6,132,175
6,133,160
6,134,140
6,135,164
6,136,118
6,137,146
6,138,138
6,139,159
6,140,135
6,141,141
6,142,125
6,143,1518
6,144,424
6,145,161
6,146,127
6,147,145
6,148,211
6,149,148
6,150,141
6,151,146
6,152,140
6,153,147
6,154,133
6,155,186
6,156,147
6,157,186
6,158,160
6,159,166
6,160,200
6,161,182
6,162,148
6,163,155
6,164,149
6,165,156
6,166,156
6,167,159
6,168,151
6,169,163
6,170,173
6,171,187
6,172,156
6,173,170
6,174,190
6,175,160
6,176,155
6,177,173
6,178,192
6,179,1843
6,180,163
6,181,192
6,182,164
6,183,211
6,184,175
6,185,201
6,186,149
6,187,174
6,188,192
6,189,189
6,190,150
6,191,210
6,192,163
6,193,187
6,194,151
6,195,186
6,196,158
6,197,213
6,198,194
6,199,183
6,200,169
6,201,201
6,202,176
6,203,199
6,204,163
6,205,206
6,206,172
6,207,211
6,208,172
6,209,221
6,210,1503
6,211,255
6,212,176
6,213,332
6,214,199
6,215,348
6,216,175
6,217,246
6,218,189
6,219,273
6,220,201
6,221,708
6,222,201
6,223,277
6,224,213
6,225,300
6,226,216
6,227,306
6,228,218
6,229,310
6,230,241
6,231,305
6,232,245
6,233,338
6,234,259
6,235,3451
6,236,278
6,237,362
6,238,355
6,239,381
6,240,325
6,241,397
6,242,351
6,243,425
6,244,369
6,245,624
6,246,450
6,247,463
6,248,413
6,249,502
6,250,434
6,251,507
6,252,467
6,253,512
6,254,540
6,255,501
6,256,419
7,1,285
7,2,325
7,3,302
7,4,328
7,5,301
7,6,329
7,7,331
7,8,567
7,9,325
7,10,367
7,11,323
7,12,352
7,13,387
7,14,363
7,15,342
7,16,368
7,17,326
7,18,360
7,19,322
7,20,356
7,21,315
7,22,369
7,23,2406
7,24,363
7,25,337
7,26,365
7,27,359
7,28,817
7,29,350
7,30,467
7,31,372
7,32,403
7,33,380
7,34,428
7,35,403
7,36,435
7,37,442
7,38,563
7,39,439
7,40,471
7,41,432
7,42,479
7,43,457
7,44,460
7,45,375
7,46,380
7,47,319
7,48,267
7,49,279
7,50,244
7,51,323
7,52,353
7,53,265
7,54,293
7,55,294
7,56,287
7,57,260
7,58,281
7,59,407
7,60,281
7,61,290
7,62,278
7,63,252
7,64,326
7,65,251
7,66,263
7,67,266
7,68,296
7,69,253
7,70,264
7,71,426
7,72,256
7,73,361
7,74,257
7,75,264
7,76,289
7,77,270
7,78,262
7,79,250
7,80,274
7,81,241
7,82,235
7,83,245
7,84,238
7,85,225
7,86,237
7,87,236
7,88,292
7,89,229
7,90,243
7,91,239
7,92,276
7,93,227
7,94,229
7,95,243
7,96,225
7,97,241
7,98,225
7,99,242
7,100,230
7,101,224
7,102,220
7,103,293
7,104,224
7,105,220
7,106,209
7,107,218
7,108,223
7,109,220
7,110,210
7,111,217
7,112,215
7,113,202
7,114,219
7,115,205
7,116,213
7,117,204
7,118,214
7,119,229
7,120,210
7,121,195
7,122,214
7,123,187
7,124,227
7,125,183
7,126,205
7,127,193
7,128,199
7,129,168
7,130,195
7,131,168
7,132,175
7,133,162
7,134,143
7,135,165
7,136,119
7,137,144
7,138,140
7,139,159
7,140,135
7,141,140
7,142,126
7,143,1521
7,144,425
7,145,161
7,146,127
7,147,145
7,148,210
7,149,148
7,150,142
7,151,146
7,152,141
7,153,147
7,154,134
7,155,186
7,156,147
7,157,186
7,158,162
7,159,165
7,160,201
7,161,182
7,162,150
7,163,155
7,164,151
7,165,157
7,166,157
7,167,160
7,168,151
7,169,163
7,170,174
7,171,187
7,172,157
7,173,170
7,174,188
7,175,161
7,176,156
7,177,173
7,178,194
7,179,1843
7,180,167
7,181,191
7,182,167
7,183,213
7,184,177
7,185,202
7,186,150
7,187,174
7,188,191
7,189,188
7,190,150
7,191,211
7,192,165
7,193,186
7,194,152
7,195,186
7,196,160
7,197,214
7,198,194
7,199,184
7,200,169
7,201,201
7,202,178
7,203,199
7,204,164
7,205,207
7,206,173
7,207,213
7,208,173
7,209,221
7,210,1507
7,211,253
7,212,176
7,213,330
7,214,202
7,215,346
7,216,175
7,217,247
7,218,191
7,219,273
7,220,201
7,221,708
7,222,203
7,223,277
7,224,212
7,225,301
7,226,217
7,227,306
7,228,219
7,229,309
7,230,242
7,231,304
7,232,246
7,233,336
7,234,259
7,235,3456
7,236,279
7,237,363
7,238,350
7,239,383
7,240,328
7,241,396
7,242,350
7,243,424
7,244,368
7,245,623
7,246,457
7,247,463
7,248,415
7,249,499
7,250,434
7,251,508
7,252,470
7,253,513
7,254,542
7,255,501
7,256,420
8,1,285
8,2,325
8,3,302
8,4,328
8,5,301
8,6,329
8,7,331
8,8,567
8,9,325
8,10,367
8,11,323
8,12,352
8,13,387
8,14,363
8,15,342
8,16,368
8,17,326
8,18,360
8,19,322
8,20,356
8,21,315
8,22,369
8,23,2406
8,24,363
8,25,337
8,26,365
8,27,359
8,28,817
8,29,350
8,30,467
8,31,372
8,32,403
8,33,380
8,34,428
8,35,403
8,36,435
8,37,442
8,38,563
8,39,439
8,40,471
8,41,432
8,42,479
8,43,457
8,44,460
8,45,375
8,46,380
8,47,319
8,48,267
8,49,279
8,50,244
8,51,323
8,52,353
8,53,265
8,54,293
8,55,294
8,56,287
8,57,260
8,58,281
8,59,407
8,60,281
8,61,290
8,62,278
8,63,252
8,64,326
8,65,251
8,66,263
8,67,266
8,68,296
8,69,253
8,70,264
8,71,426
8,72,256
8,73,361
8,74,257
8,75,264
8,76,289
8,77,270
8,78,262
8,79,250
8,80,274
8,81,241
8,82,235
8,83,245
8,84,238
8,85,225
8,86,237
8,87,236
8,88,292
8,89,229
8,90,243
8,91,239
8,92,276
8,93,227
8,94,229
8,95,243
8,96,225
8,97,241
8,98,225
8,99,242
8,100,230
8,101,224
8,102,220
8,103,293
8,104,224
8,105,220
8,106,209
8,107,218
8,108,223
8,109,220
8,110,210
8,111,217
8,112,215
8,113,202
8,114,219
8,115,205
8,116,213
8,117,204
8,118,214
8,119,229
8,120,210
8,121,195
8,122,214
8,123,187
8,124,227
8,125,183
8,126,205
8,127,193
8,128,199
8,129,168
8,130,195
8,131,168
8,132,175
8,133,162
8,134,143
8,135,165
8,136,119
8,137,144
8,138,140
8,139,159
8,140,135
8,141,140
8,142,126
8,143,1521
8,144,425
8,145,161
8,146,127
8,147,145
8,148,210
8,149,148
8,150,142
8,151,146
8,152,141
8,153,147
8,154,134
8,155,186
8,156,147
8,157,186
8,158,162
8,159,165
8,160,201
8,161,182
8,162,150
8,163,155
8,164,151
8,165,157
8,166,157
8,167,160
8,168,151
8,169,163
8,170,174
8,171,187
8,172,157
8,173,170
8,174,188
8,175,161
8,176,156
8,177,173
8,178,194
8,179,1843
8,180,167
8,181,191
8,182,167
8,183,213
8,184,177
8,185,202
8,186,150
8,187,174
8,188,191
8,189,188
8,190,150
8,191,211
8,192,165
8,193,186
8,194,152
8,195,186
8,196,160
8,197,214
8,198,194
8,199,184
8,200,169
8,201,201
8,202,178
8,203,199
8,204,164
8,205,207
8,206,173
8,207,213
8,208,173
8,209,221
8,210,1507
8,211,253
8,212,176
8,213,330
8,214,202
8,215,346
8,216,175
8,217,247
8,218,191
8,219,273
8,220,201
8,221,708
8,222,203
8,223,277
8,224,212
8,225,301
8,226,217
8,227,306
8,228,219
8,229,309
8,230,242
8,231,304
8,232,246
8,233,336
8,234,259
8,235,3456
8,236,279
8,237,363
8,238,350
8,239,383
8,240,328
8,241,396
8,242,350
8,243,424
8,244,368
8,245,623
8,246,457
8,247,463
8,248,415
8,249,499
8,250,434
8,251,508
8,252,470
8,253,513
8,254,542
8,255,501
8,256,420
9,1,286
9,2,323
9,3,301
9,4,328
9,5,303
9,6,327
9,7,334
9,8,568
9,9,325
9,10,365
9,11,322
9,12,352
9,13,386
9,14,363
9,15,343
9,16,368
9,17,326
9,18,359
9,19,322
9,20,355
9,21,314
9,22,366
9,23,2403
9,24,363
9,25,338
9,26,364
9,27,358
9,28,814
9,29,348
9,30,463
9,31,373
9,32,404
9,33,378
9,34,430
9,35,403
9,36,435
9,37,443
9,38,563
9,39,439
9,40,469
9,41,433
9,42,479
9,43,458
9,44,460
9,45,378
9,46,378
9,47,321
9,48,263
9,49,278
9,50,242
9,51,327
9,52,351
9,53,265
9,54,293
9,55,295
9,56,288
9,57,260
9,58,280
9,59,407
9,60,281
9,61,290
9,62,278
9,63,252
9,64,323
9,65,252
9,66,262
9,67,266
9,68,296
9,69,253
9,70,263
9,71,427
9,72,254
9,73,359
9,74,257
9,75,265
9,76,289
9,77,270
9,78,261
9,79,249
9,80,274
9,81,243
9,82,235
9,83,245
9,84,238
9,85,225
9,86,238
9,87,235
9,88,292
9,89,228
9,90,242
9,91,239
9,92,273
9,93,228
9,94,228
9,95,242
9,96,224
9,97,240
9,98,226
9,99,242
9,100,228
9,101,224
9,102,219
9,103,300
9,104,223
9,105,219
9,106,207
9,107,219
9,108,221
9,109,217
9,110,209
9,111,216
9,112,212
9,113,202
9,114,216
9,115,205
9,116,211
9,117,203
9,118,213
9,119,229
9,120,207
9,121,198
9,122,214
9,123,186
9,124,227
9,125,182
9,126,205
9,127,192
9,128,197
9,129,167
9,130,196
9,131,168
9,132,175
9,133,160
9,134,142
9,135,164
9,136,118
9,137,144
9,138,139
9,139,161
9,140,135
9,141,142
9,142,124
9,143,1522
9,144,424
9,145,161
9,146,126
9,147,145
9,148,211
9,149,147
9,150,141
9,151,146
9,152,141
9,153,148
9,154,133
9,155,185
9,156,147
9,157,188
9,158,161
9,159,166
9,160,199
9,161,183
9,162,149
9,163,155
9,164,150
9,165,156
9,166,154
9,167,159
9,168,150
9,169,163
9,170,173
9,171,186
9,172,156
9,173,170
9,174,186
9,175,160
9,176,155
9,177,173
9,178,191
9,179,1848
9,180,165
9,181,193
9,182,165
9,183,210
9,184,176
9,185,200
9,186,148
9,187,174
9,188,191
9,189,187
9,190,147
9,191,210
9,192,162
9,193,187
9,194,151
9,195,186
9,196,158
9,197,213
9,198,193
9,199,183
9,200,169
9,201,201
9,202,177
9,203,199
9,204,163
9,205,206
9,206,171
9,207,213
9,208,172
9,209,220
9,210,1507
9,211,254
9,212,176
9,213,329
9,214,200
9,215,340
9,216,174
9,217,246
9,218,190
9,219,274
9,220,200
9,221,712
9,222,202
9,223,277
9,224,214
9,225,301
9,226,215
9,227,307
9,228,218
9,229,308
9,230,241
9,231,306
9,232,243
9,233,337
9,234,259
9,235,3465
9,236,279
9,237,364
9,238,355
9,239,383
9,240,326
9,241,396
9,242,351
9,243,424
9,244,369
9,245,623
9,246,454
9,247,461
9,248,413
9,249,500
9,250,432
9,251,507
9,252,467
9,253,514
9,254,540
9,255,501
9,256,419
10,1,286
10,2,323
10,3,301
10,4,328
10,5,303
10,6,327
10,7,334
10,8,568
10,9,325
10,10,365
10,11,322
10,12,352
10,13,386
10,14,363
10,15,343
10,16,368
10,17,326
10,18,359
10,19,322
10,20,355
10,21,314
10,22,366
10,23,2403
10,24,363
10,25,338
10,26,364
10,27,358
10,28,814
10,29,348
10,30,463
10,31,373
10,32,404
10,33,378
10,34,430
10,35,403
10,36,435
10,37,443
10,38,563
10,39,439
10,40,469
10,41,433
10,42,479
10,43,458
10,44,460
10,45,378
10,46,378
10,47,321
10,48,263
10,49,278
10,50,242
10,51,327
10,52,351
10,53,265
10,54,293
10,55,295
10,56,288
10,57,260
10,58,280
10,59,407
10,60,281
10,61,290
10,62,278
10,63,252
10,64,323
10,65,252
10,66,262
10,67,266
10,68,296
10,69,253
10,70,263
10,71,427
10,72,254
10,73,359
10,74,257
10,75,265
10,76,289
10,77,270
10,78,261
10,79,249
10,80,274
10,81,243
10,82,235
10,83,245
10,84,238
10,85,225
10,86,238
10,87,235
10,88,292
10,89,228
10,90,242
10,91,239
10,92,273
10,93,228
10,94,228
10,95,242
10,96,224
10,97,240
10,98,226
10,99,242
10,100,228
10,101,224
10,102,219
10,103,300
10,104,223
10,105,219
10,106,207
10,107,219
10,108,221
10,109,217
10,110,209
10,111,216
10,112,212
10,113,202
10,114,216
10,115,205
10,116,211
10,117,203
10,118,213
10,119,229
10,120,207
10,121,198
10,122,214
10,123,186
10,124,227
10,125,182
10,126,205
10,127,192
10,128,197
10,129,167
10,130,196
10,131,168
10,132,175
10,133,160
10,134,142
10,135,164
10,136,118
10,137,144
10,138,139
10,139,161
10,140,135
10,141,142
10,142,124
10,143,1522
10,144,424
10,145,161
10,146,126
10,147,145
10,148,211
10,149,147
10,150,141
10,151,146
10,152,141
10,153,148
10,154,133
10,155,185
10,156,147
10,157,188
10,158,161
10,159,166
10,160,199
10,161,183
10,162,149
10,163,155
10,164,150
10,165,156
10,166,154
10,167,159
10,168,150
10,169,163
10,170,173
10,171,186
10,172,156
10,173,170
10,174,186
10,175,160
10,176,155
10,177,173
10,178,191
10,179,1848
10,180,165
10,181,193
10,182,165
10,183,210
10,184,176
10,185,200
10,186,148
10,187,174
10,188,191
10,189,187
10,190,147
10,191,210
10,192,162
10,193,187
10,194,151
10,195,186
10,196,158
10,197,213
10,198,193
10,199,183
10,200,169
10,201,201
10,202,177
10,203,199
10,204,163
10,205,206
10,206,171
10,207,213
10,208,172
10,209,220
10,210,1507
10,211,254
10,212,176
10,213,329
10,214,200
10,215,340
10,216,174
10,217,246
10,218,190
10,219,274
10,220,200
10,221,712
10,222,202
10,223,277
10,224,214
10,225,301
10,226,215
10,227,307
10,228,218
10,229,308
10,230,241
10,231,306
10,232,243
10,233,337
10,234,259
10,235,3465
10,236,279
10,237,364
10,238,355
10,239,383
10,240,326
10,241,396
10,242,351
10,243,424
10,244,369
10,245,623
10,246,454
10,247,461
10,248,413
10,249,500
10,250,432
10,251,507
10,252,467
10,253,514
10,254,540
10,255,501
10,256,419
11,1,283
11,2,323
11,3,302
11,4,328
11,5,303
11,6,328
11,7,332
11,8,562
11,9,325
11,10,365
11,11,322
11,12,350
11,13,387
11,14,363
11,15,343
11,16,368
11,17,326
11,18,360
11,19,322
11,20,355
11,21,312
11,22,369
11,23,2407
11,24,362
11,25,337
11,26,365
11,27,358
11,28,816
11,29,349
11,30,469
11,31,373
11,32,403
11,33,379
11,34,431
11,35,404
11,36,434
11,37,442
11,38,566
11,39,439
11,40,471
11,41,433
11,42,477
11,43,458
11,44,460
11,45,374
11,46,378
11,47,321
11,48,267
11,49,279
11,50,243
11,51,327
11,52,358
11,53,266
11,54,293
11,55,296
11,56,286
11,57,261
11,58,283
11,59,406
11,60,281
11,61,291
11,62,278
11,63,252
11,64,325
11,65,251
11,66,263
11,67,265
11,68,295
11,69,253
11,70,265
11,71,426
11,72,254
11,73,360
11,74,258
11,75,264
11,76,288
11,77,270
11,78,262
11,79,248
11,80,274
11,81,242
11,82,237
11,83,244
11,84,239
11,85,224
11,86,238
11,87,234
11,88,294
11,89,228
11,90,243
11,91,239
11,92,281
11,93,227
11,94,230
11,95,242
11,96,224
11,97,238
11,98,226
11,99,241
11,100,230
11,101,223
11,102,218
11,103,297
11,104,223
11,105,219
11,106,207
11,107,217
11,108,221
11,109,219
11,110,210
11,111,217
11,112,215
11,113,202
11,114,216
11,115,205
11,116,211
11,117,203
11,118,212
11,119,229
11,120,209
11,121,196
11,122,214
11,123,186
11,124,226
11,125,184
11,126,206
11,127,193
11,128,198
11,129,169
11,130,197
11,131,167
11,132,178
11,133,160
11,134,141
11,135,163
11,136,118
11,137,144
11,138,139
11,139,160
11,140,134
11,141,140
11,142,126
11,143,1520
11,144,424
11,145,159
11,146,127
11,147,143
11,148,212
11,149,148
11,150,144
11,151,147
11,152,140
11,153,147
11,154,131
11,155,186
11,156,148
11,157,185
11,158,161
11,159,166
11,160,200
11,161,181
11,162,147
11,163,154
11,164,148
11,165,155
11,166,155
11,167,158
11,168,152
11,169,162
11,170,173
11,171,186
11,172,156
11,173,169
11,174,191
11,175,159
11,176,155
11,177,173
11,178,195
11,179,1842
11,180,165
11,181,191
11,182,167
11,183,209
11,184,176
11,185,199
11,186,149
11,187,173
11,188,192
11,189,187
11,190,151
11,191,208
11,192,164
11,193,186
11,194,151
11,195,186
11,196,159
11,197,214
11,198,192
11,199,184
11,200,168
11,201,201
11,202,176
11,203,199
11,204,165
11,205,207
11,206,173
11,207,212
11,208,173
11,209,218
11,210,1506
11,211,255
11,212,176
11,213,328
11,214,202
11,215,338
11,216,175
11,217,245
11,218,191
11,219,273
11,220,202
11,221,712
11,222,201
11,223,277
11,224,214
11,225,301
11,226,217
11,227,306
11,228,218
11,229,308
11,230,241
11,231,305
11,232,246
11,233,338
11,234,260
11,235,3453
11,236,279
11,237,362
11,238,354
11,239,385
11,240,327
11,241,396
11,242,351
11,243,424
11,244,369
11,245,623
11,246,453
11,247,461
11,248,413
11,249,499
11,250,434
11,251,507
11,252,469
11,253,513
11,254,541
11,255,500
11,256,419
12,1,283
12,2,323
12,3,302
12,4,328
12,5,303
12,6,328
12,7,332
12,8,562
12,9,325
12,10,365
12,11,322
12,12,350
12,13,387
12,14,363
12,15,343
12,16,368
12,17,326
12,18,360
12,19,322
12,20,355
12,21,312
12,22,369
12,23,2407
12,24,362
12,25,337
12,26,365
12,27,358
12,28,816
12,29,349
12,30,469
12,31,373
12,32,403
12,33,379
12,34,431
12,35,404
12,36,434
12,37,442
12,38,566
12,39,439
12,40,471
12,41,433
12,42,477
12,43,458
12,44,460
12,45,374
12,46,378
12,47,321
12,48,267
12,49,279
12,50,243
12,51,327
12,52,358
12,53,266
12,54,293
12,55,296
12,56,286
12,57,261
12,58,283
12,59,406
12,60,281
12,61,291
12,62,278
12,63,252
12,64,325
12,65,251
12,66,263
12,67,265
12,68,295
12,69,253
12,70,265
12,71,426
12,72,254
12,73,360
12,74,258
12,75,264
12,76,288
12,77,270
12,78,262
12,79,248
12,80,274
12,81,242
12,82,237
12,83,244
12,84,239
12,85,224
12,86,238
12,87,234
12,88,294
12,89,228
12,90,243
12,91,239
12,92,281
12,93,227
12,94,230
12,95,242
12,96,224
12,97,238
12,98,226
12,99,241
12,100,230
12,101,223
12,102,218
12,103,297
12,104,223
12,105,219
12,106,207
12,107,217
12,108,221
12,109,219
12,110,210
12,111,217
12,112,215
12,113,202
12,114,216
12,115,205
12,116,211
12,117,203
12,118,212
12,119,229
12,120,209
12,121,196
12,122,214
12,123,186
12,124,226
12,125,184
12,126,206
12,127,193
12,128,198
12,129,169
12,130,197
12,131,167
12,132,178
12,133,160
12,134,141
12,135,163
12,136,118
12,137,144
12,138,139
12,139,160
12,140,134
12,141,140
12,142,126
12,143,1520
12,144,424
12,145,159
12,146,127
12,147,143
12,148,212
12,149,148
12,150,144
12,151,147
12,152,140
12,153,147
12,154,131
12,155,186
12,156,148
12,157,185
12,158,161
12,159,166
12,160,200
12,161,181
12,162,147
12,163,154
12,164,148
12,165,155
12,166,155
12,167,158
12,168,152
12,169,162
12,170,173
12,171,186
12,172,156
12,173,169
12,174,191
12,175,159
12,176,155
12,177,173
12,178,195
12,179,1842
12,180,165
12,181,191
12,182,167
12,183,209
12,184,176
12,185,199
12,186,149
12,187,173
12,188,192
12,189,187
12,190,151
12,191,208
12,192,164
12,193,186
12,194,151
12,195,186
12,196,159
12,197,214
12,198,192
12,199,184
12,200,168
12,201,201
12,202,176
12,203,199
12,204,165
12,205,207
12,206,173
12,207,212
12,208,173
12,209,218
12,210,1506
12,211,255
12,212,176
12,213,328
12,214,202
12,215,338
12,216,175
12,217,245
12,218,191
12,219,273
12,220,202
12,221,712
12,222,201
12,223,277
12,224,214
12,225,301
12,226,217
12,227,306
12,228,218
12,229,308
12,230,241
12,231,305
12,232,246
12,233,338
12,234,260
12,235,3453
12,236,279
12,237,362
12,238,354
12,239,385
12,240,327
12,241,396
12,242,351
12,243,424
12,244,369
12,245,623
12,246,453
12,247,461
12,248,413
12,249,499
12,250,434
12,251,507
12,252,469
12,253,513
12,254,541
12,255,500
12,256,419
13,1,284
13,2,325
13,3,303
13,4,329
13,5,303
13,6,329
13,7,333
13,8,555
13,9,325
13,10,366
13,11,323
13,12,351
13,13,386
13,14,362
13,15,344
13,16,369
13,17,326
13,18,360
13,19,323
13,20,355
13,21,315
13,22,369
13,23,2408
13,24,364
13,25,337
13,26,365
13,27,358
13,28,815
13,29,348
13,30,475
13,31,374
13,32,404
13,33,379
13,34,430
13,35,403
13,36,436
13,37,443
13,38,566
13,39,438
13,40,470
13,41,435
13,42,479
13,43,460
13,44,459
13,45,376
13,46,379
13,47,321
13,48,267
13,49,282
13,50,243
13,51,328
13,52,354
13,53,265
13,54,295
13,55,294
13,56,288
13,57,259
13,58,282
13,59,407
13,60,281
13,61,290
13,62,278
13,63,252
13,64,326
13,65,251
13,66,263
13,67,266
13,68,295
13,69,252
13,70,264
13,71,426
13,72,255
13,73,362
13,74,258
13,75,265
13,76,289
13,77,268
13,78,260
13,79,251
13,80,275
13,81,243
13,82,236
13,83,244
13,84,238
13,85,224
13,86,237
13,87,235
13,88,293
13,89,228
13,90,243
13,91,240
13,92,280
13,93,227
13,94,229
13,95,242
13,96,223
13,97,241
13,98,228
13,99,242
13,100,230
13,101,225
13,102,221
13,103,289
13,104,224
13,105,218
13,106,209
13,107,218
13,108,222
13,109,218
13,110,210
13,111,218
13,112,214
13,113,202
13,114,216
13,115,204
13,116,211
13,117,203
13,118,213
13,119,230
13,120,209
13,121,197
13,122,213
13,123,187
13,124,227
13,125,181
13,126,205
13,127,194
13,128,198
13,129,167
13,130,195
13,131,169
13,132,177
13,133,161
13,134,144
13,135,165
13,136,118
13,137,145
13,138,138
13,139,160
13,140,135
13,141,141
13,142,125
13,143,1517
13,144,425
13,145,160
13,146,127
13,147,146
13,148,211
13,149,148
13,150,142
13,151,146
13,152,139
13,153,147
13,154,133
13,155,184
13,156,148
13,157,187
13,158,162
13,159,166
13,160,200
13,161,182
13,162,150
13,163,155
13,164,150
13,165,156
13,166,157
13,167,160
13,168,151
13,169,163
13,170,174
13,171,186
13,172,157
13,173,170
13,174,190
13,175,160
13,176,156
13,177,173
13,178,196
13,179,1849
13,180,165
13,181,191
13,182,166
13,183,213
13,184,175
13,185,200
13,186,149
13,187,173
13,188,193
13,189,188
13,190,150
13,191,210
13,192,163
13,193,186
13,194,151
13,195,186
13,196,159
13,197,213
13,198,193
13,199,183
13,200,170
13,201,201
13,202,175
13,203,199
13,204,163
13,205,207
13,206,173
13,207,212
13,208,173
13,209,220
13,210,1511
13,211,254
13,212,177
13,213,332
13,214,202
13,215,354
13,216,176
13,217,245
13,218,191
13,219,273
13,220,201
13,221,713
13,222,201
13,223,278
13,224,214
13,225,301
13,226,216
13,227,306
13,228,219
13,229,309
13,230,239
13,231,304
13,232,244
13,233,336
13,234,261
13,235,3473
13,236,280
13,237,362
13,238,355
13,239,384
13,240,326
13,241,397
13,242,363
13,243,423
13,244,369
13,245,623
13,246,451
13,247,462
13,248,412
13,249,499
13,250,433
13,251,507
13,252,467
13,253,513
13,254,541
13,255,501
13,256,419
14,1,284
14,2,325
14,3,303
14,4,329
14,5,303
14,6,329
14,7,333
14,8,555
14,9,325
14,10,366
14,11,323
14,12,351
14,13,386
14,14,362
14,15,344
14,16,369
14,17,326
14,18,360
14,19,323
14,20,355
14,21,315
14,22,369
14,23,2408
14,24,364
14,25,337
14,26,365
14,27,358
14,28,815
14,29,348
14,30,475
14,31,374
14,32,404
14,33,379
14,34,430
14,35,403
14,36,436
14,37,443
14,38,566
14,39,438
14,40,470
14,41,435
14,42,479
14,43,460
14,44,459
14,45,376
14,46,379
14,47,321
14,48,267
14,49,282
14,50,243
14,51,328
14,52,354
14,53,265
14,54,295
14,55,294
14,56,288
14,57,259
14,58,282
14,59,407
14,60,281
14,61,290
14,62,278
14,63,252
14,64,326
14,65,251
14,66,263
14,67,266
14,68,295
14,69,252
14,70,264
14,71,426
14,72,255
14,73,362
14,74,258
14,75,265
14,76,289
14,77,268
14,78,260
14,79,251
14,80,275
14,81,243
14,82,236
14,83,244
14,84,238
14,85,224
14,86,237
14,87,235
14,88,293
14,89,228
14,90,243
14,91,240
14,92,280
14,93,227
14,94,229
14,95,242
14,96,223
14,97,241
14,98,228
14,99,242
14,100,230
14,101,225
14,102,221
14,103,289
14,104,224
14,105,218
14,106,209
14,107,218
14,108,222
14,109,218
14,110,210
14,111,218
14,112,214
14,113,202
14,114,216
14,115,204
14,116,211
14,117,203
14,118,213
14,119,230
14,120,209
14,121,197
14,122,213
14,123,187
14,124,227
14,125,181
14,126,205
14,127,194
14,128,198
14,129,167
14,130,195
14,131,169
14,132,177
14,133,161
14,134,144
14,135,165
14,136,118
14,137,145
14,138,138
14,139,160
14,140,135
14,141,141
14,142,125
14,143,1517
14,144,425
14,145,160
14,146,127
14,147,146
14,148,211
14,149,148
14,150,142
14,151,146
14,152,139
14,153,147
14,154,133
14,155,184
14,156,148
14,157,187
14,158,162
14,159,166
14,160,200
14,161,182
14,162,150
14,163,155
14,164,150
14,165,156
14,166,157
14,167,160
14,168,151
14,169,163
14,170,174
14,171,186
14,172,157
14,173,170
14,174,190
14,175,160
14,176,156
14,177,173
14,178,196
14,179,1849
14,180,165
14,181,191
14,182,166
14,183,213
14,184,175
14,185,200
14,186,149
14,187,173
14,188,193
14,189,188
14,190,150
14,191,210
14,192,163
14,193,186
14,194,151
14,195,186
14,196,159
14,197,213
14,198,193
14,199,183
14,200,170
14,201,201
14,202,175
14,203,199
14,204,163
14,205,207
14,206,173
14,207,212
14,208,173
14,209,220
14,210,1511
14,211,254
14,212,177
14,213,332
14,214,202
14,215,354
14,216,176
14,217,245
14,218,191
14,219,273
14,220,201
14,221,713
14,222,201
14,223,278
14,224,214
14,225,301
14,226,216
14,227,306
14,228,219
14,229,309
14,230,239
14,231,304
14,232,244
14,233,336
14,234,261
14,235,3473
14,236,280
14,237,362
14,238,355
14,239,384
14,240,326
14,241,397
14,242,363
14,243,423
14,244,369
14,245,623
14,246,451
14,247,462
14,248,412
14,249,499
14,250,433
14,251,507
14,252,467
14,253,513
14,254,541
14,255,501
14,256,419
15,1,283
15,2,323
15,3,302
15,4,327
15,5,304
15,6,329
15,7,332
15,8,562
15,9,325
15,10,366
15,11,323
15,12,355
15,13,397
15,14,364
15,15,342
15,16,368
15,17,325
15,18,359
15,19,323
15,20,354
15,21,314
15,22,368
15,23,2414
15,24,362
15,25,337
15,26,365
15,27,359
15,28,817
15,29,348
15,30,468
15,31,372
15,32,403
15,33,380
15,34,429
15,35,404
15,36,436
15,37,442
15,38,565
15,39,440
15,40,472
15,41,432
15,42,480
15,43,458
15,44,459
15,45,375
15,46,380
15,47,322
15,48,266
15,49,281
15,50,242
15,51,336
15,52,359
15,53,266
15,54,293
15,55,296
15,56,288
15,57,261
15,58,283
15,59,406
15,60,282
15,61,290
15,62,277
15,63,251
15,64,325
15,65,251
15,66,264
15,67,263
15,68,295
15,69,253
15,70,264
15,71,417
15,72,255
15,73,359
15,74,259
15,75,264
15,76,289
15,77,269
15,78,264
15,79,248
15,80,274
15,81,243
15,82,238
15,83,244
15,84,238
15,85,223
15,86,238
15,87,235
15,88,292
15,89,228
15,90,241
15,91,238
15,92,278
15,93,227
15,94,228
15,95,243
15,96,225
15,97,240
15,98,226
15,99,241
15,100,229
15,101,224
15,102,220
15,103,290
15,104,223
15,105,220
15,106,209
15,107,218
15,108,221
15,109,217
15,110,210
15,111,217
15,112,213
15,113,203
15,114,217
15,115,206
15,116,212
15,117,204
15,118,213
15,119,229
15,120,208
15,121,197
15,122,214
15,123,187
15,124,227
15,125,182
15,126,206
15,127,193
15,128,199
15,129,166
15,130,194
15,131,168
15,132,175
15,133,161
15,134,142
15,135,164
15,136,119
15,137,143
15,138,138
15,139,159
15,140,135
15,141,140
15,142,125
15,143,1515
15,144,434
15,145,160
15,146,127
15,147,145
15,148,212
15,149,147
15,150,141
15,151,147
15,152,141
15,153,147
15,154,134
15,155,186
15,156,148
15,157,187
15,158,161
15,159,166
15,160,202
15,161,183
15,162,149
15,163,155
15,164,149
15,165,154
15,166,156
15,167,160
15,168,151
15,169,163
15,170,173
15,171,187
15,172,157
15,173,170
15,174,188
15,175,160
15,176,154
15,177,173
15,178,193
15,179,1846
15,180,163
15,181,191
15,182,167
15,183,212
15,184,177
15,185,199
15,186,148
15,187,174
15,188,192
15,189,187
15,190,150
15,191,209
15,192,164
15,193,187
15,194,151
15,195,185
15,196,159
15,197,211
15,198,192
15,199,184
15,200,169
15,201,201
15,202,177
15,203,198
15,204,163
15,205,206
15,206,172
15,207,214
15,208,174
15,209,221
15,210,1509
15,211,253
15,212,175
15,213,330
15,214,202
15,215,354
15,216,175
15,217,245
15,218,191
15,219,272
15,220,202
15,221,712
15,222,201
15,223,276
15,224,213
15,225,301
15,226,216
15,227,306
15,228,219
15,229,309
15,230,241
15,231,304
15,232,244
15,233,336
15,234,261
15,235,3439
15,236,280
15,237,363
15,238,355
15,239,383
15,240,329
15,241,394
15,242,360
15,243,423
15,244,368
15,245,621
15,246,453
15,247,462
15,248,414
15,249,502
15,250,434
15,251,507
15,252,468
15,253,512
15,254,532
15,255,499
15,256,419
16,1,283
16,2,323
16,3,302
16,4,327
16,5,304
16,6,329
16,7,332
16,8,562
16,9,325
16,10,366
16,11,323
16,12,355
16,13,397
16,14,364
16,15,342
16,16,368
16,17,325
16,18,359
16,19,323
16,20,354
16,21,314
16,22,368
16,23,2414
16,24,362
16,25,337
16,26,365
16,27,359
16,28,817
16,29,348
16,30,468
16,31,372
16,32,403
16,33,380
16,34,429
16,35,404
16,36,436
16,37,442
16,38,565
16,39,440
16,40,472
16,41,432
16,42,480
16,43,458
16,44,459
16,45,375
16,46,380
16,47,322
16,48,266
16,49,281
16,50,242
16,51,336
16,52,359
16,53,266
16,54,293
16,55,296
16,56,288
16,57,261
16,58,283
16,59,406
16,60,282
16,61,290
16,62,277
16,63,251
16,64,325
16,65,251
16,66,264
16,67,263
16,68,295
16,69,253
16,70,264
16,71,417
16,72,255
16,73,359
16,74,259
16,75,264
16,76,289
16,77,269
16,78,264
16,79,248
16,80,274
16,81,243
16,82,238
16,83,244
16,84,238
16,85,223
16,86,238
16,87,235
16,88,292
16,89,228
16,90,241
16,91,238
16,92,278
16,93,227
16,94,228
16,95,243
16,96,225
16,97,240
16,98,226
16,99,241
16,100,229
16,101,224
16,102,220
16,103,290
16,104,223
16,105,220
16,106,209
16,107,218
16,108,221
16,109,217
16,110,210
16,111,217
16,112,213
16,113,203
16,114,217
16,115,206
16,116,212
16,117,204
16,118,213
16,119,229
16,120,208
16,121,197
16,122,214
16,123,187
16,124,227
16,125,182
16,126,206
16,127,193
16,128,199
16,129,166
16,130,194
16,131,168
16,132,175
16,133,161
16,134,142
16,135,164
16,136,119
16,137,143
16,138,138
16,139,159
16,140,135
16,141,140
16,142,125
16,143,1515
16,144,434
16,145,160
16,146,127
16,147,145
16,148,212
16,149,147
16,150,141
16,151,147
16,152,141
16,153,147
16,154,134
16,155,186
16,156,148
16,157,187
16,158,161
16,159,166
16,160,202
16,161,183
16,162,149
16,163,155
16,164,149
16,165,154
16,166,156
16,167,160
16,168,151
16,169,163
16,170,173
16,171,187
16,172,157
16,173,170
16,174,188
16,175,160
16,176,154
16,177,173
16,178,193
16,179,1846
16,180,163
16,181,191
16,182,167
16,183,212
16,184,177
16,185,199
16,186,148
16,187,174
16,188,192
16,189,187
16,190,150
16,191,209
16,192,164
16,193,187
16,194,151
16,195,185
16,196,159
16,197,211
16,198,192
16,199,184
16,200,169
16,201,201
16,202,177
16,203,198
16,204,163
16,205,206
16,206,172
16,207,214
16,208,174
16,209,221
16,210,1509
16,211,253
16,212,175
16,213,330
16,214,202
16,215,354
16,216,175
16,217,245
16,218,191
16,219,272
16,220,202
16,221,712
16,222,201
16,223,276
16,224,213
16,225,301
16,226,216
16,227,306
16,228,219
16,229,309
16,230,241
16,231,304
16,232,244
16,233,336
16,234,261
16,235,3439
16,236,280
16,237,363
16,238,355
16,239,383
16,240,329
16,241,394
16,242,360
16,243,423
16,244,368
16,245,621
16,246,453
16,247,462
16,248,414
16,249,502
16,250,434
16,251,507
16,252,468
16,253,512
16,254,532
16,255,499
16,256,419
17,1,284
17,2,326
17,3,303
17,4,330
17,5,304
17,6,327
17,7,333
17,8,561
17,9,325
17,10,367
17,11,323
17,12,352
17,13,393
17,14,381
17,15,344
17,16,370
17,17,327
17,18,359
17,19,324
17,20,355
17,21,314
17,22,370
17,23,2427
17,24,365
17,25,339
17,26,365
17,27,359
17,28,817
17,29,349
17,30,476
17,31,373
17,32,403
17,33,379
17,34,431
17,35,404
17,36,435
17,37,444
17,38,567
17,39,441
17,40,472
17,41,434
17,42,479
17,43,459
17,44,461
17,45,377
17,46,381
17,47,323
17,48,267
17,49,280
17,50,242
17,51,328
17,52,355
17,53,266
17,54,294
17,55,297
17,56,288
17,57,262
17,58,283
17,59,407
17,60,280
17,61,290
17,62,279
17,63,253
17,64,326
17,65,252
17,66,263
17,67,266
17,68,296
17,69,254
17,70,264
17,71,418
17,72,256
17,73,362
17,74,259
17,75,266
17,76,290
17,77,270
17,78,260
17,79,251
17,80,276
17,81,242
17,82,243
17,83,249
17,84,239
17,85,225
17,86,237
17,87,235
17,88,293
17,89,229
17,90,241
17,91,239
17,92,279
17,93,229
17,94,229
17,95,244
17,96,225
17,97,240
17,98,229
17,99,242
17,100,230
17,101,225
17,102,221
17,103,291
17,104,223
17,105,219
17,106,210
17,107,220
17,108,223
17,109,219
17,110,211
17,111,218
17,112,215
17,113,202
17,114,216
17,115,206
17,116,212
17,117,204
17,118,212
17,119,230
17,120,234
17,121,203
17,122,215
17,123,187
17,124,228
17,125,184
17,126,205
17,127,193
17,128,198
17,129,167
17,130,195
17,131,167
17,132,178
17,133,161
17,134,143
17,135,165
17,136,119
17,137,146
17,138,138
17,139,161
17,140,135
17,141,142
17,142,124
17,143,1519
17,144,433
17,145,162
17,146,128
17,147,146
17,148,214
17,149,148
17,150,143
17,151,147
17,152,142
17,153,147
17,154,133
17,155,186
17,156,148
17,157,188
17,158,161
17,159,166
17,160,201
17,161,183
17,162,150
17,163,156
17,164,150
17,165,157
17,166,155
17,167,159
17,168,151
17,169,164
17,170,174
17,171,188
17,172,157
17,173,171
17,174,192
17,175,161
17,176,155
17,177,174
17,178,194
17,179,1846
17,180,165
17,181,194
17,182,166
17,183,213
17,184,175
17,185,199
17,186,149
17,187,175
17,188,191
17,189,189
17,190,150
17,191,210
17,192,164
17,193,187
17,194,152
17,195,186
17,196,159
17,197,215
17,198,192
17,199,185
17,200,169
17,201,201
17,202,177
17,203,199
17,204,163
17,205,209
17,206,173
17,207,213
17,208,173
17,209,221
17,210,1508
17,211,257
17,212,175
17,213,334
17,214,202
17,215,357
17,216,176
17,217,247
17,218,191
17,219,274
17,220,202
17,221,711
17,222,202
17,223,277
17,224,213
17,225,302
17,226,216
17,227,309
17,228,219
17,229,311
17,230,241
17,231,305
17,232,245
17,233,336
17,234,260
17,235,3466
17,236,280
17,237,362
17,238,356
17,239,383
17,240,325
17,241,397
17,242,362
17,243,423
17,244,367
17,245,622
17,246,452
17,247,463
17,248,417
17,249,498
17,250,433
17,251,508
17,252,470
17,253,513
17,254,535
17,255,501
17,256,419
18,1,284
18,2,326
18,3,303
18,4,330
18,5,304
18,6,327
18,7,333
18,8,561
18,9,325
18,10,367
18,11,323
18,12,352
18,13,393
18,14,381
18,15,344
18,16,370
18,17,327
18,18,359
18,19,324
18,20,355
18,21,314
18,22,370
18,23,2427
18,24,365
18,25,339
18,26,365
18,27,359
18,28,817
18,29,349
18,30,476
18,31,373
18,32,403
18,33,379
18,34,431
18,35,404
18,36,435
18,37,444
18,38,567
18,39,441
18,40,472
18,41,434
18,42,479
18,43,459
18,44,461
18,45,377
18,46,381
18,47,323
18,48,267
18,49,280
18,50,242
18,51,328
18,52,355
18,53,266
18,54,294
18,55,297
18,56,288
18,57,262
18,58,283
18,59,407
18,60,280
18,61,290
18,62,279
18,63,253
18,64,326
18,65,252
18,66,263
18,67,266
18,68,296
18,69,254
18,70,264
18,71,418
18,72,256
18,73,362
18,74,259
18,75,266
18,76,290
18,77,270
18,78,260
18,79,251
18,80,276
18,81,242
18,82,243
18,83,249
18,84,239
18,85,225
18,86,237
18,87,235
18,88,293
18,89,229
18,90,241
18,91,239
18,92,279
18,93,229
18,94,229
18,95,244
18,96,225
18,97,240
18,98,229
18,99,242
18,100,230
18,101,225
18,102,221
18,103,291
18,104,223
18,105,219
18,106,210
18,107,220
18,108,223
18,109,219
18,110,211
18,111,218
18,112,215
18,113,202
18,114,216
18,115,206
18,116,212
18,117,204
18,118,212
18,119,230
18,120,234
18,121,203
18,122,215
18,123,187
18,124,228
18,125,184
18,126,205
18,127,193
18,128,198
18,129,167
18,130,195
18,131,167
18,132,178
18,133,161
18,134,143
18,135,165
18,136,119
18,137,146
18,138,138
18,139,161
18,140,135
18,141,142
18,142,124
18,143,1519
18,144,433
18,145,162
18,146,128
18,147,146
18,148,214
18,149,148
18,150,143
18,151,147
18,152,142
18,153,147
18,154,133
18,155,186
18,156,148
18,157,188
18,158,161
18,159,166
18,160,201
18,161,183
18,162,150
18,163,156
18,164,150
18,165,157
18,166,155
18,167,159
18,168,151
18,169,164
18,170,174
18,171,188
18,172,157
18,173,171
18,174,192
18,175,161
18,176,155
18,177,174
18,178,194
18,179,1846
18,180,165
18,181,194
18,182,166
18,183,213
18,184,175
18,185,199
18,186,149
18,187,175
18,188,191
18,189,189
18,190,150
18,191,210
18,192,164
18,193,187
18,194,152
18,195,186
18,196,159
18,197,215
18,198,192
18,199,185
18,200,169
18,201,201
18,202,177
18,203,199
18,204,163
18,205,209
18,206,173
18,207,213
18,208,173
18,209,221
18,210,1508
18,211,257
18,212,175
18,213,334
18,214,202
18,215,357
18,216,176
18,217,247
18,218,191
18,219,274
18,220,202
18,221,711
18,222,202
18,223,277
18,224,213
18,225,302
18,226,216
18,227,309
18,228,219
18,229,311
18,230,241
18,231,305
18,232,245
18,233,336
18,234,260
18,235,3466
18,236,280
18,237,362
18,238,356
18,239,383
18,240,325
18,241,397
18,242,362
18,243,423
18,244,367
18,245,622
18,246,452
18,247,463
18,248,417
18,249,498
18,250,433
18,251,508
18,252,470
18,253,513
18,254,535
18,255,501
18,256,419
19,1,284
19,2,324
19,3,302
19,4,327
19,5,303
19,6,329
19,7,333
19,8,551
19,9,325
19,10,366
19,11,323
19,12,351
19,13,387
19,14,363
19,15,344
19,16,367
19,17,326
19,18,359
19,19,322
19,20,355
19,21,313
19,22,369
19,23,2404
19,24,364
19,25,336
19,26,365
19,27,366
19,28,818
19,29,348
19,30,467
19,31,373
19,32,405
19,33,379
19,34,429
19,35,404
19,36,437
19,37,444
19,38,563
19,39,438
19,40,470
19,41,434
19,42,479
19,43,459
19,44,461
19,45,375
19,46,381
19,47,322
19,48,267
19,49,288
19,50,242
19,51,333
19,52,353
19,53,265
19,54,294
19,55,297
19,56,287
19,57,261
19,58,283
19,59,406
19,60,282
19,61,290
19,62,279
19,63,252
19,64,325
19,65,249
19,66,263
19,67,265
19,68,296
19,69,252
19,70,264
19,71,427
19,72,255
19,73,360
19,74,258
19,75,265
19,76,290
19,77,270
19,78,263
19,79,250
19,80,275
19,81,242
19,82,236
19,83,244
19,84,238
19,85,224
19,86,236
19,87,235
19,88,292
19,89,227
19,90,243
19,91,240
19,92,277
19,93,226
19,94,228
19,95,243
19,96,224
19,97,240
19,98,227
19,99,241
19,100,230
19,101,225
19,102,221
19,103,294
19,104,224
19,105,218
19,106,209
19,107,218
19,108,222
19,109,220
19,110,211
19,111,217
19,112,214
19,113,203
19,114,216
19,115,205
19,116,210
19,117,203
19,118,213
19,119,230
19,120,209
19,121,197
19,122,213
19,123,187
19,124,227
19,125,183
19,126,205
19,127,194
19,128,199
19,129,167
19,130,196
19,131,167
19,132,176
19,133,161
19,134,142
19,135,163
19,136,120
19,137,145
19,138,139
19,139,160
19,140,135
19,141,141
19,142,125
19,143,1516
19,144,423
19,145,161
19,146,128
19,147,144
19,148,211
19,149,148
19,150,142
19,151,146
19,152,140
19,153,147
19,154,134
19,155,185
19,156,147
19,157,187
19,158,160
19,159,166
19,160,200
19,161,182
19,162,149
19,163,155
19,164,149
19,165,155
19,166,156
19,167,159
19,168,150
19,169,163
19,170,172
19,171,186
19,172,156
19,173,170
19,174,190
19,175,160
19,176,155
19,177,174
19,178,195
19,179,1847
19,180,165
19,181,191
19,182,165
19,183,213
19,184,177
19,185,199
19,186,149
19,187,174
19,188,192
19,189,188
19,190,149
19,191,209
19,192,164
19,193,186
19,194,151
19,195,186
19,196,158
19,197,214
19,198,193
19,199,183
19,200,168
19,201,201
19,202,177
19,203,199
19,204,164
19,205,207
19,206,173
19,207,213
19,208,173
19,209,219
19,210,1506
19,211,252
19,212,176
19,213,330
19,214,202
19,215,343
19,216,175
19,217,246
19,218,190
19,219,273
19,220,201
19,221,714
19,222,201
19,223,278
19,224,214
19,225,301
19,226,215
19,227,306
19,228,218
19,229,309
19,230,241
19,231,305
19,232,245
19,233,335
19,234,260
19,235,3462
19,236,279
19,237,363
19,238,353
19,239,384
19,240,329
19,241,395
19,242,362
19,243,423
19,244,369
19,245,619
19,246,454
19,247,462
19,248,413
19,249,500
19,250,433
19,251,507
19,252,468
19,253,512
19,254,534
19,255,500
19,256,419
20,1,284
20,2,324
20,3,302
20,4,327
20,5,303
20,6,329
20,7,333
20,8,551
20,9,325
20,10,366
20,11,323
20,12,351
20,13,387
20,14,363
20,15,344
20,16,367
20,17,326
20,18,359
20,19,322
20,20,355
20,21,313
20,22,369
20,23,2404
20,24,364
20,25,336
20,26,365
20,27,366
20,28,818
20,29,348
20,30,467
20,31,373
20,32,405
20,33,379
20,34,429
20,35,404
20,36,437
20,37,444
20,38,563
20,39,438
20,40,470
20,41,434
20,42,479
20,43,459
20,44,461
20,45,375
20,46,381
20,47,322
20,48,267
20,49,288
20,50,242
20,51,333
20,52,353
20,53,265
20,54,294
20,55,297
20,56,287
20,57,261
20,58,283
20,59,406
20,60,282
20,61,290
20,62,279
20,63,252
20,64,325
20,65,249
20,66,263
20,67,265
20,68,296
20,69,252
20,70,264
20,71,427
20,72,255
20,73,360
20,74,258
20,75,265
20,76,290
20,77,270
20,78,263
20,79,250
20,80,275
20,81,242
20,82,236
20,83,244
20,84,238
20,85,224
20,86,236
20,87,235
20,88,292
20,89,227
20,90,243
20,91,240
20,92,277
20,93,226
20,94,228
20,95,243
20,96,224
20,97,240
20,98,227
20,99,241
20,100,230
20,101,225
20,102,221
20,103,294
20,104,224
20,105,218
20,106,209
20,107,218
20,108,222
20,109,220
20,110,211
20,111,217
20,112,214
20,113,203
20,114,216
20,115,205
20,116,210
20,117,203
20,118,213
20,119,230
20,120,209
20,121,197
20,122,213
20,123,187
20,124,227
20,125,183
20,126,205
20,127,194
20,128,199
20,129,167
20,130,196
20,131,167
20,132,176
20,133,161
20,134,142
20,135,163
20,136,120
20,137,145
20,138,139
20,139,160
20,140,135
20,141,141
20,142,125
20,143,1516
20,144,423
20,145,161
20,146,128
20,147,144
20,148,211
20,149,148
20,150,142
20,151,146
20,152,140
20,153,147
20,154,134
20,155,185
20,156,147
20,157,187
20,158,160
20,159,166
20,160,200
20,161,182
20,162,149
20,163,155
20,164,149
20,165,155
20,166,156
20,167,159
20,168,150
20,169,163
20,170,172
20,171,186
20,172,156
20,173,170
20,174,190
20,175,160
20,176,155
20,177,174
20,178,195
20,179,1847
20,180,165
20,181,191
20,182,165
20,183,213
20,184,177
20,185,199
20,186,149
20,187,174
20,188,192
20,189,188
20,190,149
20,191,209
20,192,164
20,193,186
20,194,151
20,195,186
20,196,158
20,197,214
20,198,193
20,199,183
20,200,168
20,201,201
20,202,177
20,203,199
20,204,164
20,205,207
20,206,173
20,207,213
20,208,173
20,209,219
20,210,1506
20,211,252
20,212,176
20,213,330
20,214,202
20,215,343
20,216,175
20,217,246
20,218,190
20,219,273
20,220,201
20,221,714
20,222,201
20,223,278
20,224,214
20,225,301
20,226,215
20,227,306
20,228,218
20,229,309
20,230,241
20,231,305
20,232,245
20,233,335
20,234,260
20,235,3462
20,236,279
20,237,363
20,238,353
20,239,384
20,240,329
20,241,395
20,242,362
20,243,423
20,244,369
20,245,619
20,246,454
20,247,462
20,248,413
20,249,500
20,250,433
20,251,507
20,252,468
20,253,512
20,254,534
20,255,500
20,256,419
21,1,282
21,2,322
21,3,303
21,4,329
21,5,304
21,6,329
21,7,333
21,8,563
21,9,326
21,10,367
21,11,325
21,12,353
21,13,387
21,14,364
21,15,342
21,16,369
21,17,326
21,18,360
21,19,323
21,20,356
21,21,314
21,22,370
21,23,2404
21,24,364
21,25,338
21,26,365
21,27,359
21,28,816
21,29,349
21,30,473
21,31,374
21,32,405
21,33,378
21,34,431
21,35,402
21,36,434
21,37,443
21,38,566
21,39,440
21,40,472
21,41,434
21,42,479
21,43,459
21,44,461
21,45,377
21,46,380
21,47,321
21,48,267
21,49,280
21,50,244
21,51,327
21,52,354
21,53,266
21,54,295
21,55,297
21,56,289
21,57,261
21,58,283
21,59,406
21,60,282
21,61,292
21,62,279
21,63,252
21,64,326
21,65,253
21,66,265
21,67,267
21,68,295
21,69,251
21,70,266
21,71,427
21,72,256
21,73,361
21,74,259
21,75,265
21,76,290
21,77,270
21,78,262
21,79,249
21,80,276
21,81,243
21,82,238
21,83,246
21,84,239
21,85,225
21,86,239
21,87,236
21,88,291
21,89,228
21,90,243
21,91,239
21,92,278
21,93,227
21,94,228
21,95,242
21,96,225
21,97,240
21,98,230
21,99,242
21,100,230
21,101,223
21,102,221
21,103,292
21,104,224
21,105,219
21,106,210
21,107,217
21,108,223
21,109,220
21,110,211
21,111,217
21,112,214
21,113,202
21,114,216
21,115,206
21,116,214
21,117,203
21,118,212
21,119,229
21,120,209
21,121,196
21,122,215
21,123,187
21,124,228
21,125,183
21,126,206
21,127,194
21,128,200
21,129,167
21,130,197
21,131,167
21,132,175
21,133,161
21,134,143
21,135,166
21,136,118
21,137,145
21,138,139
21,139,159
21,140,135
21,141,140
21,142,126
21,143,1520
21,144,426
21,145,162
21,146,128
21,147,145
21,148,212
21,149,147
21,150,143
21,151,146
21,152,141
21,153,148
21,154,134
21,155,186
21,156,147
21,157,186
21,158,162
21,159,166
21,160,200
21,161,183
21,162,149
21,163,155
21,164,149
21,165,156
21,166,157
21,167,160
21,168,152
21,169,163
21,170,175
21,171,186
21,172,157
21,173,171
21,174,191
21,175,161
21,176,157
21,177,173
21,178,197
21,179,1846
21,180,164
21,181,191
21,182,167
21,183,209
21,184,177
21,185,201
21,186,161
21,187,178
21,188,192
21,189,188
21,190,150
21,191,209
21,192,164
21,193,185
21,194,152
21,195,187
21,196,159
21,197,213
21,198,193
21,199,184
21,200,168
21,201,202
21,202,178
21,203,199
21,204,163
21,205,207
21,206,172
21,207,213
21,208,173
21,209,220
21,210,1509
21,211,254
21,212,177
21,213,334
21,214,202
21,215,348
21,216,177
21,217,244
21,218,190
21,219,273
21,220,202
21,221,707
21,222,202
21,223,277
21,224,213
21,225,300
21,226,218
21,227,306
21,228,220
21,229,308
21,230,242
21,231,305
21,232,246
21,233,338
21,234,260
21,235,3452
21,236,280
21,237,363
21,238,355
21,239,385
21,240,325
21,241,395
21,242,362
21,243,424
21,244,369
21,245,623
21,246,456
21,247,463
21,248,416
21,249,498
21,250,433
21,251,509
21,252,469
21,253,513
21,254,535
21,255,501
21,256,420
22,1,282
22,2,322
22,3,303
22,4,329
22,5,304
22,6,329
22,7,333
22,8,563
22,9,326
22,10,367
22,11,325
22,12,353
22,13,387
22,14,364
22,15,342
22,16,369
22,17,326
22,18,360
22,19,323
22,20,356
22,21,314
22,22,370
22,23,2404
22,24,364
22,25,338
22,26,365
22,27,359
22,28,816
22,29,349
22,30,473
22,31,374
22,32,405
22,33,378
22,34,431
22,35,402
22,36,434
22,37,443
22,38,566
22,39,440
22,40,472
22,41,434
22,42,479
22,43,459
22,44,461
22,45,377
22,46,380
22,47,321
22,48,267
22,49,280
22,50,244
22,51,327
22,52,354
22,53,266
22,54,295
22,55,297
22,56,289
22,57,261
22,58,283
22,59,406
22,60,282
22,61,292
22,62,279
22,63,252
22,64,326
22,65,253
22,66,265
22,67,267
22,68,295
22,69,251
22,70,266
22,71,427
22,72,256
22,73,361
22,74,259
22,75,265
22,76,290
22,77,270
22,78,262
22,79,249
22,80,276
22,81,243
22,82,238
22,83,246
22,84,239
22,85,225
22,86,239
22,87,236
22,88,291
22,89,228
22,90,243
22,91,239
22,92,278
22,93,227
22,94,228
22,95,242
22,96,225
22,97,240
22,98,230
22,99,242
22,100,230
22,101,223
22,102,221
22,103,292
22,104,224
22,105,219
22,106,210
22,107,217
22,108,223
22,109,220
22,110,211
22,111,217
22,112,214
22,113,202
22,114,216
22,115,206
22,116,214
22,117,203
22,118,212
22,119,229
22,120,209
22,121,196
22,122,215
22,123,187
22,124,228
22,125,183
22,126,206
22,127,194
22,128,200
22,129,167
22,130,197
22,131,167
22,132,175
22,133,161
22,134,143
22,135,166
22,136,118
22,137,145
22,138,139
22,139,159
22,140,135
22,141,140
22,142,126
22,143,1520
22,144,426
22,145,162
22,146,128
22,147,145
22,148,212
22,149,147
22,150,143
22,151,146
22,152,141
22,153,148
22,154,134
22,155,186
22,156,147
22,157,186
22,158,162
22,159,166
22,160,200
22,161,183
22,162,149
22,163,155
22,164,149
22,165,156
22,166,157
22,167,160
22,168,152
22,169,163
22,170,175
22,171,186
22,172,157
22,173,171
22,174,191
22,175,161
22,176,157
22,177,173
22,178,197
22,179,1846
22,180,164
22,181,191
22,182,167
22,183,209
22,184,177
22,185,201
22,186,161
22,187,178
22,188,192
22,189,188
22,190,150
22,191,209
22,192,164
22,193,185
22,194,152
22,195,187
22,196,159
22,197,213
22,198,193
22,199,184
22,200,168
22,201,202
22,202,178
22,203,199
22,204,163
22,205,207
22,206,172
22,207,213
22,208,173
22,209,220
22,210,1509
22,211,254
22,212,177
22,213,334
22,214,202
22,215,348
22,216,177
22,217,244
22,218,190
22,219,273
22,220,202
22,221,707
22,222,202
22,223,277
22,224,213
22,225,300
22,226,218
22,227,306
22,228,220
22,229,308
22,230,242
22,231,305
22,232,246
22,233,338
22,234,260
22,235,3452
22,236,280
22,237,363
22,238,355
22,239,385
22,240,325
22,241,395
22,242,362
22,243,424
22,244,369
22,245,623
22,246,456
22,247,463
22,248,416
22,249,498
22,250,433
22,251,509
22,252,469
22,253,513
22,254,535
22,255,501
22,256,420
23,1,285
23,2,325
23,3,303
23,4,328
23,5,304
23,6,329
23,7,331
23,8,563
23,9,327
23,10,365
23,11,322
23,12,352
23,13,387
23,14,365
23,15,343
23,16,368
23,17,326
23,18,361
23,19,323
23,20,355
23,21,315
23,22,367
23,23,2399
23,24,363
23,25,339
23,26,365
23,27,361
23,28,816
23,29,350
23,30,471
23,31,373
23,32,405
23,33,380
23,34,430
23,35,403
23,36,435
23,37,443
23,38,567
23,39,442
23,40,472
23,41,435
23,42,479
23,43,460
23,44,460
23,45,378
23,46,381
23,47,323
23,48,266
23,49,285
23,50,243
23,51,326
23,52,354
23,53,267
23,54,294
23,55,295
23,56,289
23,57,261
23,58,283
23,59,406
23,60,282
23,61,290
23,62,279
23,63,251
23,64,328
23,65,252
23,66,264
23,67,267
23,68,296
23,69,252
23,70,265
23,71,428
23,72,254
23,73,359
23,74,259
23,75,265
23,76,290
23,77,270
23,78,261
23,79,251
23,80,275
23,81,243
23,82,235
23,83,246
23,84,238
23,85,225
23,86,237
23,87,236
23,88,292
23,89,227
23,90,242
23,91,240
23,92,276
23,93,227
23,94,229
23,95,243
23,96,225
23,97,240
23,98,228
23,99,242
23,100,230
23,101,225
23,102,221
23,103,291
23,104,223
23,105,219
23,106,210
23,107,218
23,108,222
23,109,217
23,110,211
23,111,217
23,112,214
23,113,203
23,114,216
23,115,205
23,116,212
23,117,203
23,118,213
23,119,229
23,120,211
23,121,197
23,122,215
23,123,188
23,124,227
23,125,184
23,126,206
23,127,194
23,128,198
23,129,167
23,130,194
23,131,167
23,132,175
23,133,159
23,134,144
23,135,165
23,136,119
23,137,145
23,138,139
23,139,159
23,140,134
23,141,139
23,142,126
23,143,1520
23,144,435
23,145,162
23,146,128
23,147,145
23,148,210
23,149,147
23,150,142
23,151,146
23,152,139
23,153,148
23,154,133
23,155,189
23,156,148
23,157,189
23,158,162
23,159,167
23,160,201
23,161,183
23,162,150
23,163,157
23,164,151
23,165,157
23,166,156
23,167,160
23,168,151
23,169,163
23,170,174
23,171,187
23,172,157
23,173,170
23,174,187
23,175,161
23,176,156
23,177,173
23,178,197
23,179,1850
23,180,165
23,181,191
23,182,168
23,183,210
23,184,176
23,185,201
23,186,147
23,187,173
23,188,193
23,189,188
23,190,151
23,191,209
23,192,165
23,193,187
23,194,152
23,195,185
23,196,160
23,197,214
23,198,192
23,199,184
23,200,169
23,201,201
23,202,177
23,203,200
23,204,164
23,205,207
23,206,172
23,207,213
23,208,173
23,209,220
23,210,1506
23,211,253
23,212,176
23,213,334
23,214,202
23,215,344
23,216,175
23,217,246
23,218,192
23,219,274
23,220,202
23,221,716
23,222,202
23,223,278
23,224,212
23,225,302
23,226,216
23,227,307
23,228,219
23,229,310
23,230,242
23,231,306
23,232,246
23,233,337
23,234,261
23,235,3466
23,236,280
23,237,362
23,238,353
23,239,385
23,240,328
23,241,396
23,242,362
23,243,426
23,244,368
23,245,623
23,246,462
23,247,463
23,248,414
23,249,500
23,250,435
23,251,508
23,252,468
23,253,513
23,254,535
23,255,501
23,256,420
24,1,285
24,2,325
24,3,303
24,4,328
24,5,304
24,6,329
24,7,331
24,8,563
24,9,327
24,10,365
24,11,322
24,12,352
24,13,387
24,14,365
24,15,343
24,16,368
24,17,326
24,18,361
24,19,323
24,20,355
24,21,315
24,22,367
24,23,2399
24,24,363
24,25,339
24,26,365
24,27,361
24,28,816
24,29,350
24,30,471
24,31,373
24,32,405
24,33,380
24,34,430
24,35,403
24,36,435
24,37,443
24,38,567
24,39,442
24,40,472
24,41,435
24,42,479
24,43,460
24,44,460
24,45,378
24,46,381
24,47,323
24,48,266
24,49,285
24,50,243
24,51,326
24,52,354
24,53,267
24,54,294
24,55,295
24,56,289
24,57,261
24,58,283
24,59,406
24,60,282
24,61,290
24,62,279
24,63,251
24,64,328
24,65,252
24,66,264
24,67,267
24,68,296
24,69,252
24,70,265
24,71,428
24,72,254
24,73,359
24,74,259
24,75,265
24,76,290
24,77,270
24,78,261
24,79,251
24,80,275
24,81,243
24,82,235
24,83,246
24,84,238
24,85,225
24,86,237
24,87,236
24,88,292
24,89,227
24,90,242
24,91,240
24,92,276
24,93,227
24,94,229
24,95,243
24,96,225
24,97,240
24,98,228
24,99,242
24,100,230
24,101,225
24,102,221
24,103,291
24,104,223
24,105,219
24,106,210
24,107,218
24,108,222
24,109,217
24,110,211
24,111,217
24,112,214
24,113,203
24,114,216
24,115,205
24,116,212
24,117,203
24,118,213
24,119,229
24,120,211
24,121,197
24,122,215
24,123,188
24,124,227
24,125,184
24,126,206
24,127,194
24,128,198
24,129,167
24,130,194
24,131,167
24,132,175
24,133,159
24,134,144
24,135,165
24,136,119
24,137,145
24,138,139
24,139,159
24,140,134
24,141,139
24,142,126
24,143,1520
24,144,435
24,145,162
24,146,128
24,147,145
24,148,210
24,149,147
24,150,142
24,151,146
24,152,139
24,153,148
24,154,133
24,155,189
24,156,148
24,157,189
24,158,162
24,159,167
24,160,201
24,161,183
24,162,150
24,163,157
24,164,151
24,165,157
24,166,156
24,167,160
24,168,151
24,169,163
24,170,174
24,171,187
24,172,157
24,173,170
24,174,187
24,175,161
24,176,156
24,177,173
24,178,197
24,179,1850
24,180,165
24,181,191
24,182,168
24,183,210
24,184,176
24,185,201
24,186,147
24,187,173
24,188,193
24,189,188
24,190,151
24,191,209
24,192,165
24,193,187
24,194,152
24,195,185
24,196,160
24,197,214
24,198,192
24,199,184
24,200,169
24,201,201
24,202,177
24,203,200
24,204,164
24,205,207
24,206,172
24,207,213
24,208,173
24,209,220
24,210,1506
24,211,253
24,212,176
24,213,334
24,214,202
24,215,344
24,216,175
24,217,246
24,218,192
24,219,274
24,220,202
24,221,716
24,222,202
24,223,278
24,224,212
24,225,302
24,226,216
24,227,307
24,228,219
24,229,310
24,230,242
24,231,306
24,232,246
24,233,337
24,234,261
24,235,3466
24,236,280
24,237,362
24,238,353
24,239,385
24,240,328
24,241,396
24,242,362
24,243,426
24,244,368
24,245,623
24,246,462
24,247,463
24,248,414
24,249,500
24,250,435
24,251,508
24,252,468
24,253,513
24,254,535
24,255,501
24,256,420
25,1,285
25,2,325
25,3,301
25,4,329
25,5,303
25,6,328
25,7,332
25,8,560
25,9,326
25,10,367
25,11,323
25,12,351
25,13,387
25,14,363
25,15,344
25,16,369
25,17,326
25,18,360
25,19,322
25,20,355
25,21,314
25,22,368
25,23,2454
25,24,363
25,25,340
25,26,365
25,27,360
25,28,818
25,29,348
25,30,470
25,31,375
25,32,404
25,33,379
25,34,431
25,35,403
25,36,436
25,37,445
25,38,565
25,39,441
25,40,471
25,41,435
25,42,481
25,43,460
25,44,462
25,45,378
25,46,381
25,47,322
25,48,265
25,49,282
25,50,242
25,51,327
25,52,358
25,53,265
25,54,295
25,55,297
25,56,288
25,57,260
25,58,282
25,59,407
25,60,282
25,61,290
25,62,278
25,63,253
25,64,329
25,65,253
25,66,265
25,67,266
25,68,295
25,69,253
25,70,267
25,71,429
25,72,256
25,73,359
25,74,259
25,75,265
25,76,291
25,77,271
25,78,263
25,79,250
25,80,274
25,81,243
25,82,236
25,83,246
25,84,239
25,85,226
25,86,236
25,87,236
25,88,293
25,89,227
25,90,242
25,91,240
25,92,279
25,93,228
25,94,229
25,95,242
25,96,226
25,97,241
25,98,226
25,99,242
25,100,230
25,101,225
25,102,221
25,103,291
25,104,224
25,105,220
25,106,210
25,107,218
25,108,222
25,109,219
25,110,210
25,111,217
25,112,215
25,113,202
25,114,216
25,115,206
25,116,212
25,117,203
25,118,213
25,119,229
25,120,209
25,121,197
25,122,214
25,123,187
25,124,228
25,125,182
25,126,205
25,127,194
25,128,198
25,129,167
25,130,196
25,131,168
25,132,176
25,133,162
25,134,142
25,135,164
25,136,118
25,137,145
25,138,139
25,139,159
25,140,135
25,141,141
25,142,126
25,143,1521
25,144,426
25,145,160
25,146,128
25,147,146
25,148,212
25,149,147
25,150,143
25,151,146
25,152,141
25,153,148
25,154,134
25,155,189
25,156,148
25,157,186
25,158,161
25,159,166
25,160,202
25,161,182
25,162,149
25,163,156
25,164,149
25,165,156
25,166,156
25,167,159
25,168,153
25,169,163
25,170,173
25,171,186
25,172,157
25,173,170
25,174,188
25,175,161
25,176,155
25,177,174
25,178,193
25,179,1844
25,180,165
25,181,192
25,182,168
25,183,213
25,184,177
25,185,199
25,186,149
25,187,175
25,188,192
25,189,188
25,190,150
25,191,210
25,192,164
25,193,186
25,194,152
25,195,186
25,196,159
25,197,213
25,198,193
25,199,185
25,200,169
25,201,201
25,202,197
25,203,198
25,204,164
25,205,207
25,206,171
25,207,213
25,208,173
25,209,221
25,210,1507
25,211,255
25,212,177
25,213,336
25,214,200
25,215,347
25,216,175
25,217,245
25,218,191
25,219,274
25,220,202
25,221,721
25,222,202
25,223,278
25,224,212
25,225,301
25,226,216
25,227,307
25,228,218
25,229,311
25,230,241
25,231,305
25,232,245
25,233,336
25,234,260
25,235,3446
25,236,282
25,237,364
25,238,354
25,239,385
25,240,327
25,241,398
25,242,361
25,243,423
25,244,369
25,245,621
25,246,453
25,247,463
25,248,415
25,249,501
25,250,433
25,251,507
25,252,470
25,253,515
25,254,542
25,255,501
25,256,420
26,1,285
26,2,325
26,3,301
26,4,329
26,5,303
26,6,328
26,7,332
26,8,560
26,9,326
26,10,367
26,11,323
26,12,351
26,13,387
26,14,363
26,15,344
26,16,369
26,17,326
26,18,360
26,19,322
26,20,355
26,21,314
26,22,368
26,23,2454
26,24,363
26,25,340
26,26,365
26,27,360
26,28,818
26,29,348
26,30,470
26,31,375
26,32,404
26,33,379
26,34,431
26,35,403
26,36,436
26,37,445
26,38,565
26,39,441
26,40,471
26,41,435
26,42,481
26,43,460
26,44,462
26,45,378
26,46,381
26,47,322
26,48,265
26,49,282
26,50,242
26,51,327
26,52,358
26,53,265
26,54,295
26,55,297
26,56,288
26,57,260
26,58,282
26,59,407
26,60,282
26,61,290
26,62,278
26,63,253
26,64,329
26,65,253
26,66,265
26,67,266
26,68,295
26,69,253
26,70,267
26,71,429
26,72,256
26,73,359
26,74,259
26,75,265
26,76,291
26,77,271
26,78,263
26,79,250
26,80,274
26,81,243
26,82,236
26,83,246
26,84,239
26,85,226
26,86,236
26,87,236
26,88,293
26,89,227
26,90,242
26,91,240
26,92,279
26,93,228
26,94,229
26,95,242
26,96,226
26,97,241
26,98,226
26,99,242
26,100,230
26,101,225
26,102,221
26,103,291
26,104,224
26,105,220
26,106,210
26,107,218
26,108,222
26,109,219
26,110,210
26,111,217
26,112,215
26,113,202
26,114,216
26,115,206
26,116,212
26,117,203
26,118,213
26,119,229
26,120,209
26,121,197
26,122,214
26,123,187
26,124,228
26,125,182
26,126,205
26,127,194
26,128,198
26,129,167
26,130,196
26,131,168
26,132,176
26,133,162
26,134,142
26,135,164
26,136,118
26,137,145
26,138,139
26,139,159
26,140,135
26,141,141
26,142,126
26,143,1521
26,144,426
26,145,160
26,146,128
26,147,146
26,148,212
26,149,147
26,150,143
26,151,146
26,152,141
26,153,148
26,154,134
26,155,189
26,156,148
26,157,186
26,158,161
26,159,166
26,160,202
26,161,182
26,162,149
26,163,156
26,164,149
26,165,156
26,166,156
26,167,159
26,168,153
26,169,163
26,170,173
26,171,186
26,172,157
26,173,170
26,174,188
26,175,161
26,176,155
26,177,174
26,178,193
26,179,1844
26,180,165
26,181,192
26,182,168
26,183,213
26,184,177
26,185,199
26,186,149
26,187,175
26,188,192
26,189,188
26,190,150
26,191,210
26,192,164
26,193,186
26,194,152
26,195,186
26,196,159
26,197,213
26,198,193
26,199,185
26,200,169
26,201,201
26,202,197
26,203,198
26,204,164
26,205,207
26,206,171
26,207,213
26,208,173
26,209,221
26,210,1507
26,211,255
26,212,177
26,213,336
26,214,200
26,215,347
26,216,175
26,217,245
26,218,191
26,219,274
26,220,202
26,221,721
26,222,202
26,223,278
26,224,212
26,225,301
26,226,216
26,227,307
26,228,218
26,229,311
26,230,241
26,231,305
26,232,245
26,233,336
26,234,260
26,235,3446
26,236,282
26,237,364
26,238,354
26,239,385
26,240,327
26,241,398
26,242,361
26,243,423
26,244,369
26,245,621
26,246,453
26,247,463
26,248,415
26,249,501
26,250,433
26,251,507
26,252,470
26,253,515
26,254,542
26,255,501
26,256,420
27,1,284
27,2,326
27,3,302
27,4,328
27,5,304
27,6,328
27,7,332
27,8,565
27,9,326
27,10,366
27,11,323
27,12,350
27,13,387
27,14,362
27,15,344
27,16,367
27,17,326
27,18,357
27,19,322
27,20,354
27,21,315
27,22,368
27,23,2532
27,24,364
27,25,339
27,26,365
27,27,358
27,28,815
27,29,349
27,30,472
27,31,373
27,32,405
27,33,381
27,34,431
27,35,403
27,36,436
27,37,446
27,38,566
27,39,441
27,40,473
27,41,436
27,42,479
27,43,460
27,44,461
27,45,376
27,46,381
27,47,323
27,48,266
27,49,283
27,50,242
27,51,327
27,52,355
27,53,268
27,54,295
27,55,297
27,56,289
27,57,260
27,58,282
27,59,406
27,60,282
27,61,292
27,62,278
27,63,253
27,64,328
27,65,252
27,66,263
27,67,267
27,68,294
27,69,258
27,70,263
27,71,429
27,72,255
27,73,360
27,74,259
27,75,265
27,76,288
27,77,269
27,78,261
27,79,251
27,80,276
27,81,243
27,82,236
27,83,246
27,84,238
27,85,225
27,86,236
27,87,237
27,88,291
27,89,229
27,90,242
27,91,241
27,92,277
27,93,228
27,94,228
27,95,243
27,96,224
27,97,240
27,98,229
27,99,242
27,100,230
27,101,225
27,102,221
27,103,292
27,104,222
27,105,219
27,106,208
27,107,218
27,108,221
27,109,221
27,110,209
27,111,219
27,112,214
27,113,202
27,114,215
27,115,206
27,116,212
27,117,205
27,118,213
27,119,230
27,120,208
27,121,196
27,122,213
27,123,187
27,124,226
27,125,184
27,126,205
27,127,193
27,128,197
27,129,168
27,130,194
27,131,168
27,132,174
27,133,161
27,134,142
27,135,164
27,136,118
27,137,146
27,138,138
27,139,160
27,140,135
27,141,141
27,142,125
27,143,1523
27,144,423
27,145,162
27,146,127
27,147,146
27,148,211
27,149,148
27,150,142
27,151,147
27,152,141
27,153,147
27,154,133
27,155,188
27,156,147
27,157,188
27,158,160
27,159,167
27,160,199
27,161,183
27,162,150
27,163,156
27,164,148
27,165,157
27,166,156
27,167,160
27,168,151
27,169,163
27,170,172
27,171,187
27,172,155
27,173,170
27,174,187
27,175,160
27,176,154
27,177,174
27,178,194
27,179,1844
27,180,164
27,181,191
27,182,168
27,183,214
27,184,175
27,185,199
27,186,149
27,187,174
27,188,191
27,189,188
27,190,149
27,191,210
27,192,163
27,193,186
27,194,150
27,195,188
27,196,158
27,197,214
27,198,191
27,199,184
27,200,169
27,201,202
27,202,176
27,203,199
27,204,164
27,205,209
27,206,172
27,207,213
27,208,172
27,209,220
27,210,1506
27,211,255
27,212,175
27,213,332
27,214,202
27,215,346
27,216,174
27,217,246
27,218,190
27,219,273
27,220,200
27,221,721
27,222,201
27,223,277
27,224,212
27,225,301
27,226,216
27,227,307
27,228,217
27,229,309
27,230,239
27,231,306
27,232,245
27,233,337
27,234,259
27,235,3465
27,236,279
27,237,364
27,238,353
27,239,384
27,240,327
27,241,395
27,242,360
27,243,423
27,244,367
27,245,623
27,246,457
27,247,464
27,248,414
27,249,499
27,250,434
27,251,508
27,252,467
27,253,514
27,254,539
27,255,502
27,256,419
28,1,284
28,2,326
28,3,302
28,4,328
28,5,304
28,6,328
28,7,332
28,8,565
28,9,326
28,10,366
28,11,323
28,12,350
28,13,387
28,14,362
28,15,344
28,16,367
28,17,326
28,18,357
28,19,322
28,20,354
28,21,315
28,22,368
28,23,2532
28,24,364
28,25,339
28,26,365
28,27,358
28,28,815
28,29,349
28,30,472
28,31,373
28,32,405
28,33,381
28,34,431
28,35,403
28,36,436
28,37,446
28,38,566
28,39,441
28,40,473
28,41,436
28,42,479
28,43,460
28,44,461
28,45,376
28,46,381
28,47,323
28,48,266
28,49,283
28,50,242
28,51,327
28,52,355
28,53,268
28,54,295
28,55,297
28,56,289
28,57,260
28,58,282
28,59,406
28,60,282
28,61,292
28,62,278
28,63,253
28,64,328
28,65,252
28,66,263
28,67,267
28,68,294
28,69,258
28,70,263
28,71,429
28,72,255
28,73,360
28,74,259
28,75,265
28,76,288
28,77,269
28,78,261
28,79,251
28,80,276
28,81,243
28,82,236
28,83,246
28,84,238
28,85,225
28,86,236
28,87,237
28,88,291
28,89,229
28,90,242
28,91,241
28,92,277
28,93,228
28,94,228
28,95,243
28,96,224
28,97,240
28,98,229
28,99,242
28,100,230
28,101,225
28,102,221
28,103,292
28,104,222
28,105,219
28,106,208
28,107,218
28,108,221
28,109,221
28,110,209
28,111,219
28,112,214
28,113,202
28,114,215
28,115,206
28,116,212
28,117,205
28,118,213
28,119,230
28,120,208
28,121,196
28,122,213
28,123,187
28,124,226
28,125,184
28,126,205
28,127,193
28,128,197
28,129,168
28,130,194
28,131,168
28,132,174
28,133,161
28,134,142
28,135,164
28,136,118
28,137,146
28,138,138
28,139,160
28,140,135
28,141,141
28,142,125
28,143,1523
28,144,423
28,145,162
28,146,127
28,147,146
28,148,211
28,149,148
28,150,142
28,151,147
28,152,141
28,153,147
28,154,133
28,155,188
28,156,147
28,157,188
28,158,160
28,159,167
28,160,199
28,161,183
28,162,150
28,163,156
28,164,148
28,165,157
28,166,156
28,167,160
28,168,151
28,169,163
28,170,172
28,171,187
28,172,155
28,173,170
28,174,187
28,175,160
28,176,154
28,177,174
28,178,194
28,179,1844
28,180,164
28,181,191
28,182,168
28,183,214
28,184,175
28,185,199
28,186,149
28,187,174
28,188,191
28,189,188
28,190,149
28,191,210
28,192,163
28,193,186
28,194,150
28,195,188
28,196,158
28,197,214
28,198,191
28,199,184
28,200,169
28,201,202
28,202,176
28,203,199
28,204,164
28,205,209
28,206,172
28,207,213
28,208,172
28,209,220
28,210,1506
28,211,255
28,212,175
28,213,332
28,214,202
28,215,346
28,216,174
28,217,246
28,218,190
28,219,273
28,220,200
28,221,721
28,222,201
28,223,277
28,224,212
28,225,301
28,226,216
28,227,307
28,228,217
28,229,309
28,230,239
28,231,306
28,232,245
28,233,337
28,234,259
28,235,3465
28,236,279
28,237,364
28,238,353
28,239,384
28,240,327
28,241,395
28,242,360
28,243,423
28,244,367
28,245,623
28,246,457
28,247,464
28,248,414
28,249,499
28,250,434
28,251,508
28,252,467
28,253,514
28,254,539
28,255,502
28,256,419
29,1,285
29,2,325
29,3,303
29,4,329
29,5,303
29,6,329
29,7,332
29,8,566
29,9,324
29,10,366
29,11,323
29,12,352
29,13,386
29,14,364
29,15,342
29,16,368
29,17,325
29,18,359
29,19,323
29,20,355
29,21,314
29,22,369
29,23,2407
29,24,364
29,25,338
29,26,365
29,27,360
29,28,817
29,29,348
29,30,460
29,31,374
29,32,406
29,33,378
29,34,430
29,35,401
29,36,437
29,37,445
29,38,567
29,39,440
29,40,472
29,41,436
29,42,479
29,43,459
29,44,461
29,45,375
29,46,381
29,47,322
29,48,266
29,49,281
29,50,245
29,51,330
29,52,354
29,53,266
29,54,295
29,55,296
29,56,290
29,57,260
29,58,285
29,59,408
29,60,283
29,61,290
29,62,279
29,63,253
29,64,331
29,65,251
29,66,265
29,67,267
29,68,297
29,69,253
29,70,266
29,71,426
29,72,256
29,73,359
29,74,259
29,75,265
29,76,290
29,77,270
29,78,264
29,79,249
29,80,276
29,81,242
29,82,237
29,83,245
29,84,239
29,85,225
29,86,237
29,87,236
29,88,293
29,89,230
29,90,243
29,91,239
29,92,276
29,93,228
29,94,230
29,95,242
29,96,226
29,97,240
29,98,229
29,99,242
29,100,231
29,101,224
29,102,222
29,103,291
29,104,223
29,105,219
29,106,209
29,107,219
29,108,223
29,109,219
29,110,211
29,111,218
29,112,215
29,113,203
29,114,217
29,115,206
29,116,213
29,117,204
29,118,213
29,119,230
29,120,210
29,121,197
29,122,214
29,123,187
29,124,229
29,125,183
29,126,206
29,127,193
29,128,199
29,129,168
29,130,195
29,131,167
29,132,175
29,133,162
29,134,142
29,135,163
29,136,119
29,137,144
29,138,140
29,139,160
29,140,135
29,141,140
29,142,127
29,143,1520
29,144,427
29,145,161
29,146,128
29,147,145
29,148,211
29,149,147
29,150,143
29,151,146
29,152,142
29,153,147
29,154,135
29,155,186
29,156,148
29,157,186
29,158,162
29,159,165
29,160,201
29,161,182
29,162,150
29,163,157
29,164,149
29,165,156
29,166,157
29,167,160
29,168,151
29,169,163
29,170,174
29,171,185
29,172,157
29,173,170
29,174,190
29,175,160
29,176,156
29,177,173
29,178,196
29,179,1848
29,180,165
29,181,198
29,182,168
29,183,212
29,184,177
29,185,200
29,186,150
29,187,173
29,188,193
29,189,187
29,190,150
29,191,210
29,192,165
29,193,187
29,194,151
29,195,186
29,196,159
29,197,214
29,198,193
29,199,183
29,200,169
29,201,201
29,202,177
29,203,200
29,204,164
29,205,208
29,206,173
29,207,212
29,208,173
29,209,220
29,210,1508
29,211,254
29,212,176
29,213,335
29,214,202
29,215,350
29,216,176
29,217,245
29,218,191
29,219,272
29,220,202
29,221,721
29,222,202
29,223,278
29,224,214
29,225,301
29,226,217
29,227,307
29,228,219
29,229,311
29,230,241
29,231,303
29,232,246
29,233,338
29,234,262
29,235,3474
29,236,278
29,237,363
29,238,353
29,239,385
29,240,329
29,241,396
29,242,364
29,243,423
29,244,368
29,245,626
29,246,456
29,247,462
29,248,414
29,249,499
29,250,435
29,251,509
29,252,469
29,253,514
29,254,534
29,255,499
29,256,422
30,1,285
30,2,325
30,3,303
30,4,329
30,5,303
30,6,329
30,7,332
30,8,566
30,9,324
30,10,366
30,11,323
30,12,352
30,13,386
30,14,364
30,15,342
30,16,368
30,17,325
30,18,359
30,19,323
30,20,355
30,21,314
30,22,369
30,23,2407
30,24,364
30,25,338
30,26,365
30,27,360
30,28,817
30,29,348
30,30,460
30,31,374
30,32,406
30,33,378
30,34,430
30,35,401
30,36,437
30,37,445
30,38,567
30,39,440
30,40,472
30,41,436
30,42,479
30,43,459
30,44,461
30,45,375
30,46,381
30,47,322
30,48,266
30,49,281
30,50,245
30,51,330
30,52,354
30,53,266
30,54,295
30,55,296
30,56,290
30,57,260
30,58,285
30,59,408
30,60,283
30,61,290
30,62,279
30,63,253
30,64,331
30,65,251
30,66,265
30,67,267
30,68,297
30,69,253
30,70,266
30,71,426
30,72,256
30,73,359
30,74,259
30,75,265
30,76,290
30,77,270
30,78,264
30,79,249
30,80,276
30,81,242
30,82,237
30,83,245
30,84,239
30,85,225
30,86,237
30,87,236
30,88,293
30,89,230
30,90,243
30,91,239
30,92,276
30,93,228
30,94,230
30,95,242
30,96,226
30,97,240
30,98,229
30,99,242
30,100,231
30,101,224
30,102,222
30,103,291
30,104,223
30,105,219
30,106,209
30,107,219
30,108,223
30,109,219
30,110,211
30,111,218
30,112,215
30,113,203
30,114,217
30,115,206
30,116,213
30,117,204
30,118,213
30,119,230
30,120,210
30,121,197
30,122,214
30,123,187
30,124,229
30,125,183
30,126,206
30,127,193
30,128,199
30,129,168
30,130,195
30,131,167
30,132,175
30,133,162
30,134,142
30,135,163
30,136,119
30,137,144
30,138,140
30,139,160
30,140,135
30,141,140
30,142,127
30,143,1520
30,144,427
30,145,161
30,146,128
30,147,145
30,148,211
30,149,147
30,150,143
30,151,146
30,152,142
30,153,147
30,154,135
30,155,186
30,156,148
30,157,186
30,158,162
30,159,165
30,160,201
30,161,182
30,162,150
30,163,157
30,164,149
30,165,156
30,166,157
30,167,160
30,168,151
30,169,163
30,170,174
30,171,185
30,172,157
30,173,170
30,174,190
30,175,160
30,176,156
30,177,173
30,178,196
30,179,1848
30,180,165
30,181,198
30,182,168
30,183,212
30,184,177
30,185,200
30,186,150
30,187,173
30,188,193
30,189,187
30,190,150
30,191,210
30,192,165
30,193,187
30,194,151
30,195,186
30,196,159
30,197,214
30,198,193
30,199,183
30,200,169
30,201,201
30,202,177
30,203,200
30,204,164
30,205,208
30,206,173
30,207,212
30,208,173
30,209,220
30,210,1508
30,211,254
30,212,176
30,213,335
30,214,202
30,215,350
30,216,176
30,217,245
30,218,191
30,219,272
30,220,202
30,221,721
30,222,202
30,223,278
30,224,214
30,225,301
30,226,217
30,227,307
30,228,219
30,229,311
30,230,241
30,231,303
30,232,246
30,233,338
30,234,262
30,235,3474
30,236,278
30,237,363
30,238,353
30,239,385
30,240,329
30,241,396
30,242,364
30,243,423
30,244,368
30,245,626
30,246,456
30,247,462
30,248,414
30,249,499
30,250,435
30,251,509
30,252,469
30,253,514
30,254,534
30,255,499
30,256,422
31,1,284
31,2,326
31,3,302
31,4,328
31,5,303
31,6,329
31,7,333
31,8,569
31,9,326
31,10,368
31,11,323
31,12,351
31,13,387
31,14,364
31,15,343
31,16,368
31,17,327
31,18,359
31,19,322
31,20,355
31,21,313
31,22,368
31,23,2442
31,24,363
31,25,338
31,26,365
31,27,359
31,28,815
31,29,350
31,30,466
31,31,372
31,32,404
31,33,380
31,34,431
31,35,403
31,36,438
31,37,447
31,38,564
31,39,440
31,40,474
31,41,435
31,42,479
31,43,460
31,44,462
31,45,378
31,46,383
31,47,324
31,48,266
31,49,280
31,50,243
31,51,331
31,52,356
31,53,267
31,54,295
31,55,300
31,56,290
31,57,261
31,58,283
31,59,408
31,60,282
31,61,292
31,62,279
31,63,253
31,64,330
31,65,252
31,66,265
31,67,265
31,68,297
31,69,252
31,70,265
31,71,427
31,72,257
31,73,360
31,74,258
31,75,266
31,76,290
31,77,271
31,78,264
31,79,252
31,80,274
31,81,243
31,82,236
31,83,246
31,84,239
31,85,225
31,86,236
31,87,235
31,88,292
31,89,229
31,90,243
31,91,239
31,92,278
31,93,227
31,94,229
31,95,242
31,96,224
31,97,240
31,98,228
31,99,242
31,100,231
31,101,225
31,102,221
31,103,291
31,104,223
31,105,220
31,106,209
31,107,218
31,108,223
31,109,219
31,110,210
31,111,217
31,112,213
31,113,202
31,114,217
31,115,206
31,116,212
31,117,204
31,118,213
31,119,232
31,120,208
31,121,197
31,122,213
31,123,187
31,124,227
31,125,184
31,126,206
31,127,195
31,128,197
31,129,167
31,130,195
31,131,168
31,132,174
31,133,162
31,134,142
31,135,164
31,136,119
31,137,146
31,138,139
31,139,159
31,140,135
31,141,141
31,142,127
31,143,1518
31,144,426
31,145,161
31,146,127
31,147,146
31,148,214
31,149,148
31,150,142
31,151,147
31,152,141
31,153,148
31,154,134
31,155,186
31,156,148
31,157,187
31,158,161
31,159,167
31,160,198
31,161,185
31,162,150
31,163,156
31,164,150
31,165,157
31,166,157
31,167,159
31,168,152
31,169,162
31,170,174
31,171,187
31,172,157
31,173,170
31,174,187
31,175,160
31,176,155
31,177,173
31,178,193
31,179,1845
31,180,165
31,181,192
31,182,170
31,183,212
31,184,176
31,185,199
31,186,149
31,187,175
31,188,193
31,189,188
31,190,149
31,191,210
31,192,164
31,193,187
31,194,152
31,195,186
31,196,159
31,197,214
31,198,192
31,199,184
31,200,168
31,201,202
31,202,178
31,203,199
31,204,163
31,205,207
31,206,171
31,207,213
31,208,173
31,209,221
31,210,1510
31,211,253
31,212,176
31,213,324
31,214,202
31,215,344
31,216,174
31,217,245
31,218,191
31,219,273
31,220,202
31,221,722
31,222,202
31,223,278
31,224,213
31,225,301
31,226,217
31,227,307
31,228,219
31,229,310
31,230,242
31,231,305
31,232,247
31,233,337
31,234,260
31,235,3466
31,236,279
31,237,363
31,238,354
31,239,386
31,240,328
31,241,396
31,242,362
31,243,425
31,244,368
31,245,621
31,246,453
31,247,462
31,248,414
31,249,500
31,250,434
31,251,507
31,252,469
31,253,514
31,254,540
31,255,499
31,256,419
32,1,284
32,2,326
32,3,302
32,4,328
32,5,303
32,6,329
32,7,333
32,8,569
32,9,326
32,10,368
32,11,323
32,12,351
32,13,387
32,14,364
32,15,343
32,16,368
32,17,327
32,18,359
32,19,322
32,20,355
32,21,313
32,22,368
32,23,2442
32,24,363
32,25,338
32,26,365
32,27,359
32,28,815
32,29,350
32,30,466
32,31,372
32,32,404
32,33,380
32,34,431
32,35,403
32,36,438
32,37,447
32,38,564
32,39,440
32,40,474
32,41,435
32,42,479
32,43,460
32,44,462
32,45,378
32,46,383
32,47,324
32,48,266
32,49,280
32,50,243
32,51,331
32,52,356
32,53,267
32,54,295
32,55,300
32,56,290
32,57,261
32,58,283
32,59,408
32,60,282
32,61,292
32,62,279
32,63,253
32,64,330
32,65,252
32,66,265
32,67,265
32,68,297
32,69,252
32,70,265
32,71,427
32,72,257
32,73,360
32,74,258
32,75,266
32,76,290
32,77,271
32,78,264
32,79,252
32,80,274
32,81,243
32,82,236
32,83,246
32,84,239
32,85,225
32,86,236
32,87,235
32,88,292
32,89,229
32,90,243
32,91,239
32,92,278
32,93,227
32,94,229
32,95,242
32,96,224
32,97,240
32,98,228
32,99,242
32,100,231
32,101,225
32,102,221
32,103,291
32,104,223
32,105,220
32,106,209
32,107,218
32,108,223
32,109,219
32,110,210
32,111,217
32,112,213
32,113,202
32,114,217
32,115,206
32,116,212
32,117,204
32,118,213
32,119,232
32,120,208
32,121,197
32,122,213
32,123,187
32,124,227
32,125,184
32,126,206
32,127,195
32,128,197
32,129,167
32,130,195
32,131,168
32,132,174
32,133,162
32,134,142
32,135,164
32,136,119
32,137,146
32,138,139
32,139,159
32,140,135
32,141,141
32,142,127
32,143,1518
32,144,426
32,145,161
32,146,127
32,147,146
32,148,214
32,149,148
32,150,142
32,151,147
32,152,141
32,153,148
32,154,134
32,155,186
32,156,148
32,157,187
32,158,161
32,159,167
32,160,198
32,161,185
32,162,150
32,163,156
32,164,150
32,165,157
32,166,157
32,167,159
32,168,152
32,169,162
32,170,174
32,171,187
32,172,157
32,173,170
32,174,187
32,175,160
32,176,155
32,177,173
32,178,193
32,179,1845
32,180,165
32,181,192
32,182,170
32,183,212
32,184,176
32,185,199
32,186,149
32,187,175
32,188,193
32,189,188
32,190,149
32,191,210
32,192,164
32,193,187
32,194,152
32,195,186
32,196,159
32,197,214
32,198,192
32,199,184
32,200,168
32,201,202
32,202,178
32,203,199
32,204,163
32,205,207
32,206,171
32,207,213
32,208,173
32,209,221
32,210,1510
32,211,253
32,212,176
32,213,324
32,214,202
32,215,344
32,216,174
32,217,245
32,218,191
32,219,273
32,220,202
32,221,722
32,222,202
32,223,278
32,224,213
32,225,301
32,226,217
32,227,307
32,228,219
32,229,310
32,230,242
32,231,305
32,232,247
32,233,337
32,234,260
32,235,3466
32,236,279
32,237,363
32,238,354
32,239,386
32,240,328
32,241,396
32,242,362
32,243,425
32,244,368
32,245,621
32,246,453
32,247,462
32,248,414
32,249,500
32,250,434
32,251,507
32,252,469
32,253,514
32,254,540
32,255,499
32,256,419
