Line,Band,Value
1,1,286
1,2,326
1,3,301
1,4,329
1,5,304
1,6,328
1,7,334
1,8,568
1,9,326
1,10,367
1,11,324
1,12,351
1,13,388
1,14,363
1,15,343
1,16,369
1,17,325
1,18,361
1,19,322
1,20,354
1,21,313
1,22,367
1,23,2405
1,24,361
1,25,335
1,26,362
1,27,356
1,28,813
1,29,343
1,30,455
1,31,362
1,32,391
1,33,362
1,34,410
1,35,382
1,36,410
1,37,415
1,38,537
1,39,412
1,40,440
1,41,401
1,42,445
1,43,415
1,44,422
1,45,340
1,46,345
1,47,285
1,48,252
1,49,270
1,50,232
1,51,321
1,52,335
1,53,247
1,54,277
1,55,283
1,56,272
1,57,247
1,58,267
1,59,392
1,60,266
1,61,275
1,62,264
1,63,240
1,64,316
1,65,238
1,66,252
1,67,256
1,68,285
1,69,245
1,70,253
1,71,416
1,72,244
1,73,354
1,74,248
1,75,254
1,76,281
1,77,259
1,78,252
1,79,242
1,80,265
1,81,234
1,82,227
1,83,238
1,84,231
1,85,216
1,86,228
1,87,229
1,88,283
1,89,221
1,90,234
1,91,232
1,92,272
1,93,219
1,94,222
1,95,234
1,96,216
1,97,232
1,98,220
1,99,237
1,100,223
1,101,218
1,102,213
1,103,286
1,104,216
1,105,212
1,106,202
1,107,211
1,108,216
1,109,212
1,110,205
1,111,213
1,112,209
1,113,196
1,114,210
1,115,199
1,116,205
1,117,197
1,118,207
1,119,225
1,120,203
1,121,191
1,122,208
1,123,181
1,124,221
1,125,178
1,126,201
1,127,190
1,128,194
1,129,163
1,130,191
1,131,163
1,132,172
1,133,158
1,134,139
1,135,166
1,136,116
1,137,142
1,138,138
1,139,157
1,140,133
1,141,139
1,142,122
1,143,1522
1,144,423
1,145,159
1,146,126
1,147,144
1,148,210
1,149,145
1,150,141
1,151,145
1,152,140
1,153,147
1,154,133
1,155,184
1,156,146
1,157,185
1,158,159
1,159,166
1,160,191
1,161,181
1,162,148
1,163,155
1,164,149
1,165,155
1,166,155
1,167,159
1,168,151
1,169,163
1,170,173
1,171,185
1,172,157
1,173,170
1,174,186
1,175,160
1,176,156
1,177,172
1,178,192
1,179,1849
1,180,164
1,181,191
1,182,165
1,183,212
1,184,175
1,185,200
1,186,148
1,187,174
1,188,192
1,189,188
1,190,150
1,191,210
1,192,163
1,193,187
1,194,152
1,195,186
1,196,159
1,197,215
1,198,194
1,199,185
1,200,168
1,201,202
1,202,176
1,203,198
1,204,164
1,205,208
1,206,173
1,207,214
1,208,174
1,209,222
1,210,1514
1,211,255
1,212,177
1,213,329
1,214,205
1,215,345
1,216,177
1,217,247
1,218,193
1,219,276
1,220,203
1,221,705
1,222,201
1,223,280
1,224,214
1,225,297
1,226,218
1,227,309
1,228,220
1,229,313
1,230,244
1,231,308
1,232,248
1,233,341
1,234,262
1,235,3474
1,236,284
1,237,367
1,238,359
1,239,385
1,240,332
1,241,401
1,242,359
1,243,428
1,244,371
1,245,630
1,246,472
1,247,468
1,248,420
1,249,507
1,250,441
1,251,513
1,252,476
1,253,518
1,254,540
1,255,507
1,256,426
2,1,286
2,2,326
2,3,301
2,4,329
2,5,304
2,6,328
2,7,334
2,8,568
2,9,326
2,10,367
2,11,324
2,12,351
2,13,388
2,14,363
2,15,343
2,16,369
2,17,325
2,18,361
2,19,322
2,20,354
2,21,313
2,22,367
2,23,2405
2,24,361
2,25,335
2,26,362
2,27,356
2,28,813
2,29,343
2,30,455
2,31,362
2,32,391
2,33,362
2,34,410
2,35,382
2,36,410
2,37,415
2,38,537
2,39,412
2,40,440
2,41,401
2,42,445
2,43,415
2,44,422
2,45,340
2,46,345
2,47,285
2,48,252
2,49,270
2,50,232
2,51,321
2,52,335
2,53,247
2,54,277
2,55,283
2,56,272
2,57,247
2,58,267
2,59,392
2,60,266
2,61,275
2,62,264
2,63,240
2,64,316
2,65,238
2,66,252
2,67,256
2,68,285
2,69,245
2,70,253
2,71,416
2,72,244
2,73,354
2,74,248
2,75,254
2,76,281
2,77,259
2,78,252
2,79,242
2,80,265
2,81,234
2,82,227
2,83,238
2,84,231
2,85,216
2,86,228
2,87,229
2,88,283
2,89,221
2,90,234
2,91,232
2,92,272
2,93,219
2,94,222
2,95,234
2,96,216
2,97,232
2,98,220
2,99,237
2,100,223
2,101,218
2,102,213
2,103,286
2,104,216
2,105,212
2,106,202
2,107,211
2,108,216
2,109,212
2,110,205
2,111,213
2,112,209
2,113,196
2,114,210
2,115,199
2,116,205
2,117,197
2,118,207
2,119,225
2,120,203
2,121,191
2,122,208
2,123,181
2,124,221
2,125,178
2,126,201
2,127,190
2,128,194
2,129,163
2,130,191
2,131,163
2,132,172
2,133,158
2,134,139
2,135,166
2,136,116
2,137,142
2,138,138
2,139,157
2,140,133
2,141,139
2,142,122
2,143,1522
2,144,423
2,145,159
2,146,126
2,147,144
2,148,210
2,149,145
2,150,141
2,151,145
2,152,140
2,153,147
2,154,133
2,155,184
2,156,146
2,157,185
2,158,159
2,159,166
2,160,191
2,161,181
2,162,148
2,163,155
2,164,149
2,165,155
2,166,155
2,167,159
2,168,151
2,169,163
2,170,173
2,171,185
2,172,157
2,173,170
2,174,186
2,175,160
2,176,156
2,177,172
2,178,192
2,179,1849
2,180,164
2,181,191
2,182,165
2,183,212
2,184,175
2,185,200
2,186,148
2,187,174
2,188,192
2,189,188
2,190,150
2,191,210
2,192,163
2,193,187
2,194,152
2,195,186
2,196,159
2,197,215
2,198,194
2,199,185
2,200,168
2,201,202
2,202,176
2,203,198
2,204,164
2,205,208
2,206,173
2,207,214
2,208,174
2,209,222
2,210,1514
2,211,255
2,212,177
2,213,329
2,214,205
2,215,345
2,216,177
2,217,247
2,218,193
2,219,276
2,220,203
2,221,705
2,222,201
2,223,280
2,224,214
2,225,297
2,226,218
2,227,309
2,228,220
2,229,313
2,230,244
2,231,308
2,232,248
2,233,341
2,234,262
2,235,3474
2,236,284
2,237,367
2,238,359
2,239,385
2,240,332
2,241,401
2,242,359
2,243,428
2,244,371
2,245,630
2,246,472
2,247,468
2,248,420
2,249,507
2,250,441
2,251,513
2,252,476
2,253,518
2,254,540
2,255,507
2,256,426
3,1,288
3,2,325
3,3,303
3,4,330
3,5,302
3,6,328
3,7,334
3,8,566
3,9,324
3,10,366
3,11,320
3,12,350
3,13,385
3,14,363
3,15,343
3,16,369
3,17,326
3,18,360
3,19,322
3,20,354
3,21,311
3,22,368
3,23,2403
3,24,359
3,25,335
3,26,361
3,27,354
3,28,812
3,29,342
3,30,458
3,31,362
3,32,391
3,33,361
3,34,411
3,35,379
3,36,411
3,37,416
3,38,539
3,39,410
3,40,438
3,41,401
3,42,445
3,43,415
3,44,422
3,45,337
3,46,345
3,47,284
3,48,252
3,49,274
3,50,231
3,51,322
3,52,334
3,53,249
3,54,276
3,55,281
3,56,272
3,57,245
3,58,267
3,59,393
3,60,267
3,61,276
3,62,264
3,63,239
3,64,316
3,65,237
3,66,252
3,67,256
3,68,283
3,69,241
3,70,253
3,71,415
3,72,243
3,73,355
3,74,248
3,75,252
3,76,279
3,77,259
3,78,253
3,79,240
3,80,264
3,81,231
3,82,226
3,83,236
3,84,230
3,85,217
3,86,227
3,87,227
3,88,284
3,89,220
3,90,234
3,91,232
3,92,269
3,93,220
3,94,221
3,95,234
3,96,216
3,97,233
3,98,221
3,99,236
3,100,223
3,101,216
3,102,212
3,103,281
3,104,217
3,105,211
3,106,201
3,107,211
3,108,215
3,109,213
3,110,204
3,111,210
3,112,206
3,113,196
3,114,210
3,115,199
3,116,206
3,117,196
3,118,206
3,119,224
3,120,203
3,121,191
3,122,211
3,123,191
3,124,224
3,125,177
3,126,199
3,127,187
3,128,193
3,129,163
3,130,190
3,131,161
3,132,173
3,133,157
3,134,139
3,135,164
3,136,116
3,137,141
3,138,137
3,139,157
3,140,133
3,141,138
3,142,123
3,143,1520
3,144,423
3,145,159
3,146,124
3,147,143
3,148,213
3,149,145
3,150,141
3,151,144
3,152,140
3,153,146
3,154,131
3,155,185
3,156,147
3,157,186
3,158,159
3,159,166
3,160,199
3,161,180
3,162,148
3,163,154
3,164,148
3,165,156
3,166,154
3,167,158
3,168,151
3,169,162
3,170,172
3,171,186
3,172,155
3,173,168
3,174,186
3,175,160
3,176,155
3,177,173
3,178,191
3,179,1850
3,180,164
3,181,190
3,182,164
3,183,210
3,184,174
3,185,199
3,186,148
3,187,173
3,188,191
3,189,189
3,190,150
3,191,210
3,192,163
3,193,185
3,194,151
3,195,185
3,196,159
3,197,214
3,198,191
3,199,185
3,200,169
3,201,201
3,202,177
3,203,200
3,204,164
3,205,207
3,206,173
3,207,213
3,208,173
3,209,220
3,210,1511
3,211,255
3,212,176
3,213,330
3,214,203
3,215,352
3,216,175
3,217,245
3,218,191
3,219,275
3,220,203
3,221,711
3,222,202
3,223,278
3,224,214
3,225,298
3,226,218
3,227,307
3,228,222
3,229,312
3,230,244
3,231,308
3,232,247
3,233,339
3,234,263
3,235,3494
3,236,282
3,237,365
3,238,359
3,239,383
3,240,331
3,241,400
3,242,358
3,243,427
3,244,372
3,245,631
3,246,471
3,247,470
3,248,420
3,249,507
3,250,441
3,251,513
3,252,477
3,253,519
3,254,548
3,255,508
3,256,423
4,1,288
4,2,325
4,3,303
4,4,330
4,5,302
4,6,328
4,7,334
4,8,566
4,9,324
4,10,366
4,11,320
4,12,350
4,13,385
4,14,363
4,15,343
4,16,369
4,17,326
4,18,360
4,19,322
4,20,354
4,21,311
4,22,368
4,23,2403
4,24,359
4,25,335
4,26,361
4,27,354
4,28,812
4,29,342
4,30,458
4,31,362
4,32,391
4,33,361
4,34,411
4,35,379
4,36,411
4,37,416
4,38,539
4,39,410
4,40,438
4,41,401
4,42,445
4,43,415
4,44,422
4,45,337
4,46,345
4,47,284
4,48,252
4,49,274
4,50,231
4,51,322
4,52,334
4,53,249
4,54,276
4,55,281
4,56,272
4,57,245
4,58,267
4,59,393
4,60,267
4,61,276
4,62,264
4,63,239
4,64,316
4,65,237
4,66,252
4,67,256
4,68,283
4,69,241
4,70,253
4,71,415
4,72,243
4,73,355
4,74,248
4,75,252
4,76,279
4,77,259
4,78,253
4,79,240
4,80,264
4,81,231
4,82,226
4,83,236
4,84,230
4,85,217
4,86,227
4,87,227
4,88,284
4,89,220
4,90,234
4,91,232
4,92,269
4,93,220
4,94,221
4,95,234
4,96,216
4,97,233
4,98,221
4,99,236
4,100,223
4,101,216
4,102,212
4,103,281
4,104,217
4,105,211
4,106,201
4,107,211
4,108,215
4,109,213
4,110,204
4,111,210
4,112,206
4,113,196
4,114,210
4,115,199
4,116,206
4,117,196
4,118,206
4,119,224
4,120,203
4,121,191
4,122,211
4,123,191
4,124,224
4,125,177
4,126,199
4,127,187
4,128,193
4,129,163
4,130,190
4,131,161
4,132,173
4,133,157
4,134,139
4,135,164
4,136,116
4,137,141
4,138,137
4,139,157
4,140,133
4,141,138
4,142,123
4,143,1520
4,144,423
4,145,159
4,146,124
4,147,143
4,148,213
4,149,145
4,150,141
4,151,144
4,152,140
4,153,146
4,154,131
4,155,185
4,156,147
4,157,186
4,158,159
4,159,166
4,160,199
4,161,180
4,162,148
4,163,154
4,164,148
4,165,156
4,166,154
4,167,158
4,168,151
4,169,162
4,170,172
4,171,186
4,172,155
4,173,168
4,174,186
4,175,160
4,176,155
4,177,173
4,178,191
4,179,1850
4,180,164
4,181,190
4,182,164
4,183,210
4,184,174
4,185,199
4,186,148
4,187,173
4,188,191
4,189,189
4,190,150
4,191,210
4,192,163
4,193,185
4,194,151
4,195,185
4,196,159
4,197,214
4,198,191
4,199,185
4,200,169
4,201,201
4,202,177
4,203,200
4,204,164
4,205,207
4,206,173
4,207,213
4,208,173
4,209,220
4,210,1511
4,211,255
4,212,176
4,213,330
4,214,203
4,215,352
4,216,175
4,217,245
4,218,191
4,219,275
4,220,203
4,221,711
4,222,202
4,223,278
4,224,214
4,225,298
4,226,218
4,227,307
4,228,222
4,229,312
4,230,244
4,231,308
4,232,247
4,233,339
4,234,263
4,235,3494
4,236,282
4,237,365
4,238,359
4,239,383
4,240,331
4,241,400
4,242,358
4,243,427
4,244,372
4,245,631
4,246,471
4,247,470
4,248,420
4,249,507
4,250,441
4,251,513
4,252,477
4,253,519
4,254,548
4,255,508
4,256,423
5,1,292
5,2,325
5,3,302
5,4,328
5,5,304
5,6,330
5,7,333
5,8,557
5,9,324
5,10,364
5,11,322
5,12,350
5,13,387
5,14,364
5,15,343
5,16,367
5,17,325
5,18,359
5,19,322
5,20,353
5,21,314
5,22,367
5,23,2405
5,24,361
5,25,336
5,26,362
5,27,355
5,28,811
5,29,343
5,30,457
5,31,362
5,32,390
5,33,360
5,34,409
5,35,379
5,36,408
5,37,412
5,38,532
5,39,406
5,40,436
5,41,395
5,42,440
5,43,411
5,44,417
5,45,335
5,46,340
5,47,282
5,48,251
5,49,270
5,50,231
5,51,318
5,52,338
5,53,248
5,54,277
5,55,280
5,56,270
5,57,245
5,58,265
5,59,392
5,60,266
5,61,276
5,62,263
5,63,239
5,64,316
5,65,237
5,66,249
5,67,256
5,68,284
5,69,241
5,70,253
5,71,416
5,72,243
5,73,356
5,74,248
5,75,253
5,76,279
5,77,259
5,78,252
5,79,240
5,80,263
5,81,233
5,82,226
5,83,235
5,84,229
5,85,216
5,86,226
5,87,226
5,88,283
5,89,220
5,90,234
5,91,232
5,92,271
5,93,218
5,94,222
5,95,235
5,96,216
5,97,233
5,98,218
5,99,235
5,100,222
5,101,218
5,102,212
5,103,281
5,104,216
5,105,214
5,106,202
5,107,211
5,108,215
5,109,213
5,110,204
5,111,212
5,112,207
5,113,195
5,114,210
5,115,199
5,116,206
5,117,197
5,118,205
5,119,225
5,120,203
5,121,191
5,122,209
5,123,181
5,124,226
5,125,178
5,126,200
5,127,189
5,128,193
5,129,164
5,130,190
5,131,163
5,132,171
5,133,157
5,134,139
5,135,167
5,136,116
5,137,142
5,138,136
5,139,158
5,140,133
5,141,138
5,142,123
5,143,1520
5,144,424
5,145,159
5,146,125
5,147,143
5,148,211
5,149,145
5,150,141
5,151,145
5,152,139
5,153,147
5,154,132
5,155,186
5,156,146
5,157,187
5,158,159
5,159,164
5,160,195
5,161,181
5,162,148
5,163,155
5,164,149
5,165,156
5,166,154
5,167,159
5,168,150
5,169,163
5,170,172
5,171,186
5,172,156
5,173,169
5,174,193
5,175,159
5,176,155
5,177,173
5,178,192
5,179,1848
5,180,164
5,181,191
5,182,165
5,183,214
5,184,176
5,185,199
5,186,147
5,187,174
5,188,192
5,189,188
5,190,149
5,191,210
5,192,164
5,193,187
5,194,151
5,195,186
5,196,158
5,197,215
5,198,191
5,199,186
5,200,170
5,201,201
5,202,177
5,203,199
5,204,164
5,205,209
5,206,174
5,207,212
5,208,173
5,209,222
5,210,1512
5,211,255
5,212,177
5,213,333
5,214,204
5,215,345
5,216,175
5,217,246
5,218,190
5,219,274
5,220,202
5,221,705
5,222,203
5,223,279
5,224,213
5,225,299
5,226,217
5,227,307
5,228,219
5,229,310
5,230,244
5,231,307
5,232,248
5,233,338
5,234,262
5,235,3508
5,236,284
5,237,366
5,238,358
5,239,384
5,240,332
5,241,402
5,242,359
5,243,429
5,244,372
5,245,629
5,246,473
5,247,467
5,248,419
5,249,505
5,250,440
5,251,513
5,252,475
5,253,521
5,254,541
5,255,508
5,256,426
6,1,292
6,2,325
6,3,302
6,4,328
6,5,304
6,6,330
6,7,333
6,8,557
6,9,324
6,10,364
6,11,322
6,12,350
6,13,387
6,14,364
6,15,343
6,16,367
6,17,325
6,18,359
6,19,322
6,20,353
6,21,314
6,22,367
6,23,2405
6,24,361
6,25,336
6,26,362
6,27,355
6,28,811
6,29,343
6,30,457
6,31,362
6,32,390
6,33,360
6,34,409
6,35,379
6,36,408
6,37,412
6,38,532
6,39,406
6,40,436
6,41,395
6,42,440
6,43,411
6,44,417
6,45,335
6,46,340
6,47,282
6,48,251
6,49,270
6,50,231
6,51,318
6,52,338
6,53,248
6,54,277
6,55,280
6,56,270
6,57,245
6,58,265
6,59,392
6,60,266
6,61,276
6,62,263
6,63,239
6,64,316
6,65,237
6,66,249
6,67,256
6,68,284
6,69,241
6,70,253
6,71,416
6,72,243
6,73,356
6,74,248
6,75,253
6,76,279
6,77,259
6,78,252
6,79,240
6,80,263
6,81,233
6,82,226
6,83,235
6,84,229
6,85,216
6,86,226
6,87,226
6,88,283
6,89,220
6,90,234
6,91,232
6,92,271
6,93,218
6,94,222
6,95,235
6,96,216
6,97,233
6,98,218
6,99,235
6,100,222
6,101,218
6,102,212
6,103,281
6,104,216
6,105,214
6,106,202
6,107,211
6,108,215
6,109,213
6,110,204
6,111,212
6,112,207
6,113,195
6,114,210
6,115,199
6,116,206
6,117,197
6,118,205
6,119,225
6,120,203
6,121,191
6,122,209
6,123,181
6,124,226
6,125,178
6,126,200
6,127,189
6,128,193
6,129,164
6,130,190
6,131,163
6,132,171
6,133,157
6,134,139
6,135,167
6,136,116
6,137,142
6,138,136
6,139,158
6,140,133
6,141,138
6,142,123
6,143,1520
6,144,424
6,145,159
6,146,125
6,147,143
6,148,211
6,149,145
6,150,141
6,151,145
6,152,139
6,153,147
6,154,132
6,155,186
6,156,146
6,157,187
6,158,159
6,159,164
6,160,195
6,161,181
6,162,148
6,163,155
6,164,149
6,165,156
6,166,154
6,167,159
6,168,150
6,169,163
6,170,172
6,171,186
6,172,156
6,173,169
6,174,193
6,175,159
6,176,155
6,177,173
6,178,192
6,179,1848
6,180,164
6,181,191
6,182,165
6,183,214
6,184,176
6,185,199
6,186,147
6,187,174
6,188,192
6,189,188
6,190,149
6,191,210
6,192,164
6,193,187
6,194,151
6,195,186
6,196,158
6,197,215
6,198,191
6,199,186
6,200,170
6,201,201
6,202,177
6,203,199
6,204,164
6,205,209
6,206,174
6,207,212
6,208,173
6,209,222
6,210,1512
6,211,255
6,212,177
6,213,333
6,214,204
6,215,345
6,216,175
6,217,246
6,218,190
6,219,274
6,220,202
6,221,705
6,222,203
6,223,279
6,224,213
6,225,299
6,226,217
6,227,307
6,228,219
6,229,310
6,230,244
6,231,307
6,232,248
6,233,338
6,234,262
6,235,3508
6,236,284
6,237,366
6,238,358
6,239,384
6,240,332
6,241,402
6,242,359
6,243,429
6,244,372
6,245,629
6,246,473
6,247,467
6,248,419
6,249,505
6,250,440
6,251,513
6,252,475
6,253,521
6,254,541
6,255,508
6,256,426
7,1,284
7,2,325
7,3,302
7,4,330
7,5,305
7,6,330
7,7,334
7,8,569
7,9,325
7,10,365
7,11,323
7,12,352
7,13,387
7,14,363
7,15,342
7,16,370
7,17,327
7,18,359
7,19,324
7,20,355
7,21,313
7,22,367
7,23,2406
7,24,361
7,25,336
7,26,362
7,27,357
7,28,813
7,29,344
7,30,448
7,31,361
7,32,389
7,33,362
7,34,410
7,35,379
7,36,411
7,37,414
7,38,534
7,39,409
7,40,436
7,41,398
7,42,441
7,43,415
7,44,419
7,45,338
7,46,341
7,47,282
7,48,252
7,49,266
7,50,231
7,51,317
7,52,329
7,53,241
7,54,269
7,55,272
7,56,264
7,57,239
7,58,261
7,59,385
7,60,259
7,61,270
7,62,258
7,63,234
7,64,310
7,65,234
7,66,246
7,67,250
7,68,278
7,69,237
7,70,248
7,71,412
7,72,239
7,73,349
7,74,243
7,75,249
7,76,275
7,77,256
7,78,247
7,79,236
7,80,260
7,81,230
7,82,223
7,83,232
7,84,226
7,85,213
7,86,226
7,87,223
7,88,280
7,89,218
7,90,230
7,91,230
7,92,268
7,93,217
7,94,219
7,95,233
7,96,213
7,97,230
7,98,217
7,99,234
7,100,221
7,101,216
7,102,210
7,103,284
7,104,214
7,105,211
7,106,199
7,107,209
7,108,213
7,109,209
7,110,204
7,111,209
7,112,206
7,113,195
7,114,208
7,115,199
7,116,205
7,117,196
7,118,205
7,119,223
7,120,202
7,121,190
7,122,208
7,123,180
7,124,223
7,125,178
7,126,200
7,127,188
7,128,192
7,129,163
7,130,189
7,131,161
7,132,173
7,133,155
7,134,137
7,135,166
7,136,116
7,137,142
7,138,137
7,139,158
7,140,132
7,141,139
7,142,123
7,143,1519
7,144,424
7,145,159
7,146,126
7,147,144
7,148,212
7,149,146
7,150,140
7,151,145
7,152,139
7,153,145
7,154,132
7,155,186
7,156,146
7,157,184
7,158,158
7,159,166
7,160,193
7,161,182
7,162,147
7,163,156
7,164,148
7,165,156
7,166,155
7,167,158
7,168,150
7,169,163
7,170,171
7,171,187
7,172,157
7,173,170
7,174,191
7,175,161
7,176,155
7,177,173
7,178,191
7,179,1851
7,180,165
7,181,191
7,182,166
7,183,214
7,184,175
7,185,200
7,186,148
7,187,173
7,188,192
7,189,188
7,190,150
7,191,210
7,192,164
7,193,188
7,194,151
7,195,187
7,196,160
7,197,214
7,198,191
7,199,184
7,200,170
7,201,202
7,202,178
7,203,200
7,204,164
7,205,208
7,206,172
7,207,213
7,208,173
7,209,221
7,210,1511
7,211,255
7,212,177
7,213,331
7,214,204
7,215,340
7,216,176
7,217,246
7,218,191
7,219,275
7,220,202
7,221,711
7,222,205
7,223,279
7,224,212
7,225,297
7,226,219
7,227,308
7,228,220
7,229,313
7,230,243
7,231,308
7,232,249
7,233,339
7,234,263
7,235,3496
7,236,282
7,237,366
7,238,359
7,239,384
7,240,331
7,241,401
7,242,360
7,243,429
7,244,373
7,245,632
7,246,473
7,247,470
7,248,422
7,249,508
7,250,440
7,251,513
7,252,474
7,253,521
7,254,549
7,255,507
7,256,426
8,1,284
8,2,325
8,3,302
8,4,330
8,5,305
8,6,330
8,7,334
8,8,569
8,9,325
8,10,365
8,11,323
8,12,352
8,13,387
8,14,363
8,15,342
8,16,370
8,17,327
8,18,359
8,19,324
8,20,355
8,21,313
8,22,367
8,23,2406
8,24,361
8,25,336
8,26,362
8,27,357
8,28,813
8,29,344
8,30,448
8,31,361
8,32,389
8,33,362
8,34,410
8,35,379
8,36,411
8,37,414
8,38,534
8,39,409
8,40,436
8,41,398
8,42,441
8,43,415
8,44,419
8,45,338
8,46,341
8,47,282
8,48,252
8,49,266
8,50,231
8,51,317
8,52,329
8,53,241
8,54,269
8,55,272
8,56,264
8,57,239
8,58,261
8,59,385
8,60,259
8,61,270
8,62,258
8,63,234
8,64,310
8,65,234
8,66,246
8,67,250
8,68,278
8,69,237
8,70,248
8,71,412
8,72,239
8,73,349
8,74,243
8,75,249
8,76,275
8,77,256
8,78,247
8,79,236
8,80,260
8,81,230
8,82,223
8,83,232
8,84,226
8,85,213
8,86,226
8,87,223
8,88,280
8,89,218
8,90,230
8,91,230
8,92,268
8,93,217
8,94,219
8,95,233
8,96,213
8,97,230
8,98,217
8,99,234
8,100,221
8,101,216
8,102,210
8,103,284
8,104,214
8,105,211
8,106,199
8,107,209
8,108,213
8,109,209
8,110,204
8,111,209
8,112,206
8,113,195
8,114,208
8,115,199
8,116,205
8,117,196
8,118,205
8,119,223
8,120,202
8,121,190
8,122,208
8,123,180
8,124,223
8,125,178
8,126,200
8,127,188
8,128,192
8,129,163
8,130,189
8,131,161
8,132,173
8,133,155
8,134,137
8,135,166
8,136,116
8,137,142
8,138,137
8,139,158
8,140,132
8,141,139
8,142,123
8,143,1519
8,144,424
8,145,159
8,146,126
8,147,144
8,148,212
8,149,146
8,150,140
8,151,145
8,152,139
8,153,145
8,154,132
8,155,186
8,156,146
8,157,184
8,158,158
8,159,166
8,160,193
8,161,182
8,162,147
8,163,156
8,164,148
8,165,156
8,166,155
8,167,158
8,168,150
8,169,163
8,170,171
8,171,187
8,172,157
8,173,170
8,174,191
8,175,161
8,176,155
8,177,173
8,178,191
8,179,1851
8,180,165
8,181,191
8,182,166
8,183,214
8,184,175
8,185,200
8,186,148
8,187,173
8,188,192
8,189,188
8,190,150
8,191,210
8,192,164
8,193,188
8,194,151
8,195,187
8,196,160
8,197,214
8,198,191
8,199,184
8,200,170
8,201,202
8,202,178
8,203,200
8,204,164
8,205,208
8,206,172
8,207,213
8,208,173
8,209,221
8,210,1511
8,211,255
8,212,177
8,213,331
8,214,204
8,215,340
8,216,176
8,217,246
8,218,191
8,219,275
8,220,202
8,221,711
8,222,205
8,223,279
8,224,212
8,225,297
8,226,219
8,227,308
8,228,220
8,229,313
8,230,243
8,231,308
8,232,249
8,233,339
8,234,263
8,235,3496
8,236,282
8,237,366
8,238,359
8,239,384
8,240,331
8,241,401
8,242,360
8,243,429
8,244,373
8,245,632
8,246,473
8,247,470
8,248,422
8,249,508
8,250,440
8,251,513
8,252,474
8,253,521
8,254,549
8,255,507
8,256,426
9,1,286
9,2,325
9,3,305
9,4,329
9,5,304
9,6,330
9,7,335
9,8,561
9,9,324
9,10,364
9,11,322
9,12,352
9,13,389
9,14,365
9,15,342
9,16,369
9,17,327
9,18,359
9,19,324
9,20,354
9,21,311
9,22,368
9,23,2425
9,24,360
9,25,335
9,26,362
9,27,358
9,28,813
9,29,344
9,30,448
9,31,362
9,32,390
9,33,363
9,34,411
9,35,381
9,36,411
9,37,415
9,38,536
9,39,408
9,40,436
9,41,398
9,42,444
9,43,414
9,44,419
9,45,340
9,46,345
9,47,283
9,48,252
9,49,274
9,50,232
9,51,321
9,52,326
9,53,242
9,54,270
9,55,272
9,56,265
9,57,238
9,58,260
9,59,386
9,60,258
9,61,270
9,62,258
9,63,232
9,64,312
9,65,234
9,66,246
9,67,249
9,68,279
9,69,238
9,70,247
9,71,413
9,72,239
9,73,353
9,74,245
9,75,249
9,76,277
9,77,256
9,78,248
9,79,238
9,80,258
9,81,229
9,82,223
9,83,233
9,84,227
9,85,214
9,86,227
9,87,224
9,88,279
9,89,217
9,90,230
9,91,229
9,92,273
9,93,215
9,94,219
9,95,232
9,96,214
9,97,230
9,98,216
9,99,234
9,100,220
9,101,217
9,102,209
9,103,279
9,104,215
9,105,210
9,106,198
9,107,209
9,108,215
9,109,209
9,110,201
9,111,208
9,112,206
9,113,195
9,114,209
9,115,198
9,116,205
9,117,197
9,118,205
9,119,222
9,120,202
9,121,191
9,122,206
9,123,180
9,124,224
9,125,178
9,126,199
9,127,187
9,128,192
9,129,162
9,130,189
9,131,162
9,132,171
9,133,157
9,134,136
9,135,165
9,136,116
9,137,142
9,138,136
9,139,157
9,140,133
9,141,139
9,142,123
9,143,1518
9,144,423
9,145,160
9,146,125
9,147,142
9,148,210
9,149,146
9,150,140
9,151,146
9,152,139
9,153,147
9,154,133
9,155,185
9,156,146
9,157,185
9,158,161
9,159,166
9,160,197
9,161,182
9,162,149
9,163,154
9,164,148
9,165,155
9,166,155
9,167,159
9,168,150
9,169,163
9,170,173
9,171,187
9,172,156
9,173,170
9,174,192
9,175,160
9,176,154
9,177,172
9,178,194
9,179,1849
9,180,165
9,181,193
9,182,165
9,183,219
9,184,175
9,185,199
9,186,147
9,187,173
9,188,191
9,189,189
9,190,150
9,191,210
9,192,165
9,193,187
9,194,151
9,195,185
9,196,160
9,197,214
9,198,191
9,199,184
9,200,170
9,201,202
9,202,177
9,203,199
9,204,165
9,205,207
9,206,173
9,207,213
9,208,173
9,209,222
9,210,1514
9,211,256
9,212,177
9,213,329
9,214,203
9,215,343
9,216,177
9,217,247
9,218,192
9,219,275
9,220,202
9,221,712
9,222,203
9,223,280
9,224,214
9,225,300
9,226,218
9,227,307
9,228,220
9,229,312
9,230,244
9,231,308
9,232,248
9,233,340
9,234,263
9,235,3495
9,236,283
9,237,367
9,238,357
9,239,384
9,240,332
9,241,401
9,242,359
9,243,428
9,244,372
9,245,633
9,246,479
9,247,469
9,248,421
9,249,505
9,250,439
9,251,515
9,252,475
9,253,519
9,254,546
9,255,507
9,256,427
10,1,286
10,2,325
10,3,305
10,4,329
10,5,304
10,6,330
10,7,335
10,8,561
10,9,324
10,10,364
10,11,322
10,12,352
10,13,389
10,14,365
10,15,342
10,16,369
10,17,327
10,18,359
10,19,324
10,20,354
10,21,311
10,22,368
10,23,2425
10,24,360
10,25,335
10,26,362
10,27,358
10,28,813
10,29,344
10,30,448
10,31,362
10,32,390
10,33,363
10,34,411
10,35,381
10,36,411
10,37,415
10,38,536
10,39,408
10,40,436
10,41,398
10,42,444
10,43,414
10,44,419
10,45,340
10,46,345
10,47,283
10,48,252
10,49,274
10,50,232
10,51,321
10,52,326
10,53,242
10,54,270
10,55,272
10,56,265
10,57,238
10,58,260
10,59,386
10,60,258
10,61,270
10,62,258
10,63,232
10,64,312
10,65,234
10,66,246
10,67,249
10,68,279
10,69,238
10,70,247
10,71,413
10,72,239
10,73,353
10,74,245
10,75,249
10,76,277
10,77,256
10,78,248
10,79,238
10,80,258
10,81,229
10,82,223
10,83,233
10,84,227
10,85,214
10,86,227
10,87,224
10,88,279
10,89,217
10,90,230
10,91,229
10,92,273
10,93,215
10,94,219
10,95,232
10,96,214
10,97,230
10,98,216
10,99,234
10,100,220
10,101,217
10,102,209
10,103,279
10,104,215
10,105,210
10,106,198
10,107,209
10,108,215
10,109,209
10,110,201
10,111,208
10,112,206
10,113,195
10,114,209
10,115,198
10,116,205
10,117,197
10,118,205
10,119,222
10,120,202
10,121,191
10,122,206
10,123,180
10,124,224
10,125,178
10,126,199
10,127,187
10,128,192
10,129,162
10,130,189
10,131,162
10,132,171
10,133,157
10,134,136
10,135,165
10,136,116
10,137,142
10,138,136
10,139,157
10,140,133
10,141,139
10,142,123
10,143,1518
10,144,423
10,145,160
10,146,125
10,147,142
10,148,210
10,149,146
10,150,140
10,151,146
10,152,139
10,153,147
10,154,133
10,155,185
10,156,146
10,157,185
10,158,161
10,159,166
10,160,197
10,161,182
10,162,149
10,163,154
10,164,148
10,165,155
10,166,155
10,167,159
10,168,150
10,169,163
10,170,173
10,171,187
10,172,156
10,173,170
10,174,192
10,175,160
10,176,154
10,177,172
10,178,194
10,179,1849
10,180,165
10,181,193
10,182,165
10,183,219
10,184,175
10,185,199
10,186,147
10,187,173
10,188,191
10,189,189
10,190,150
10,191,210
10,192,165
10,193,187
10,194,151
10,195,185
10,196,160
10,197,214
10,198,191
10,199,184
10,200,170
10,201,202
10,202,177
10,203,199
10,204,165
10,205,207
10,206,173
10,207,213
10,208,173
10,209,222
10,210,1514
10,211,256
10,212,177
10,213,329
10,214,203
10,215,343
10,216,177
10,217,247
10,218,192
10,219,275
10,220,202
10,221,712
10,222,203
10,223,280
10,224,214
10,225,300
10,226,218
10,227,307
10,228,220
10,229,312
10,230,244
10,231,308
10,232,248
10,233,340
10,234,263
10,235,3495
10,236,283
10,237,367
10,238,357
10,239,384
10,240,332
10,241,401
10,242,359
10,243,428
10,244,372
10,245,633
10,246,479
10,247,469
10,248,421
10,249,505
10,250,439
10,251,515
10,252,475
10,253,519
10,254,546
10,255,507
10,256,427
11,1,286
11,2,326
11,3,302
11,4,330
11,5,305
11,6,329
11,7,333
11,8,565
11,9,325
11,10,367
11,11,322
11,12,352
11,13,388
11,14,363
11,15,346
11,16,370
11,17,326
11,18,360
11,19,322
11,20,355
11,21,313
11,22,371
11,23,2407
11,24,362
11,25,337
11,26,364
11,27,355
11,28,814
11,29,343
11,30,454
11,31,363
11,32,392
11,33,362
11,34,411
11,35,380
11,36,412
11,37,414
11,38,535
11,39,409
11,40,437
11,41,399
11,42,446
11,43,414
11,44,422
11,45,337
11,46,344
11,47,283
11,48,251
11,49,269
11,50,233
11,51,324
11,52,333
11,53,240
11,54,270
11,55,272
11,56,265
11,57,239
11,58,261
11,59,385
11,60,260
11,61,270
11,62,259
11,63,233
11,64,311
11,65,232
11,66,246
11,67,250
11,68,279
11,69,236
11,70,249
11,71,411
11,72,240
11,73,352
11,74,243
11,75,250
11,76,278
11,77,256
11,78,249
11,79,236
11,80,261
11,81,230
11,82,223
11,83,232
11,84,227
11,85,213
11,86,224
11,87,224
11,88,281
11,89,218
11,90,230
11,91,229
11,92,268
11,93,216
11,94,220
11,95,232
11,96,214
11,97,229
11,98,216
11,99,234
11,100,220
11,101,215
11,102,212
11,103,277
11,104,217
11,105,209
11,106,200
11,107,210
11,108,214
11,109,210
11,110,203
11,111,208
11,112,207
11,113,193
11,114,209
11,115,199
11,116,206
11,117,195
11,118,206
11,119,222
11,120,203
11,121,197
11,122,210
11,123,181
11,124,225
11,125,176
11,126,199
11,127,187
11,128,191
11,129,162
11,130,191
11,131,161
11,132,173
11,133,155
11,134,138
11,135,165
11,136,117
11,137,142
11,138,138
11,139,159
11,140,133
11,141,137
11,142,123
11,143,1524
11,144,424
11,145,159
11,146,124
11,147,143
11,148,209
11,149,146
11,150,142
11,151,144
11,152,141
11,153,147
11,154,134
11,155,185
11,156,147
11,157,185
11,158,160
11,159,165
11,160,198
11,161,180
11,162,150
11,163,154
11,164,149
11,165,156
11,166,156
11,167,159
11,168,151
11,169,163
11,170,172
11,171,186
11,172,157
11,173,168
11,174,192
11,175,160
11,176,155
11,177,173
11,178,192
11,179,1850
11,180,166
11,181,190
11,182,166
11,183,213
11,184,175
11,185,200
11,186,149
11,187,174
11,188,193
11,189,188
11,190,151
11,191,211
11,192,165
11,193,187
11,194,152
11,195,186
11,196,159
11,197,215
11,198,193
11,199,184
11,200,170
11,201,202
11,202,177
11,203,200
11,204,164
11,205,207
11,206,173
11,207,212
11,208,174
11,209,222
11,210,1510
11,211,256
11,212,177
11,213,329
11,214,204
11,215,351
11,216,177
11,217,247
11,218,191
11,219,275
11,220,203
11,221,712
11,222,204
11,223,281
11,224,215
11,225,298
11,226,219
11,227,310
11,228,222
11,229,311
11,230,244
11,231,306
11,232,250
11,233,339
11,234,265
11,235,3487
11,236,285
11,237,366
11,238,358
11,239,386
11,240,332
11,241,401
11,242,359
11,243,428
11,244,372
11,245,631
11,246,472
11,247,469
11,248,420
11,249,506
11,250,440
11,251,513
11,252,475
11,253,520
11,254,543
11,255,507
11,256,426
12,1,286
12,2,326
12,3,302
12,4,330
12,5,305
12,6,329
12,7,333
12,8,565
12,9,325
12,10,367
12,11,322
12,12,352
12,13,388
12,14,363
12,15,346
12,16,370
12,17,326
12,18,360
12,19,322
12,20,355
12,21,313
12,22,371
12,23,2407
12,24,362
12,25,337
12,26,364
12,27,355
12,28,814
12,29,343
12,30,454
12,31,363
12,32,392
12,33,362
12,34,411
12,35,380
12,36,412
12,37,414
12,38,535
12,39,409
12,40,437
12,41,399
12,42,446
12,43,414
12,44,422
12,45,337
12,46,344
12,47,283
12,48,251
12,49,269
12,50,233
12,51,324
12,52,333
12,53,240
12,54,270
12,55,272
12,56,265
12,57,239
12,58,261
12,59,385
12,60,260
12,61,270
12,62,259
12,63,233
12,64,311
12,65,232
12,66,246
12,67,250
12,68,279
12,69,236
12,70,249
12,71,411
12,72,240
12,73,352
12,74,243
12,75,250
12,76,278
12,77,256
12,78,249
12,79,236
12,80,261
12,81,230
12,82,223
12,83,232
12,84,227
12,85,213
12,86,224
12,87,224
12,88,281
12,89,218
12,90,230
12,91,229
12,92,268
12,93,216
12,94,220
12,95,232
12,96,214
12,97,229
12,98,216
12,99,234
12,100,220
12,101,215
12,102,212
12,103,277
12,104,217
12,105,209
12,106,200
12,107,210
12,108,214
12,109,210
12,110,203
12,111,208
12,112,207
12,113,193
12,114,209
12,115,199
12,116,206
12,117,195
12,118,206
12,119,222
12,120,203
12,121,197
12,122,210
12,123,181
12,124,225
12,125,176
12,126,199
12,127,187
12,128,191
12,129,162
12,130,191
12,131,161
12,132,173
12,133,155
12,134,138
12,135,165
12,136,117
12,137,142
12,138,138
12,139,159
12,140,133
12,141,137
12,142,123
12,143,1524
12,144,424
12,145,159
12,146,124
12,147,143
12,148,209
12,149,146
12,150,142
12,151,144
12,152,141
12,153,147
12,154,134
12,155,185
12,156,147
12,157,185
12,158,160
12,159,165
12,160,198
12,161,180
12,162,150
12,163,154
12,164,149
12,165,156
12,166,156
12,167,159
12,168,151
12,169,163
12,170,172
12,171,186
12,172,157
12,173,168
12,174,192
12,175,160
12,176,155
12,177,173
12,178,192
12,179,1850
12,180,166
12,181,190
12,182,166
12,183,213
12,184,175
12,185,200
12,186,149
12,187,174
12,188,193
12,189,188
12,190,151
12,191,211
12,192,165
12,193,187
12,194,152
12,195,186
12,196,159
12,197,215
12,198,193
12,199,184
12,200,170
12,201,202
12,202,177
12,203,200
12,204,164
12,205,207
12,206,173
12,207,212
12,208,174
12,209,222
12,210,1510
12,211,256
12,212,177
12,213,329
12,214,204
12,215,351
12,216,177
12,217,247
12,218,191
12,219,275
12,220,203
12,221,712
12,222,204
12,223,281
12,224,215
12,225,298
12,226,219
12,227,310
12,228,222
12,229,311
12,230,244
12,231,306
12,232,250
12,233,339
12,234,265
12,235,3487
12,236,285
12,237,366
12,238,358
12,239,386
12,240,332
12,241,401
12,242,359
12,243,428
12,244,372
12,245,631
12,246,472
12,247,469
12,248,420
12,249,506
12,250,440
12,251,513
12,252,475
12,253,520
12,254,543
12,255,507
12,256,426
13,1,287
13,2,327
13,3,304
13,4,331
13,5,306
13,6,328
13,7,334
13,8,561
13,9,326
13,10,368
13,11,326
13,12,352
13,13,389
13,14,365
13,15,343
13,16,369
13,17,327
13,18,359
13,19,323
13,20,355
13,21,313
13,22,369
13,23,2406
13,24,362
13,25,337
13,26,364
13,27,357
13,28,813
13,29,345
13,30,457
13,31,363
13,32,391
13,33,362
13,34,412
13,35,381
13,36,410
13,37,415
13,38,535
13,39,410
13,40,438
13,41,400
13,42,442
13,43,414
13,44,420
13,45,339
13,46,344
13,47,285
13,48,252
13,49,269
13,50,229
13,51,321
13,52,324
13,53,241
13,54,271
13,55,272
13,56,264
13,57,238
13,58,259
13,59,385
13,60,260
13,61,272
13,62,257
13,63,233
13,64,310
13,65,233
13,66,246
13,67,250
13,68,279
13,69,238
13,70,250
13,71,411
13,72,240
13,73,353
13,74,245
13,75,249
13,76,277
13,77,257
13,78,249
13,79,236
13,80,262
13,81,229
13,82,223
13,83,231
13,84,228
13,85,214
13,86,227
13,87,224
13,88,280
13,89,218
13,90,231
13,91,229
13,92,267
13,93,217
13,94,219
13,95,233
13,96,213
13,97,230
13,98,216
13,99,235
13,100,221
13,101,215
13,102,212
13,103,279
13,104,215
13,105,211
13,106,200
13,107,209
13,108,215
13,109,210
13,110,202
13,111,210
13,112,206
13,113,195
13,114,209
13,115,198
13,116,206
13,117,195
13,118,206
13,119,223
13,120,201
13,121,190
13,122,209
13,123,181
13,124,224
13,125,179
13,126,199
13,127,187
13,128,193
13,129,163
13,130,190
13,131,162
13,132,171
13,133,156
13,134,137
13,135,165
13,136,116
13,137,141
13,138,137
13,139,158
13,140,133
13,141,140
13,142,124
13,143,1519
13,144,424
13,145,159
13,146,125
13,147,143
13,148,212
13,149,146
13,150,141
13,151,145
13,152,139
13,153,146
13,154,132
13,155,185
13,156,147
13,157,186
13,158,159
13,159,165
13,160,197
13,161,182
13,162,149
13,163,154
13,164,147
13,165,156
13,166,156
13,167,159
13,168,151
13,169,162
13,170,172
13,171,186
13,172,156
13,173,169
13,174,188
13,175,161
13,176,155
13,177,173
13,178,191
13,179,1852
13,180,164
13,181,191
13,182,164
13,183,215
13,184,176
13,185,200
13,186,148
13,187,174
13,188,192
13,189,189
13,190,150
13,191,210
13,192,165
13,193,187
13,194,153
13,195,186
13,196,158
13,197,215
13,198,193
13,199,184
13,200,169
13,201,202
13,202,178
13,203,200
13,204,164
13,205,208
13,206,173
13,207,214
13,208,174
13,209,221
13,210,1511
13,211,255
13,212,177
13,213,330
13,214,203
13,215,346
13,216,177
13,217,247
13,218,192
13,219,276
13,220,202
13,221,713
13,222,204
13,223,279
13,224,215
13,225,299
13,226,219
13,227,311
13,228,222
13,229,311
13,230,243
13,231,309
13,232,249
13,233,340
13,234,264
13,235,3490
13,236,285
13,237,366
13,238,358
13,239,386
13,240,332
13,241,401
13,242,360
13,243,429
13,244,373
13,245,630
13,246,466
13,247,468
13,248,420
13,249,508
13,250,440
13,251,514
13,252,477
13,253,520
13,254,541
13,255,509
13,256,426
14,1,287
14,2,327
14,3,304
14,4,331
14,5,306
14,6,328
14,7,334
14,8,561
14,9,326
14,10,368
14,11,326
14,12,352
14,13,389
14,14,365
14,15,343
14,16,369
14,17,327
14,18,359
14,19,323
14,20,355
14,21,313
14,22,369
14,23,2406
14,24,362
14,25,337
14,26,364
14,27,357
14,28,813
14,29,345
14,30,457
14,31,363
14,32,391
14,33,362
14,34,412
14,35,381
14,36,410
14,37,415
14,38,535
14,39,410
14,40,438
14,41,400
14,42,442
14,43,414
14,44,420
14,45,339
14,46,344
14,47,285
14,48,252
14,49,269
14,50,229
14,51,321
14,52,324
14,53,241
14,54,271
14,55,272
14,56,264
14,57,238
14,58,259
14,59,385
14,60,260
14,61,272
14,62,257
14,63,233
14,64,310
14,65,233
14,66,246
14,67,250
14,68,279
14,69,238
14,70,250
14,71,411
14,72,240
14,73,353
14,74,245
14,75,249
14,76,277
14,77,257
14,78,249
14,79,236
14,80,262
14,81,229
14,82,223
14,83,231
14,84,228
14,85,214
14,86,227
14,87,224
14,88,280
14,89,218
14,90,231
14,91,229
14,92,267
14,93,217
14,94,219
14,95,233
14,96,213
14,97,230
14,98,216
14,99,235
14,100,221
14,101,215
14,102,212
14,103,279
14,104,215
14,105,211
14,106,200
14,107,209
14,108,215
14,109,210
14,110,202
14,111,210
14,112,206
14,113,195
14,114,209
14,115,198
14,116,206
14,117,195
14,118,206
14,119,223
14,120,201
14,121,190
14,122,209
14,123,181
14,124,224
14,125,179
14,126,199
14,127,187
14,128,193
14,129,163
14,130,190
14,131,162
14,132,171
14,133,156
14,134,137
14,135,165
14,136,116
14,137,141
14,138,137
14,139,158
14,140,133
14,141,140
14,142,124
14,143,1519
14,144,424
14,145,159
14,146,125
14,147,143
14,148,212
14,149,146
14,150,141
14,151,145
14,152,139
14,153,146
14,154,132
14,155,185
14,156,147
14,157,186
14,158,159
14,159,165
14,160,197
14,161,182
14,162,149
14,163,154
14,164,147
14,165,156
14,166,156
14,167,159
14,168,151
14,169,162
14,170,172
14,171,186
14,172,156
14,173,169
14,174,188
14,175,161
14,176,155
14,177,173
14,178,191
14,179,1852
14,180,164
14,181,191
14,182,164
14,183,215
14,184,176
14,185,200
14,186,148
14,187,174
14,188,192
14,189,189
14,190,150
14,191,210
14,192,165
14,193,187
14,194,153
14,195,186
14,196,158
14,197,215
14,198,193
14,199,184
14,200,169
14,201,202
14,202,178
14,203,200
14,204,164
14,205,208
14,206,173
14,207,214
14,208,174
14,209,221
14,210,1511
14,211,255
14,212,177
14,213,330
14,214,203
14,215,346
14,216,177
14,217,247
14,218,192
14,219,276
14,220,202
14,221,713
14,222,204
14,223,279
14,224,215
14,225,299
14,226,219
14,227,311
14,228,222
14,229,311
14,230,243
14,231,309
14,232,249
14,233,340
14,234,264
14,235,3490
14,236,285
14,237,366
14,238,358
14,239,386
14,240,332
14,241,401
14,242,360
14,243,429
14,244,373
14,245,630
14,246,466
14,247,468
14,248,420
14,249,508
14,250,440
14,251,514
14,252,477
14,253,520
14,254,541
14,255,509
14,256,426
15,1,288
15,2,328
15,3,304
15,4,330
15,5,305
15,6,329
15,7,335
15,8,570
15,9,326
15,10,369
15,11,324
15,12,351
15,13,388
15,14,364
15,15,344
15,16,369
15,17,327
15,18,361
15,19,324
15,20,355
15,21,314
15,22,368
15,23,2412
15,24,362
15,25,337
15,26,361
15,27,357
15,28,815
15,29,345
15,30,449
15,31,362
15,32,390
15,33,364
15,34,412
15,35,382
15,36,411
15,37,417
15,38,538
15,39,408
15,40,438
15,41,401
15,42,444
15,43,414
15,44,420
15,45,340
15,46,344
15,47,285
15,48,253
15,49,269
15,50,231
15,51,318
15,52,326
15,53,242
15,54,269
15,55,273
15,56,265
15,57,239
15,58,261
15,59,387
15,60,261
15,61,270
15,62,258
15,63,235
15,64,309
15,65,235
15,66,247
15,67,250
15,68,278
15,69,237
15,70,247
15,71,411
15,72,240
15,73,353
15,74,244
15,75,249
15,76,278
15,77,256
15,78,250
15,79,237
15,80,261
15,81,230
15,82,222
15,83,234
15,84,226
15,85,213
15,86,226
15,87,224
15,88,281
15,89,218
15,90,231
15,91,229
15,92,267
15,93,218
15,94,218
15,95,234
15,96,214
15,97,230
15,98,219
15,99,235
15,100,220
15,101,214
15,102,210
15,103,278
15,104,214
15,105,211
15,106,200
15,107,210
15,108,213
15,109,211
15,110,202
15,111,209
15,112,207
15,113,195
15,114,210
15,115,198
15,116,204
15,117,196
15,118,205
15,119,223
15,120,201
15,121,191
15,122,209
15,123,182
15,124,223
15,125,177
15,126,199
15,127,188
15,128,192
15,129,163
15,130,190
15,131,162
15,132,172
15,133,158
15,134,138
15,135,166
15,136,117
15,137,142
15,138,138
15,139,158
15,140,133
15,141,141
15,142,124
15,143,1519
15,144,423
15,145,160
15,146,126
15,147,145
15,148,212
15,149,146
15,150,141
15,151,147
15,152,144
15,153,147
15,154,133
15,155,186
15,156,146
15,157,186
15,158,160
15,159,166
15,160,191
15,161,182
15,162,150
15,163,156
15,164,149
15,165,156
15,166,155
15,167,160
15,168,151
15,169,163
15,170,172
15,171,187
15,172,157
15,173,170
15,174,190
15,175,160
15,176,155
15,177,174
15,178,192
15,179,1850
15,180,164
15,181,193
15,182,165
15,183,214
15,184,175
15,185,201
15,186,149
15,187,175
15,188,192
15,189,191
15,190,150
15,191,210
15,192,165
15,193,188
15,194,152
15,195,187
15,196,158
15,197,214
15,198,191
15,199,185
15,200,169
15,201,202
15,202,177
15,203,201
15,204,165
15,205,208
15,206,172
15,207,213
15,208,174
15,209,223
15,210,1514
15,211,256
15,212,176
15,213,331
15,214,202
15,215,350
15,216,176
15,217,248
15,218,192
15,219,277
15,220,203
15,221,711
15,222,205
15,223,280
15,224,215
15,225,299
15,226,217
15,227,311
15,228,222
15,229,312
15,230,244
15,231,308
15,232,249
15,233,340
15,234,263
15,235,3492
15,236,284
15,237,367
15,238,357
15,239,386
15,240,332
15,241,403
15,242,359
15,243,428
15,244,372
15,245,629
15,246,471
15,247,469
15,248,420
15,249,510
15,250,439
15,251,514
15,252,476
15,253,521
15,254,550
15,255,509
15,256,425
16,1,288
16,2,328
16,3,304
16,4,330
16,5,305
16,6,329
16,7,335
16,8,570
16,9,326
16,10,369
16,11,324
16,12,351
16,13,388
16,14,364
16,15,344
16,16,369
16,17,327
16,18,361
16,19,324
16,20,355
16,21,314
16,22,368
16,23,2412
16,24,362
16,25,337
16,26,361
16,27,357
16,28,815
16,29,345
16,30,449
16,31,362
16,32,390
16,33,364
16,34,412
16,35,382
16,36,411
16,37,417
16,38,538
16,39,408
16,40,438
16,41,401
16,42,444
16,43,414
16,44,420
16,45,340
16,46,344
16,47,285
16,48,253
16,49,269
16,50,231
16,51,318
16,52,326
16,53,242
16,54,269
16,55,273
16,56,265
16,57,239
16,58,261
16,59,387
16,60,261
16,61,270
16,62,258
16,63,235
16,64,309
16,65,235
16,66,247
16,67,250
16,68,278
16,69,237
16,70,247
16,71,411
16,72,240
16,73,353
16,74,244
16,75,249
16,76,278
16,77,256
16,78,250
16,79,237
16,80,261
16,81,230
16,82,222
16,83,234
16,84,226
16,85,213
16,86,226
16,87,224
16,88,281
16,89,218
16,90,231
16,91,229
16,92,267
16,93,218
16,94,218
16,95,234
16,96,214
16,97,230
16,98,219
16,99,235
16,100,220
16,101,214
16,102,210
16,103,278
16,104,214
16,105,211
16,106,200
16,107,210
16,108,213
16,109,211
16,110,202
16,111,209
16,112,207
16,113,195
16,114,210
16,115,198
16,116,204
16,117,196
16,118,205
16,119,223
16,120,201
16,121,191
16,122,209
16,123,182
16,124,223
16,125,177
16,126,199
16,127,188
16,128,192
16,129,163
16,130,190
16,131,162
16,132,172
16,133,158
16,134,138
16,135,166
16,136,117
16,137,142
16,138,138
16,139,158
16,140,133
16,141,141
16,142,124
16,143,1519
16,144,423
16,145,160
16,146,126
16,147,145
16,148,212
16,149,146
16,150,141
16,151,147
16,152,144
16,153,147
16,154,133
16,155,186
16,156,146
16,157,186
16,158,160
16,159,166
16,160,191
16,161,182
16,162,150
16,163,156
16,164,149
16,165,156
16,166,155
16,167,160
16,168,151
16,169,163
16,170,172
16,171,187
16,172,157
16,173,170
16,174,190
16,175,160
16,176,155
16,177,174
16,178,192
16,179,1850
16,180,164
16,181,193
16,182,165
16,183,214
16,184,175
16,185,201
16,186,149
16,187,175
16,188,192
16,189,191
16,190,150
16,191,210
16,192,165
16,193,188
16,194,152
16,195,187
16,196,158
16,197,214
16,198,191
16,199,185
16,200,169
16,201,202
16,202,177
16,203,201
16,204,165
16,205,208
16,206,172
16,207,213
16,208,174
16,209,223
16,210,1514
16,211,256
16,212,176
16,213,331
16,214,202
16,215,350
16,216,176
16,217,248
16,218,192
16,219,277
16,220,203
16,221,711
16,222,205
16,223,280
16,224,215
16,225,299
16,226,217
16,227,311
16,228,222
16,229,312
16,230,244
16,231,308
16,232,249
16,233,340
16,234,263
16,235,3492
16,236,284
16,237,367
16,238,357
16,239,386
16,240,332
16,241,403
16,242,359
16,243,428
16,244,372
16,245,629
16,246,471
16,247,469
16,248,420
16,249,510
16,250,439
16,251,514
16,252,476
16,253,521
16,254,550
16,255,509
16,256,425
17,1,286
17,2,327
17,3,304
17,4,330
17,5,305
17,6,330
17,7,335
17,8,565
17,9,325
17,10,368
17,11,324
17,12,352
17,13,388
17,14,364
17,15,344
17,16,370
17,17,327
17,18,361
17,19,324
17,20,356
17,21,313
17,22,369
17,23,2402
17,24,363
17,25,337
17,26,364
17,27,355
17,28,814
17,29,343
17,30,461
17,31,363
17,32,391
17,33,363
17,34,412
17,35,381
17,36,412
17,37,416
17,38,538
17,39,410
17,40,438
17,41,399
17,42,445
17,43,414
17,44,422
17,45,339
17,46,343
17,47,283
17,48,253
17,49,270
17,50,233
17,51,321
17,52,332
17,53,242
17,54,270
17,55,275
17,56,264
17,57,239
17,58,260
17,59,384
17,60,260
17,61,272
17,62,259
17,63,234
17,64,307
17,65,234
17,66,246
17,67,250
17,68,279
17,69,237
17,70,249
17,71,411
17,72,241
17,73,349
17,74,244
17,75,250
17,76,278
17,77,255
17,78,249
17,79,236
17,80,261
17,81,230
17,82,223
17,83,233
17,84,229
17,85,213
17,86,224
17,87,224
17,88,281
17,89,219
17,90,231
17,91,229
17,92,269
17,93,218
17,94,219
17,95,232
17,96,215
17,97,229
17,98,217
17,99,234
17,100,222
17,101,216
17,102,212
17,103,274
17,104,216
17,105,210
17,106,202
17,107,209
17,108,215
17,109,211
17,110,204
17,111,210
17,112,208
17,113,194
17,114,210
17,115,199
17,116,205
17,117,196
17,118,206
17,119,224
17,120,203
17,121,189
17,122,208
17,123,181
17,124,223
17,125,177
17,126,199
17,127,188
17,128,193
17,129,162
17,130,191
17,131,162
17,132,175
17,133,156
17,134,138
17,135,167
17,136,117
17,137,142
17,138,138
17,139,159
17,140,133
17,141,139
17,142,125
17,143,1526
17,144,424
17,145,159
17,146,125
17,147,144
17,148,211
17,149,145
17,150,142
17,151,144
17,152,140
17,153,145
17,154,133
17,155,185
17,156,148
17,157,187
17,158,162
17,159,166
17,160,199
17,161,182
17,162,150
17,163,156
17,164,149
17,165,156
17,166,156
17,167,160
17,168,152
17,169,164
17,170,173
17,171,185
17,172,157
17,173,169
17,174,188
17,175,159
17,176,155
17,177,174
17,178,195
17,179,1849
17,180,165
17,181,191
17,182,164
17,183,215
17,184,176
17,185,200
17,186,149
17,187,174
17,188,194
17,189,188
17,190,151
17,191,210
17,192,165
17,193,188
17,194,152
17,195,187
17,196,160
17,197,216
17,198,192
17,199,184
17,200,169
17,201,202
17,202,178
17,203,200
17,204,165
17,205,209
17,206,175
17,207,214
17,208,174
17,209,223
17,210,1512
17,211,255
17,212,178
17,213,330
17,214,202
17,215,347
17,216,177
17,217,247
17,218,193
17,219,277
17,220,203
17,221,711
17,222,205
17,223,280
17,224,215
17,225,298
17,226,218
17,227,309
17,228,222
17,229,312
17,230,244
17,231,308
17,232,249
17,233,340
17,234,264
17,235,3497
17,236,285
17,237,366
17,238,358
17,239,386
17,240,333
17,241,400
17,242,358
17,243,428
17,244,375
17,245,629
17,246,460
17,247,467
17,248,419
17,249,507
17,250,441
17,251,515
17,252,477
17,253,520
17,254,546
17,255,507
17,256,427
18,1,286
18,2,327
18,3,304
18,4,330
18,5,305
18,6,330
18,7,335
18,8,565
18,9,325
18,10,368
18,11,324
18,12,352
18,13,388
18,14,364
18,15,344
18,16,370
18,17,327
18,18,361
18,19,324
18,20,356
18,21,313
18,22,369
18,23,2402
18,24,363
18,25,337
18,26,364
18,27,355
18,28,814
18,29,343
18,30,461
18,31,363
18,32,391
18,33,363
18,34,412
18,35,381
18,36,412
18,37,416
18,38,538
18,39,410
18,40,438
18,41,399
18,42,445
18,43,414
18,44,422
18,45,339
18,46,343
18,47,283
18,48,253
18,49,270
18,50,233
18,51,321
18,52,332
18,53,242
18,54,270
18,55,275
18,56,264
18,57,239
18,58,260
18,59,384
18,60,260
18,61,272
18,62,259
18,63,234
18,64,307
18,65,234
18,66,246
18,67,250
18,68,279
18,69,237
18,70,249
18,71,411
18,72,241
18,73,349
18,74,244
18,75,250
18,76,278
18,77,255
18,78,249
18,79,236
18,80,261
18,81,230
18,82,223
18,83,233
18,84,229
18,85,213
18,86,224
18,87,224
18,88,281
18,89,219
18,90,231
18,91,229
18,92,269
18,93,218
18,94,219
18,95,232
18,96,215
18,97,229
18,98,217
18,99,234
18,100,222
18,101,216
18,102,212
18,103,274
18,104,216
18,105,210
18,106,202
18,107,209
18,108,215
18,109,211
18,110,204
18,111,210
18,112,208
18,113,194
18,114,210
18,115,199
18,116,205
18,117,196
18,118,206
18,119,224
18,120,203
18,121,189
18,122,208
18,123,181
18,124,223
18,125,177
18,126,199
18,127,188
18,128,193
18,129,162
18,130,191
18,131,162
18,132,175
18,133,156
18,134,138
18,135,167
18,136,117
18,137,142
18,138,138
18,139,159
18,140,133
18,141,139
18,142,125
18,143,1526
18,144,424
18,145,159
18,146,125
18,147,144
18,148,211
18,149,145
18,150,142
18,151,144
18,152,140
18,153,145
18,154,133
18,155,185
18,156,148
18,157,187
18,158,162
18,159,166
18,160,199
18,161,182
18,162,150
18,163,156
18,164,149
18,165,156
18,166,156
18,167,160
18,168,152
18,169,164
18,170,173
18,171,185
18,172,157
18,173,169
18,174,188
18,175,159
18,176,155
18,177,174
18,178,195
18,179,1849
18,180,165
18,181,191
18,182,164
18,183,215
18,184,176
18,185,200
18,186,149
18,187,174
18,188,194
18,189,188
18,190,151
18,191,210
18,192,165
18,193,188
18,194,152
18,195,187
18,196,160
18,197,216
18,198,192
18,199,184
18,200,169
18,201,202
18,202,178
18,203,200
18,204,165
18,205,209
18,206,175
18,207,214
18,208,174
18,209,223
18,210,1512
18,211,255
18,212,178
18,213,330
18,214,202
18,215,347
18,216,177
18,217,247
18,218,193
18,219,277
18,220,203
18,221,711
18,222,205
18,223,280
18,224,215
18,225,298
18,226,218
18,227,309
18,228,222
18,229,312
18,230,244
18,231,308
18,232,249
18,233,340
18,234,264
18,235,3497
18,236,285
18,237,366
18,238,358
18,239,386
18,240,333
18,241,400
18,242,358
18,243,428
18,244,375
18,245,629
18,246,460
18,247,467
18,248,419
18,249,507
18,250,441
18,251,515
18,252,477
18,253,520
18,254,546
18,255,507
18,256,427
19,1,287
19,2,327
19,3,303
19,4,331
19,5,305
19,6,330
19,7,334
19,8,568
19,9,325
19,10,367
19,11,324
19,12,352
19,13,388
19,14,365
19,15,344
19,16,369
19,17,327
19,18,361
19,19,324
19,20,354
19,21,314
19,22,370
19,23,2404
19,24,363
19,25,338
19,26,362
19,27,357
19,28,815
19,29,345
19,30,459
19,31,363
19,32,394
19,33,363
19,34,413
19,35,381
19,36,413
19,37,417
19,38,541
19,39,410
19,40,438
19,41,401
19,42,446
19,43,414
19,44,424
19,45,339
19,46,345
19,47,284
19,48,254
19,49,270
19,50,233
19,51,323
19,52,332
19,53,242
19,54,270
19,55,274
19,56,266
19,57,239
19,58,261
19,59,386
19,60,261
19,61,271
19,62,259
19,63,234
19,64,313
19,65,233
19,66,247
19,67,250
19,68,281
19,69,237
19,70,249
19,71,411
19,72,241
19,73,346
19,74,245
19,75,249
19,76,278
19,77,256
19,78,251
19,79,238
19,80,262
19,81,230
19,82,224
19,83,233
19,84,227
19,85,212
19,86,225
19,87,223
19,88,282
19,89,219
19,90,232
19,91,231
19,92,266
19,93,217
19,94,219
19,95,233
19,96,213
19,97,230
19,98,216
19,99,235
19,100,222
19,101,215
19,102,212
19,103,278
19,104,214
19,105,211
19,106,201
19,107,211
19,108,215
19,109,210
19,110,204
19,111,211
19,112,208
19,113,195
19,114,210
19,115,199
19,116,205
19,117,197
19,118,206
19,119,223
19,120,203
19,121,190
19,122,209
19,123,181
19,124,222
19,125,177
19,126,200
19,127,189
19,128,193
19,129,163
19,130,192
19,131,162
19,132,173
19,133,156
19,134,138
19,135,165
19,136,117
19,137,142
19,138,138
19,139,158
19,140,134
19,141,139
19,142,125
19,143,1518
19,144,424
19,145,161
19,146,127
19,147,144
19,148,213
19,149,146
19,150,142
19,151,145
19,152,141
19,153,147
19,154,134
19,155,186
19,156,148
19,157,187
19,158,162
19,159,165
19,160,199
19,161,182
19,162,150
19,163,156
19,164,149
19,165,155
19,166,157
19,167,159
19,168,152
19,169,164
19,170,173
19,171,186
19,172,158
19,173,171
19,174,187
19,175,161
19,176,155
19,177,174
19,178,194
19,179,1848
19,180,166
19,181,191
19,182,166
19,183,216
19,184,176
19,185,200
19,186,150
19,187,174
19,188,193
19,189,188
19,190,150
19,191,210
19,192,166
19,193,187
19,194,152
19,195,187
19,196,159
19,197,214
19,198,192
19,199,185
19,200,170
19,201,203
19,202,178
19,203,199
19,204,165
19,205,208
19,206,175
19,207,214
19,208,175
19,209,222
19,210,1512
19,211,256
19,212,178
19,213,332
19,214,205
19,215,350
19,216,178
19,217,247
19,218,193
19,219,275
19,220,204
19,221,715
19,222,203
19,223,279
19,224,215
19,225,298
19,226,218
19,227,310
19,228,222
19,229,313
19,230,245
19,231,307
19,232,250
19,233,339
19,234,264
19,235,3491
19,236,284
19,237,366
19,238,360
19,239,386
19,240,332
19,241,401
19,242,360
19,243,430
19,244,374
19,245,631
19,246,474
19,247,469
19,248,421
19,249,507
19,250,442
19,251,516
19,252,477
19,253,519
19,254,549
19,255,507
19,256,426
20,1,287
20,2,327
20,3,303
20,4,331
20,5,305
20,6,330
20,7,334
20,8,568
20,9,325
20,10,367
20,11,324
20,12,352
20,13,388
20,14,365
20,15,344
20,16,369
20,17,327
20,18,361
20,19,324
20,20,354
20,21,314
20,22,370
20,23,2404
20,24,363
20,25,338
20,26,362
20,27,357
20,28,815
20,29,345
20,30,459
20,31,363
20,32,394
20,33,363
20,34,413
20,35,381
20,36,413
20,37,417
20,38,541
20,39,410
20,40,438
20,41,401
20,42,446
20,43,414
20,44,424
20,45,339
20,46,345
20,47,284
20,48,254
20,49,270
20,50,233
20,51,323
20,52,332
20,53,242
20,54,270
20,55,274
20,56,266
20,57,239
20,58,261
20,59,386
20,60,261
20,61,271
20,62,259
20,63,234
20,64,313
20,65,233
20,66,247
20,67,250
20,68,281
20,69,237
20,70,249
20,71,411
20,72,241
20,73,346
20,74,245
20,75,249
20,76,278
20,77,256
20,78,251
20,79,238
20,80,262
20,81,230
20,82,224
20,83,233
20,84,227
20,85,212
20,86,225
20,87,223
20,88,282
20,89,219
20,90,232
20,91,231
20,92,266
20,93,217
20,94,219
20,95,233
20,96,213
20,97,230
20,98,216
20,99,235
20,100,222
20,101,215
20,102,212
20,103,278
20,104,214
20,105,211
20,106,201
20,107,211
20,108,215
20,109,210
20,110,204
20,111,211
20,112,208
20,113,195
20,114,210
20,115,199
20,116,205
20,117,197
20,118,206
20,119,223
20,120,203
20,121,190
20,122,209
20,123,181
20,124,222
20,125,177
20,126,200
20,127,189
20,128,193
20,129,163
20,130,192
20,131,162
20,132,173
20,133,156
20,134,138
20,135,165
20,136,117
20,137,142
20,138,138
20,139,158
20,140,134
20,141,139
20,142,125
20,143,1518
20,144,424
20,145,161
20,146,127
20,147,144
20,148,213
20,149,146
20,150,142
20,151,145
20,152,141
20,153,147
20,154,134
20,155,186
20,156,148
20,157,187
20,158,162
20,159,165
20,160,199
20,161,182
20,162,150
20,163,156
20,164,149
20,165,155
20,166,157
20,167,159
20,168,152
20,169,164
20,170,173
20,171,186
20,172,158
20,173,171
20,174,187
20,175,161
20,176,155
20,177,174
20,178,194
20,179,1848
20,180,166
20,181,191
20,182,166
20,183,216
20,184,176
20,185,200
20,186,150
20,187,174
20,188,193
20,189,188
20,190,150
20,191,210
20,192,166
20,193,187
20,194,152
20,195,187
20,196,159
20,197,214
20,198,192
20,199,185
20,200,170
20,201,203
20,202,178
20,203,199
20,204,165
20,205,208
20,206,175
20,207,214
20,208,175
20,209,222
20,210,1512
20,211,256
20,212,178
20,213,332
20,214,205
20,215,350
20,216,178
20,217,247
20,218,193
20,219,275
20,220,204
20,221,715
20,222,203
20,223,279
20,224,215
20,225,298
20,226,218
20,227,310
20,228,222
20,229,313
20,230,245
20,231,307
20,232,250
20,233,339
20,234,264
20,235,3491
20,236,284
20,237,366
20,238,360
20,239,386
20,240,332
20,241,401
20,242,360
20,243,430
20,244,374
20,245,631
20,246,474
20,247,469
20,248,421
20,249,507
20,250,442
20,251,516
20,252,477
20,253,519
20,254,549
20,255,507
20,256,426
21,1,287
21,2,326
21,3,304
21,4,331
21,5,304
21,6,330
21,7,335
21,8,562
21,9,325
21,10,367
21,11,324
21,12,352
21,13,387
21,14,363
21,15,342
21,16,370
21,17,326
21,18,358
21,19,322
21,20,354
21,21,314
21,22,368
21,23,2405
21,24,363
21,25,336
21,26,363
21,27,356
21,28,814
21,29,343
21,30,449
21,31,362
21,32,391
21,33,363
21,34,411
21,35,382
21,36,412
21,37,417
21,38,539
21,39,409
21,40,438
21,41,398
21,42,444
21,43,414
21,44,421
21,45,339
21,46,343
21,47,283
21,48,253
21,49,269
21,50,231
21,51,320
21,52,326
21,53,241
21,54,270
21,55,274
21,56,264
21,57,239
21,58,261
21,59,386
21,60,260
21,61,271
21,62,260
21,63,233
21,64,309
21,65,233
21,66,247
21,67,249
21,68,282
21,69,238
21,70,249
21,71,411
21,72,239
21,73,341
21,74,245
21,75,250
21,76,264
21,77,257
21,78,248
21,79,236
21,80,261
21,81,230
21,82,224
21,83,233
21,84,228
21,85,214
21,86,225
21,87,223
21,88,281
21,89,219
21,90,232
21,91,228
21,92,265
21,93,217
21,94,219
21,95,231
21,96,215
21,97,230
21,98,216
21,99,234
21,100,220
21,101,215
21,102,212
21,103,284
21,104,215
21,105,210
21,106,199
21,107,210
21,108,214
21,109,209
21,110,203
21,111,210
21,112,206
21,113,195
21,114,209
21,115,199
21,116,205
21,117,197
21,118,205
21,119,223
21,120,203
21,121,189
21,122,207
21,123,182
21,124,222
21,125,178
21,126,199
21,127,188
21,128,193
21,129,162
21,130,190
21,131,161
21,132,174
21,133,156
21,134,138
21,135,167
21,136,116
21,137,142
21,138,137
21,139,158
21,140,133
21,141,140
21,142,125
21,143,1521
21,144,423
21,145,160
21,146,126
21,147,144
21,148,211
21,149,146
21,150,141
21,151,145
21,152,140
21,153,146
21,154,134
21,155,185
21,156,147
21,157,187
21,158,160
21,159,166
21,160,194
21,161,182
21,162,148
21,163,156
21,164,148
21,165,156
21,166,156
21,167,160
21,168,150
21,169,162
21,170,172
21,171,186
21,172,155
21,173,169
21,174,189
21,175,158
21,176,154
21,177,173
21,178,193
21,179,1851
21,180,164
21,181,191
21,182,165
21,183,214
21,184,176
21,185,200
21,186,149
21,187,174
21,188,192
21,189,189
21,190,151
21,191,211
21,192,165
21,193,187
21,194,152
21,195,187
21,196,159
21,197,213
21,198,191
21,199,185
21,200,169
21,201,202
21,202,178
21,203,199
21,204,165
21,205,207
21,206,173
21,207,213
21,208,174
21,209,222
21,210,1511
21,211,258
21,212,178
21,213,332
21,214,203
21,215,348
21,216,176
21,217,246
21,218,191
21,219,276
21,220,204
21,221,711
21,222,204
21,223,280
21,224,214
21,225,298
21,226,218
21,227,308
21,228,220
21,229,313
21,230,243
21,231,309
21,232,249
21,233,339
21,234,264
21,235,3501
21,236,283
21,237,366
21,238,360
21,239,386
21,240,330
21,241,400
21,242,360
21,243,428
21,244,372
21,245,632
21,246,470
21,247,469
21,248,419
21,249,504
21,250,441
21,251,515
21,252,477
21,253,520
21,254,548
21,255,508
21,256,426
22,1,287
22,2,326
22,3,304
22,4,331
22,5,304
22,6,330
22,7,335
22,8,562
22,9,325
22,10,367
22,11,324
22,12,352
22,13,387
22,14,363
22,15,342
22,16,370
22,17,326
22,18,358
22,19,322
22,20,354
22,21,314
22,22,368
22,23,2405
22,24,363
22,25,336
22,26,363
22,27,356
22,28,814
22,29,343
22,30,449
22,31,362
22,32,391
22,33,363
22,34,411
22,35,382
22,36,412
22,37,417
22,38,539
22,39,409
22,40,438
22,41,398
22,42,444
22,43,414
22,44,421
22,45,339
22,46,343
22,47,283
22,48,253
22,49,269
22,50,231
22,51,320
22,52,326
22,53,241
22,54,270
22,55,274
22,56,264
22,57,239
22,58,261
22,59,386
22,60,260
22,61,271
22,62,260
22,63,233
22,64,309
22,65,233
22,66,247
22,67,249
22,68,282
22,69,238
22,70,249
22,71,411
22,72,239
22,73,341
22,74,245
22,75,250
22,76,264
22,77,257
22,78,248
22,79,236
22,80,261
22,81,230
22,82,224
22,83,233
22,84,228
22,85,214
22,86,225
22,87,223
22,88,281
22,89,219
22,90,232
22,91,228
22,92,265
22,93,217
22,94,219
22,95,231
22,96,215
22,97,230
22,98,216
22,99,234
22,100,220
22,101,215
22,102,212
22,103,284
22,104,215
22,105,210
22,106,199
22,107,210
22,108,214
22,109,209
22,110,203
22,111,210
22,112,206
22,113,195
22,114,209
22,115,199
22,116,205
22,117,197
22,118,205
22,119,223
22,120,203
22,121,189
22,122,207
22,123,182
22,124,222
22,125,178
22,126,199
22,127,188
22,128,193
22,129,162
22,130,190
22,131,161
22,132,174
22,133,156
22,134,138
22,135,167
22,136,116
22,137,142
22,138,137
22,139,158
22,140,133
22,141,140
22,142,125
22,143,1521
22,144,423
22,145,160
22,146,126
22,147,144
22,148,211
22,149,146
22,150,141
22,151,145
22,152,140
22,153,146
22,154,134
22,155,185
22,156,147
22,157,187
22,158,160
22,159,166
22,160,194
22,161,182
22,162,148
22,163,156
22,164,148
22,165,156
22,166,156
22,167,160
22,168,150
22,169,162
22,170,172
22,171,186
22,172,155
22,173,169
22,174,189
22,175,158
22,176,154
22,177,173
22,178,193
22,179,1851
22,180,164
22,181,191
22,182,165
22,183,214
22,184,176
22,185,200
22,186,149
22,187,174
22,188,192
22,189,189
22,190,151
22,191,211
22,192,165
22,193,187
22,194,152
22,195,187
22,196,159
22,197,213
22,198,191
22,199,185
22,200,169
22,201,202
22,202,178
22,203,199
22,204,165
22,205,207
22,206,173
22,207,213
22,208,174
22,209,222
22,210,1511
22,211,258
22,212,178
22,213,332
22,214,203
22,215,348
22,216,176
22,217,246
22,218,191
22,219,276
22,220,204
22,221,711
22,222,204
22,223,280
22,224,214
22,225,298
22,226,218
22,227,308
22,228,220
22,229,313
22,230,243
22,231,309
22,232,249
22,233,339
22,234,264
22,235,3501
22,236,283
22,237,366
22,238,360
22,239,386
22,240,330
22,241,400
22,242,360
22,243,428
22,244,372
22,245,632
22,246,470
22,247,469
22,248,419
22,249,504
22,250,441
22,251,515
22,252,477
22,253,520
22,254,548
22,255,508
22,256,426
23,1,285
23,2,328
23,3,303
23,4,331
23,5,304
23,6,330
23,7,334
23,8,567
23,9,326
23,10,367
23,11,323
23,12,353
23,13,387
23,14,365
23,15,343
23,16,369
23,17,326
23,18,360
23,19,322
23,20,355
23,21,313
23,22,369
23,23,2401
23,24,362
23,25,337
23,26,363
23,27,355
23,28,814
23,29,343
23,30,448
23,31,361
23,32,393
23,33,361
23,34,412
23,35,384
23,36,412
23,37,414
23,38,541
23,39,410
23,40,438
23,41,399
23,42,446
23,43,413
23,44,422
23,45,337
23,46,343
23,47,283
23,48,253
23,49,267
23,50,232
23,51,315
23,52,325
23,53,239
23,54,269
23,55,272
23,56,265
23,57,237
23,58,260
23,59,385
23,60,260
23,61,270
23,62,258
23,63,233
23,64,309
23,65,233
23,66,247
23,67,249
23,68,278
23,69,236
23,70,249
23,71,411
23,72,239
23,73,340
23,74,245
23,75,249
23,76,264
23,77,256
23,78,248
23,79,235
23,80,262
23,81,228
23,82,224
23,83,232
23,84,227
23,85,211
23,86,224
23,87,223
23,88,280
23,89,217
23,90,231
23,91,229
23,92,266
23,93,216
23,94,219
23,95,232
23,96,214
23,97,229
23,98,219
23,99,234
23,100,222
23,101,214
23,102,211
23,103,285
23,104,214
23,105,210
23,106,200
23,107,209
23,108,213
23,109,211
23,110,203
23,111,209
23,112,208
23,113,195
23,114,209
23,115,199
23,116,205
23,117,194
23,118,206
23,119,221
23,120,202
23,121,190
23,122,207
23,123,180
23,124,225
23,125,177
23,126,200
23,127,187
23,128,193
23,129,161
23,130,190
23,131,161
23,132,173
23,133,155
23,134,138
23,135,164
23,136,116
23,137,141
23,138,137
23,139,158
23,140,133
23,141,138
23,142,124
23,143,1521
23,144,424
23,145,160
23,146,125
23,147,143
23,148,212
23,149,145
23,150,141
23,151,144
23,152,142
23,153,146
23,154,132
23,155,184
23,156,147
23,157,186
23,158,159
23,159,165
23,160,200
23,161,180
23,162,149
23,163,154
23,164,149
23,165,155
23,166,156
23,167,158
23,168,151
23,169,162
23,170,171
23,171,186
23,172,157
23,173,168
23,174,190
23,175,159
23,176,155
23,177,172
23,178,194
23,179,1863
23,180,165
23,181,190
23,182,166
23,183,211
23,184,176
23,185,199
23,186,149
23,187,173
23,188,193
23,189,187
23,190,150
23,191,210
23,192,164
23,193,186
23,194,152
23,195,186
23,196,159
23,197,214
23,198,192
23,199,183
23,200,169
23,201,202
23,202,178
23,203,199
23,204,166
23,205,207
23,206,174
23,207,213
23,208,174
23,209,219
23,210,1510
23,211,256
23,212,177
23,213,331
23,214,204
23,215,346
23,216,178
23,217,247
23,218,192
23,219,274
23,220,203
23,221,712
23,222,204
23,223,279
23,224,214
23,225,298
23,226,218
23,227,307
23,228,222
23,229,311
23,230,245
23,231,307
23,232,250
23,233,337
23,234,265
23,235,3463
23,236,284
23,237,366
23,238,357
23,239,384
23,240,332
23,241,400
23,242,360
23,243,427
23,244,373
23,245,631
23,246,472
23,247,468
23,248,421
23,249,506
23,250,441
23,251,515
23,252,477
23,253,518
23,254,540
23,255,509
23,256,427
24,1,285
24,2,328
24,3,303
24,4,331
24,5,304
24,6,330
24,7,334
24,8,567
24,9,326
24,10,367
24,11,323
24,12,353
24,13,387
24,14,365
24,15,343
24,16,369
24,17,326
24,18,360
24,19,322
24,20,355
24,21,313
24,22,369
24,23,2401
24,24,362
24,25,337
24,26,363
24,27,355
24,28,814
24,29,343
24,30,448
24,31,361
24,32,393
24,33,361
24,34,412
24,35,384
24,36,412
24,37,414
24,38,541
24,39,410
24,40,438
24,41,399
24,42,446
24,43,413
24,44,422
24,45,337
24,46,343
24,47,283
24,48,253
24,49,267
24,50,232
24,51,315
24,52,325
24,53,239
24,54,269
24,55,272
24,56,265
24,57,237
24,58,260
24,59,385
24,60,260
24,61,270
24,62,258
24,63,233
24,64,309
24,65,233
24,66,247
24,67,249
24,68,278
24,69,236
24,70,249
24,71,411
24,72,239
24,73,340
24,74,245
24,75,249
24,76,264
24,77,256
24,78,248
24,79,235
24,80,262
24,81,228
24,82,224
24,83,232
24,84,227
24,85,211
24,86,224
24,87,223
24,88,280
24,89,217
24,90,231
24,91,229
24,92,266
24,93,216
24,94,219
24,95,232
24,96,214
24,97,229
24,98,219
24,99,234
24,100,222
24,101,214
24,102,211
24,103,285
24,104,214
24,105,210
24,106,200
24,107,209
24,108,213
24,109,211
24,110,203
24,111,209
24,112,208
24,113,195
24,114,209
24,115,199
24,116,205
24,117,194
24,118,206
24,119,221
24,120,202
24,121,190
24,122,207
24,123,180
24,124,225
24,125,177
24,126,200
24,127,187
24,128,193
24,129,161
24,130,190
24,131,161
24,132,173
24,133,155
24,134,138
24,135,164
24,136,116
24,137,141
24,138,137
24,139,158
24,140,133
24,141,138
24,142,124
24,143,1521
24,144,424
24,145,160
24,146,125
24,147,143
24,148,212
24,149,145
24,150,141
24,151,144
24,152,142
24,153,146
24,154,132
24,155,184
24,156,147
24,157,186
24,158,159
24,159,165
24,160,200
24,161,180
24,162,149
24,163,154
24,164,149
24,165,155
24,166,156
24,167,158
24,168,151
24,169,162
24,170,171
24,171,186
24,172,157
24,173,168
24,174,190
24,175,159
24,176,155
24,177,172
24,178,194
24,179,1863
24,180,165
24,181,190
24,182,166
24,183,211
24,184,176
24,185,199
24,186,149
24,187,173
24,188,193
24,189,187
24,190,150
24,191,210
24,192,164
24,193,186
24,194,152
24,195,186
24,196,159
24,197,214
24,198,192
24,199,183
24,200,169
24,201,202
24,202,178
24,203,199
24,204,166
24,205,207
24,206,174
24,207,213
24,208,174
24,209,219
24,210,1510
24,211,256
24,212,177
24,213,331
24,214,204
24,215,346
24,216,178
24,217,247
24,218,192
24,219,274
24,220,203
24,221,712
24,222,204
24,223,279
24,224,214
24,225,298
24,226,218
24,227,307
24,228,222
24,229,311
24,230,245
24,231,307
24,232,250
24,233,337
24,234,265
24,235,3463
24,236,284
24,237,366
24,238,357
24,239,384
24,240,332
24,241,400
24,242,360
24,243,427
24,244,373
24,245,631
24,246,472
24,247,468
24,248,421
24,249,506
24,250,441
24,251,515
24,252,477
24,253,518
24,254,540
24,255,509
24,256,427
25,1,287
25,2,328
25,3,304
25,4,330
25,5,306
25,6,330
25,7,334
25,8,564
25,9,325
25,10,365
25,11,323
25,12,352
25,13,389
25,14,364
25,15,344
25,16,369
25,17,328
25,18,360
25,19,323
25,20,354
25,21,315
25,22,369
25,23,2456
25,24,362
25,25,337
25,26,363
25,27,356
25,28,812
25,29,346
25,30,458
25,31,363
25,32,393
25,33,363
25,34,413
25,35,382
25,36,412
25,37,416
25,38,539
25,39,411
25,40,440
25,41,402
25,42,443
25,43,414
25,44,423
25,45,340
25,46,343
25,47,285
25,48,252
25,49,276
25,50,233
25,51,319
25,52,333
25,53,242
25,54,270
25,55,273
25,56,265
25,57,239
25,58,260
25,59,385
25,60,261
25,61,272
25,62,259
25,63,233
25,64,311
25,65,234
25,66,246
25,67,250
25,68,278
25,69,236
25,70,247
25,71,413
25,72,239
25,73,344
25,74,245
25,75,252
25,76,277
25,77,256
25,78,247
25,79,238
25,80,262
25,81,229
25,82,223
25,83,233
25,84,228
25,85,213
25,86,224
25,87,224
25,88,280
25,89,219
25,90,232
25,91,230
25,92,266
25,93,217
25,94,219
25,95,233
25,96,214
25,97,231
25,98,217
25,99,235
25,100,221
25,101,217
25,102,211
25,103,279
25,104,213
25,105,211
25,106,200
25,107,210
25,108,214
25,109,210
25,110,202
25,111,210
25,112,206
25,113,195
25,114,208
25,115,199
25,116,205
25,117,195
25,118,206
25,119,223
25,120,202
25,121,191
25,122,209
25,123,182
25,124,225
25,125,177
25,126,198
25,127,189
25,128,192
25,129,163
25,130,191
25,131,162
25,132,175
25,133,156
25,134,137
25,135,165
25,136,115
25,137,142
25,138,138
25,139,159
25,140,133
25,141,139
25,142,124
25,143,1527
25,144,423
25,145,161
25,146,125
25,147,145
25,148,211
25,149,146
25,150,139
25,151,146
25,152,139
25,153,146
25,154,134
25,155,186
25,156,147
25,157,187
25,158,160
25,159,166
25,160,198
25,161,183
25,162,148
25,163,156
25,164,149
25,165,155
25,166,155
25,167,160
25,168,151
25,169,164
25,170,172
25,171,187
25,172,156
25,173,169
25,174,188
25,175,160
25,176,155
25,177,173
25,178,193
25,179,1852
25,180,165
25,181,192
25,182,165
25,183,213
25,184,176
25,185,201
25,186,149
25,187,174
25,188,193
25,189,187
25,190,150
25,191,210
25,192,163
25,193,187
25,194,151
25,195,187
25,196,159
25,197,215
25,198,192
25,199,185
25,200,170
25,201,203
25,202,177
25,203,200
25,204,164
25,205,209
25,206,174
25,207,214
25,208,173
25,209,222
25,210,1512
25,211,256
25,212,177
25,213,335
25,214,205
25,215,355
25,216,178
25,217,247
25,218,192
25,219,276
25,220,202
25,221,709
25,222,204
25,223,279
25,224,213
25,225,299
25,226,220
25,227,309
25,228,221
25,229,313
25,230,244
25,231,307
25,232,248
25,233,340
25,234,264
25,235,3493
25,236,283
25,237,367
25,238,357
25,239,385
25,240,331
25,241,402
25,242,360
25,243,430
25,244,374
25,245,633
25,246,463
25,247,470
25,248,420
25,249,507
25,250,440
25,251,515
25,252,475
25,253,519
25,254,539
25,255,509
25,256,425
26,1,287
26,2,328
26,3,304
26,4,330
26,5,306
26,6,330
26,7,334
26,8,564
26,9,325
26,10,365
26,11,323
26,12,352
26,13,389
26,14,364
26,15,344
26,16,369
26,17,328
26,18,360
26,19,323
26,20,354
26,21,315
26,22,369
26,23,2456
26,24,362
26,25,337
26,26,363
26,27,356
26,28,812
26,29,346
26,30,458
26,31,363
26,32,393
26,33,363
26,34,413
26,35,382
26,36,412
26,37,416
26,38,539
26,39,411
26,40,440
26,41,402
26,42,443
26,43,414
26,44,423
26,45,340
26,46,343
26,47,285
26,48,252
26,49,276
26,50,233
26,51,319
26,52,333
26,53,242
26,54,270
26,55,273
26,56,265
26,57,239
26,58,260
26,59,385
26,60,261
26,61,272
26,62,259
26,63,233
26,64,311
26,65,234
26,66,246
26,67,250
26,68,278
26,69,236
26,70,247
26,71,413
26,72,239
26,73,344
26,74,245
26,75,252
26,76,277
26,77,256
26,78,247
26,79,238
26,80,262
26,81,229
26,82,223
26,83,233
26,84,228
26,85,213
26,86,224
26,87,224
26,88,280
26,89,219
26,90,232
26,91,230
26,92,266
26,93,217
26,94,219
26,95,233
26,96,214
26,97,231
26,98,217
26,99,235
26,100,221
26,101,217
26,102,211
26,103,279
26,104,213
26,105,211
26,106,200
26,107,210
26,108,214
26,109,210
26,110,202
26,111,210
26,112,206
26,113,195
26,114,208
26,115,199
26,116,205
26,117,195
26,118,206
26,119,223
26,120,202
26,121,191
26,122,209
26,123,182
26,124,225
26,125,177
26,126,198
26,127,189
26,128,192
26,129,163
26,130,191
26,131,162
26,132,175
26,133,156
26,134,137
26,135,165
26,136,115
26,137,142
26,138,138
26,139,159
26,140,133
26,141,139
26,142,124
26,143,1527
26,144,423
26,145,161
26,146,125
26,147,145
26,148,211
26,149,146
26,150,139
26,151,146
26,152,139
26,153,146
26,154,134
26,155,186
26,156,147
26,157,187
26,158,160
26,159,166
26,160,198
26,161,183
26,162,148
26,163,156
26,164,149
26,165,155
26,166,155
26,167,160
26,168,151
26,169,164
26,170,172
26,171,187
26,172,156
26,173,169
26,174,188
26,175,160
26,176,155
26,177,173
26,178,193
26,179,1852
26,180,165
26,181,192
26,182,165
26,183,213
26,184,176
26,185,201
26,186,149
26,187,174
26,188,193
26,189,187
26,190,150
26,191,210
26,192,163
26,193,187
26,194,151
26,195,187
26,196,159
26,197,215
26,198,192
26,199,185
26,200,170
26,201,203
26,202,177
26,203,200
26,204,164
26,205,209
26,206,174
26,207,214
26,208,173
26,209,222
26,210,1512
26,211,256
26,212,177
26,213,335
26,214,205
26,215,355
26,216,178
26,217,247
26,218,192
26,219,276
26,220,202
26,221,709
26,222,204
26,223,279
26,224,213
26,225,299
26,226,220
26,227,309
26,228,221
26,229,313
26,230,244
26,231,307
26,232,248
26,233,340
26,234,264
26,235,3493
26,236,283
26,237,367
26,238,357
26,239,385
26,240,331
26,241,402
26,242,360
26,243,430
26,244,374
26,245,633
26,246,463
26,247,470
26,248,420
26,249,507
26,250,440
26,251,515
26,252,475
26,253,519
26,254,539
26,255,509
26,256,425
27,1,286
27,2,326
27,3,304
27,4,329
27,5,305
27,6,331
27,7,333
27,8,571
27,9,325
27,10,366
27,11,324
27,12,352
27,13,387
27,14,362
27,15,343
27,16,371
27,17,325
27,18,360
27,19,323
27,20,355
27,21,314
27,22,368
27,23,2469
27,24,363
27,25,336
27,26,364
27,27,357
27,28,813
27,29,342
27,30,457
27,31,363
27,32,393
27,33,362
27,34,411
27,35,380
27,36,413
27,37,417
27,38,535
27,39,409
27,40,438
27,41,399
27,42,443
27,43,414
27,44,422
27,45,339
27,46,343
27,47,285
27,48,253
27,49,275
27,50,232
27,51,321
27,52,326
27,53,240
27,54,269
27,55,272
27,56,265
27,57,241
27,58,261
27,59,385
27,60,259
27,61,271
27,62,259
27,63,233
27,64,309
27,65,232
27,66,245
27,67,251
27,68,279
27,69,236
27,70,247
27,71,411
27,72,240
27,73,346
27,74,243
27,75,248
27,76,277
27,77,256
27,78,249
27,79,237
27,80,261
27,81,230
27,82,224
27,83,232
27,84,226
27,85,211
27,86,224
27,87,224
27,88,281
27,89,218
27,90,232
27,91,228
27,92,273
27,93,217
27,94,219
27,95,233
27,96,214
27,97,231
27,98,218
27,99,233
27,100,220
27,101,216
27,102,212
27,103,279
27,104,215
27,105,211
27,106,200
27,107,209
27,108,214
27,109,211
27,110,203
27,111,208
27,112,207
27,113,195
27,114,209
27,115,198
27,116,206
27,117,199
27,118,276
27,119,230
27,120,203
27,121,189
27,122,208
27,123,181
27,124,226
27,125,176
27,126,199
27,127,189
27,128,193
27,129,163
27,130,191
27,131,161
27,132,172
27,133,157
27,134,139
27,135,166
27,136,116
27,137,141
27,138,137
27,139,157
27,140,133
27,141,137
27,142,125
27,143,1508
27,144,424
27,145,159
27,146,125
27,147,144
27,148,213
27,149,146
27,150,141
27,151,143
27,152,140
27,153,146
27,154,134
27,155,183
27,156,147
27,157,186
27,158,159
27,159,165
27,160,199
27,161,179
27,162,149
27,163,155
27,164,149
27,165,155
27,166,155
27,167,159
27,168,152
27,169,162
27,170,172
27,171,186
27,172,155
27,173,169
27,174,193
27,175,159
27,176,154
27,177,172
27,178,193
27,179,1852
27,180,165
27,181,190
27,182,165
27,183,212
27,184,175
27,185,199
27,186,149
27,187,173
27,188,193
27,189,187
27,190,151
27,191,209
27,192,165
27,193,186
27,194,152
27,195,186
27,196,160
27,197,214
27,198,192
27,199,184
27,200,170
27,201,202
27,202,177
27,203,199
27,204,165
27,205,208
27,206,174
27,207,213
27,208,173
27,209,222
27,210,1511
27,211,256
27,212,177
27,213,321
27,214,204
27,215,350
27,216,176
27,217,245
27,218,190
27,219,276
27,220,204
27,221,708
27,222,204
27,223,278
27,224,214
27,225,297
27,226,218
27,227,307
27,228,220
27,229,311
27,230,244
27,231,307
27,232,250
27,233,339
27,234,265
27,235,3493
27,236,285
27,237,366
27,238,358
27,239,386
27,240,331
27,241,400
27,242,359
27,243,428
27,244,372
27,245,629
27,246,469
27,247,469
27,248,420
27,249,502
27,250,438
27,251,513
27,252,477
27,253,520
27,254,543
27,255,506
27,256,428
28,1,286
28,2,326
28,3,304
28,4,329
28,5,305
28,6,331
28,7,333
28,8,571
28,9,325
28,10,366
28,11,324
28,12,352
28,13,387
28,14,362
28,15,343
28,16,371
28,17,325
28,18,360
28,19,323
28,20,355
28,21,314
28,22,368
28,23,2469
28,24,363
28,25,336
28,26,364
28,27,357
28,28,813
28,29,342
28,30,457
28,31,363
28,32,393
28,33,362
28,34,411
28,35,380
28,36,413
28,37,417
28,38,535
28,39,409
28,40,438
28,41,399
28,42,443
28,43,414
28,44,422
28,45,339
28,46,343
28,47,285
28,48,253
28,49,275
28,50,232
28,51,321
28,52,326
28,53,240
28,54,269
28,55,272
28,56,265
28,57,241
28,58,261
28,59,385
28,60,259
28,61,271
28,62,259
28,63,233
28,64,309
28,65,232
28,66,245
28,67,251
28,68,279
28,69,236
28,70,247
28,71,411
28,72,240
28,73,346
28,74,243
28,75,248
28,76,277
28,77,256
28,78,249
28,79,237
28,80,261
28,81,230
28,82,224
28,83,232
28,84,226
28,85,211
28,86,224
28,87,224
28,88,281
28,89,218
28,90,232
28,91,228
28,92,273
28,93,217
28,94,219
28,95,233
28,96,214
28,97,231
28,98,218
28,99,233
28,100,220
28,101,216
28,102,212
28,103,279
28,104,215
28,105,211
28,106,200
28,107,209
28,108,214
28,109,211
28,110,203
28,111,208
28,112,207
28,113,195
28,114,209
28,115,198
28,116,206
28,117,199
28,118,276
28,119,230
28,120,203
28,121,189
28,122,208
28,123,181
28,124,226
28,125,176
28,126,199
28,127,189
28,128,193
28,129,163
28,130,191
28,131,161
28,132,172
28,133,157
28,134,139
28,135,166
28,136,116
28,137,141
28,138,137
28,139,157
28,140,133
28,141,137
28,142,125
28,143,1508
28,144,424
28,145,159
28,146,125
28,147,144
28,148,213
28,149,146
28,150,141
28,151,143
28,152,140
28,153,146
28,154,134
28,155,183
28,156,147
28,157,186
28,158,159
28,159,165
28,160,199
28,161,179
28,162,149
28,163,155
28,164,149
28,165,155
28,166,155
28,167,159
28,168,152
28,169,162
28,170,172
28,171,186
28,172,155
28,173,169
28,174,193
28,175,159
28,176,154
28,177,172
28,178,193
28,179,1852
28,180,165
28,181,190
28,182,165
28,183,212
28,184,175
28,185,199
28,186,149
28,187,173
28,188,193
28,189,187
28,190,151
28,191,209
28,192,165
28,193,186
28,194,152
28,195,186
28,196,160
28,197,214
28,198,192
28,199,184
28,200,170
28,201,202
28,202,177
28,203,199
28,204,165
28,205,208
28,206,174
28,207,213
28,208,173
28,209,222
28,210,1511
28,211,256
28,212,177
28,213,321
28,214,204
28,215,350
28,216,176
28,217,245
28,218,190
28,219,276
28,220,204
28,221,708
28,222,204
28,223,278
28,224,214
28,225,297
28,226,218
28,227,307
28,228,220
28,229,311
28,230,244
28,231,307
28,232,250
28,233,339
28,234,265
28,235,3493
28,236,285
28,237,366
28,238,358
28,239,386
28,240,331
28,241,400
28,242,359
28,243,428
28,244,372
28,245,629
28,246,469
28,247,469
28,248,420
28,249,502
28,250,438
28,251,513
28,252,477
28,253,520
28,254,543
28,255,506
28,256,428
29,1,286
29,2,326
29,3,304
29,4,329
29,5,304
29,6,330
29,7,334
29,8,563
29,9,325
29,10,367
29,11,323
29,12,352
29,13,387
29,14,363
29,15,343
29,16,369
29,17,326
29,18,360
29,19,323
29,20,355
29,21,314
29,22,370
29,23,2408
29,24,362
29,25,338
29,26,364
29,27,362
29,28,812
29,29,344
29,30,452
29,31,362
29,32,394
29,33,362
29,34,412
29,35,382
29,36,412
29,37,415
29,38,537
29,39,411
29,40,438
29,41,400
29,42,445
29,43,415
29,44,423
29,45,339
29,46,345
29,47,285
29,48,253
29,49,267
29,50,233
29,51,317
29,52,331
29,53,242
29,54,270
29,55,274
29,56,266
29,57,237
29,58,260
29,59,386
29,60,260
29,61,273
29,62,259
29,63,234
29,64,306
29,65,233
29,66,247
29,67,250
29,68,278
29,69,237
29,70,250
29,71,411
29,72,240
29,73,348
29,74,245
29,75,249
29,76,276
29,77,255
29,78,250
29,79,237
29,80,261
29,81,229
29,82,223
29,83,232
29,84,227
29,85,213
29,86,225
29,87,223
29,88,280
29,89,219
29,90,231
29,91,229
29,92,269
29,93,217
29,94,219
29,95,233
29,96,215
29,97,230
29,98,216
29,99,234
29,100,221
29,101,216
29,102,211
29,103,279
29,104,214
29,105,211
29,106,200
29,107,209
29,108,214
29,109,210
29,110,204
29,111,210
29,112,207
29,113,194
29,114,208
29,115,198
29,116,206
29,117,195
29,118,206
29,119,224
29,120,203
29,121,191
29,122,207
29,123,181
29,124,225
29,125,177
29,126,199
29,127,187
29,128,192
29,129,162
29,130,190
29,131,162
29,132,174
29,133,156
29,134,138
29,135,165
29,136,116
29,137,142
29,138,138
29,139,157
29,140,133
29,141,138
29,142,124
29,143,1510
29,144,424
29,145,159
29,146,125
29,147,143
29,148,213
29,149,145
29,150,141
29,151,144
29,152,139
29,153,147
29,154,133
29,155,184
29,156,147
29,157,185
29,158,161
29,159,165
29,160,194
29,161,182
29,162,150
29,163,155
29,164,150
29,165,156
29,166,156
29,167,159
29,168,151
29,169,163
29,170,173
29,171,186
29,172,156
29,173,169
29,174,190
29,175,160
29,176,155
29,177,172
29,178,193
29,179,1851
29,180,166
29,181,190
29,182,165
29,183,215
29,184,176
29,185,199
29,186,149
29,187,174
29,188,192
29,189,187
29,190,150
29,191,210
29,192,164
29,193,187
29,194,151
29,195,186
29,196,159
29,197,213
29,198,193
29,199,183
29,200,169
29,201,201
29,202,178
29,203,200
29,204,165
29,205,208
29,206,174
29,207,213
29,208,173
29,209,222
29,210,1514
29,211,256
29,212,177
29,213,330
29,214,203
29,215,351
29,216,176
29,217,246
29,218,191
29,219,276
29,220,204
29,221,712
29,222,205
29,223,279
29,224,213
29,225,299
29,226,218
29,227,306
29,228,221
29,229,311
29,230,244
29,231,307
29,232,248
29,233,339
29,234,264
29,235,3498
29,236,283
29,237,367
29,238,361
29,239,385
29,240,332
29,241,401
29,242,359
29,243,429
29,244,373
29,245,632
29,246,470
29,247,469
29,248,421
29,249,508
29,250,441
29,251,513
29,252,475
29,253,519
29,254,542
29,255,508
29,256,425
30,1,286
30,2,326
30,3,304
30,4,329
30,5,304
30,6,330
30,7,334
30,8,563
30,9,325
30,10,367
30,11,323
30,12,352
30,13,387
30,14,363
30,15,343
30,16,369
30,17,326
30,18,360
30,19,323
30,20,355
30,21,314
30,22,370
30,23,2408
30,24,362
30,25,338
30,26,364
30,27,362
30,28,812
30,29,344
30,30,452
30,31,362
30,32,394
30,33,362
30,34,412
30,35,382
30,36,412
30,37,415
30,38,537
30,39,411
30,40,438
30,41,400
30,42,445
30,43,415
30,44,423
30,45,339
30,46,345
30,47,285
30,48,253
30,49,267
30,50,233
30,51,317
30,52,331
30,53,242
30,54,270
30,55,274
30,56,266
30,57,237
30,58,260
30,59,386
30,60,260
30,61,273
30,62,259
30,63,234
30,64,306
30,65,233
30,66,247
30,67,250
30,68,278
30,69,237
30,70,250
30,71,411
30,72,240
30,73,348
30,74,245
30,75,249
30,76,276
30,77,255
30,78,250
30,79,237
30,80,261
30,81,229
30,82,223
30,83,232
30,84,227
30,85,213
30,86,225
30,87,223
30,88,280
30,89,219
30,90,231
30,91,229
30,92,269
30,93,217
30,94,219
30,95,233
30,96,215
30,97,230
30,98,216
30,99,234
30,100,221
30,101,216
30,102,211
30,103,279
30,104,214
30,105,211
30,106,200
30,107,209
30,108,214
30,109,210
30,110,204
30,111,210
30,112,207
30,113,194
30,114,208
30,115,198
30,116,206
30,117,195
30,118,206
30,119,224
30,120,203
30,121,191
30,122,207
30,123,181
30,124,225
30,125,177
30,126,199
30,127,187
30,128,192
30,129,162
30,130,190
30,131,162
30,132,174
30,133,156
30,134,138
30,135,165
30,136,116
30,137,142
30,138,138
30,139,157
30,140,133
30,141,138
30,142,124
30,143,1510
30,144,424
30,145,159
30,146,125
30,147,143
30,148,213
30,149,145
30,150,141
30,151,144
30,152,139
30,153,147
30,154,133
30,155,184
30,156,147
30,157,185
30,158,161
30,159,165
30,160,194
30,161,182
30,162,150
30,163,155
30,164,150
30,165,156
30,166,156
30,167,159
30,168,151
30,169,163
30,170,173
30,171,186
30,172,156
30,173,169
30,174,190
30,175,160
30,176,155
30,177,172
30,178,193
30,179,1851
30,180,166
30,181,190
30,182,165
30,183,215
30,184,176
30,185,199
30,186,149
30,187,174
30,188,192
30,189,187
30,190,150
30,191,210
30,192,164
30,193,187
30,194,151
30,195,186
30,196,159
30,197,213
30,198,193
30,199,183
30,200,169
30,201,201
30,202,178
30,203,200
30,204,165
30,205,208
30,206,174
30,207,213
30,208,173
30,209,222
30,210,1514
30,211,256
30,212,177
30,213,330
30,214,203
30,215,351
30,216,176
30,217,246
30,218,191
30,219,276
30,220,204
30,221,712
30,222,205
30,223,279
30,224,213
30,225,299
30,226,218
30,227,306
30,228,221
30,229,311
30,230,244
30,231,307
30,232,248
30,233,339
30,234,264
30,235,3498
30,236,283
30,237,367
30,238,361
30,239,385
30,240,332
30,241,401
30,242,359
30,243,429
30,244,373
30,245,632
30,246,470
30,247,469
30,248,421
30,249,508
30,250,441
30,251,513
30,252,475
30,253,519
30,254,542
30,255,508
30,256,425
31,1,286
31,2,327
31,3,304
31,4,331
31,5,306
31,6,331
31,7,334
31,8,561
31,9,325
31,10,369
31,11,323
31,12,351
31,13,388
31,14,365
31,15,343
31,16,368
31,17,328
31,18,360
31,19,324
31,20,356
31,21,314
31,22,368
31,23,2407
31,24,363
31,25,338
31,26,364
31,27,364
31,28,813
31,29,345
31,30,450
31,31,361
31,32,394
31,33,363
31,34,412
31,35,381
31,36,413
31,37,416
31,38,538
31,39,408
31,40,438
31,41,399
31,42,445
31,43,414
31,44,422
31,45,339
31,46,344
31,47,286
31,48,252
31,49,271
31,50,232
31,51,319
31,52,331
31,53,241
31,54,270
31,55,274
31,56,264
31,57,239
31,58,262
31,59,387
31,60,260
31,61,271
31,62,258
31,63,234
31,64,310
31,65,234
31,66,246
31,67,250
31,68,279
31,69,236
31,70,249
31,71,412
31,72,240
31,73,349
31,74,244
31,75,250
31,76,278
31,77,256
31,78,248
31,79,239
31,80,261
31,81,231
31,82,223
31,83,234
31,84,228
31,85,214
31,86,226
31,87,224
31,88,282
31,89,218
31,90,231
31,91,229
31,92,265
31,93,218
31,94,218
31,95,234
31,96,214
31,97,230
31,98,217
31,99,235
31,100,221
31,101,216
31,102,212
31,103,278
31,104,215
31,105,211
31,106,201
31,107,209
31,108,213
31,109,210
31,110,202
31,111,211
31,112,207
31,113,196
31,114,209
31,115,199
31,116,205
31,117,195
31,118,206
31,119,224
31,120,204
31,121,191
31,122,207
31,123,181
31,124,225
31,125,178
31,126,199
31,127,187
31,128,192
31,129,163
31,130,190
31,131,162
31,132,174
31,133,155
31,134,138
31,135,165
31,136,116
31,137,141
31,138,137
31,139,158
31,140,133
31,141,138
31,142,123
31,143,1518
31,144,424
31,145,159
31,146,126
31,147,143
31,148,210
31,149,146
31,150,141
31,151,146
31,152,140
31,153,145
31,154,133
31,155,184
31,156,147
31,157,187
31,158,160
31,159,165
31,160,197
31,161,182
31,162,149
31,163,155
31,164,150
31,165,155
31,166,155
31,167,158
31,168,152
31,169,163
31,170,173
31,171,187
31,172,158
31,173,169
31,174,191
31,175,160
31,176,155
31,177,173
31,178,193
31,179,1851
31,180,165
31,181,192
31,182,165
31,183,214
31,184,176
31,185,200
31,186,148
31,187,173
31,188,192
31,189,188
31,190,150
31,191,210
31,192,166
31,193,188
31,194,150
31,195,186
31,196,159
31,197,213
31,198,193
31,199,185
31,200,169
31,201,203
31,202,177
31,203,201
31,204,165
31,205,209
31,206,175
31,207,214
31,208,174
31,209,221
31,210,1509
31,211,256
31,212,177
31,213,328
31,214,204
31,215,357
31,216,177
31,217,246
31,218,191
31,219,276
31,220,205
31,221,711
31,222,204
31,223,278
31,224,214
31,225,299
31,226,219
31,227,309
31,228,221
31,229,312
31,230,242
31,231,308
31,232,248
31,233,340
31,234,264
31,235,3490
31,236,283
31,237,366
31,238,358
31,239,384
31,240,332
31,241,400
31,242,359
31,243,429
31,244,373
31,245,630
31,246,459
31,247,468
31,248,422
31,249,507
31,250,441
31,251,515
31,252,475
31,253,519
31,254,538
31,255,509
31,256,427
32,1,286
32,2,327
32,3,304
32,4,331
32,5,306
32,6,331
32,7,334
32,8,561
32,9,325
32,10,369
32,11,323
32,12,351
32,13,388
32,14,365
32,15,343
32,16,368
32,17,328
32,18,360
32,19,324
32,20,356
32,21,314
32,22,368
32,23,2407
32,24,363
32,25,338
32,26,364
32,27,364
32,28,813
32,29,345
32,30,450
32,31,361
32,32,394
32,33,363
32,34,412
32,35,381
32,36,413
32,37,416
32,38,538
32,39,408
32,40,438
32,41,399
32,42,445
32,43,414
32,44,422
32,45,339
32,46,344
32,47,286
32,48,252
32,49,271
32,50,232
32,51,319
32,52,331
32,53,241
32,54,270
32,55,274
32,56,264
32,57,239
32,58,262
32,59,387
32,60,260
32,61,271
32,62,258
32,63,234
32,64,310
32,65,234
32,66,246
32,67,250
32,68,279
32,69,236
32,70,249
32,71,412
32,72,240
32,73,349
32,74,244
32,75,250
32,76,278
32,77,256
32,78,248
32,79,239
32,80,261
32,81,231
32,82,223
32,83,234
32,84,228
32,85,214
32,86,226
32,87,224
32,88,282
32,89,218
32,90,231
32,91,229
32,92,265
32,93,218
32,94,218
32,95,234
32,96,214
32,97,230
32,98,217
32,99,235
32,100,221
32,101,216
32,102,212
32,103,278
32,104,215
32,105,211
32,106,201
32,107,209
32,108,213
32,109,210
32,110,202
32,111,211
32,112,207
32,113,196
32,114,209
32,115,199
32,116,205
32,117,195
32,118,206
32,119,224
32,120,204
32,121,191
32,122,207
32,123,181
32,124,225
32,125,178
32,126,199
32,127,187
32,128,192
32,129,163
32,130,190
32,131,162
32,132,174
32,133,155
32,134,138
32,135,165
32,136,116
32,137,141
32,138,137
32,139,158
32,140,133
32,141,138
32,142,123
32,143,1518
32,144,424
32,145,159
32,146,126
32,147,143
32,148,210
32,149,146
32,150,141
32,151,146
32,152,140
32,153,145
32,154,133
32,155,184
32,156,147
32,157,187
32,158,160
32,159,165
32,160,197
32,161,182
32,162,149
32,163,155
32,164,150
32,165,155
32,166,155
32,167,158
32,168,152
32,169,163
32,170,173
32,171,187
32,172,158
32,173,169
32,174,191
32,175,160
32,176,155
32,177,173
32,178,193
32,179,1851
32,180,165
32,181,192
32,182,165
32,183,214
32,184,176
32,185,200
32,186,148
32,187,173
32,188,192
32,189,188
32,190,150
32,191,210
32,192,166
32,193,188
32,194,150
32,195,186
32,196,159
32,197,213
32,198,193
32,199,185
32,200,169
32,201,203
32,202,177
32,203,201
32,204,165
32,205,209
32,206,175
32,207,214
32,208,174
32,209,221
32,210,1509
32,211,256
32,212,177
32,213,328
32,214,204
32,215,357
32,216,177
32,217,246
32,218,191
32,219,276
32,220,205
32,221,711
32,222,204
32,223,278
32,224,214
32,225,299
32,226,219
32,227,309
32,228,221
32,229,312
32,230,242
32,231,308
32,232,248
32,233,340
32,234,264
32,235,3490
32,236,283
32,237,366
32,238,358
32,239,384
32,240,332
32,241,400
32,242,359
32,243,429
32,244,373
32,245,630
32,246,459
32,247,468
32,248,422
32,249,507
32,250,441
32,251,515
32,252,475
32,253,519
32,254,538
32,255,509
32,256,427
