Line,Band,Value
1,1,285
1,2,325
1,3,303
1,4,330
1,5,302
1,6,330
1,7,333
1,8,561
1,9,323
1,10,365
1,11,322
1,12,351
1,13,386
1,14,364
1,15,341
1,16,368
1,17,323
1,18,357
1,19,319
1,20,353
1,21,310
1,22,364
1,23,2465
1,24,358
1,25,333
1,26,359
1,27,350
1,28,807
1,29,334
1,30,442
1,31,348
1,32,376
1,33,342
1,34,387
1,35,354
1,36,382
1,37,383
1,38,503
1,39,374
1,40,399
1,41,357
1,42,399
1,43,360
1,44,376
1,45,294
1,46,300
1,47,238
1,48,235
1,49,257
1,50,217
1,51,299
1,52,296
1,53,205
1,54,236
1,55,238
1,56,232
1,57,207
1,58,231
1,59,358
1,60,231
1,61,240
1,62,230
1,63,205
1,64,281
1,65,206
1,66,222
1,67,223
1,68,256
1,69,216
1,70,227
1,71,387
1,72,217
1,73,322
1,74,223
1,75,228
1,76,254
1,77,235
1,78,228
1,79,217
1,80,241
1,81,209
1,82,205
1,83,213
1,84,209
1,85,194
1,86,207
1,87,206
1,88,264
1,89,200
1,90,214
1,91,211
1,92,254
1,93,201
1,94,203
1,95,217
1,96,199
1,97,216
1,98,203
1,99,217
1,100,207
1,101,201
1,102,197
1,103,266
1,104,202
1,105,198
1,106,188
1,107,197
1,108,200
1,109,198
1,110,190
1,111,196
1,112,195
1,113,183
1,114,199
1,115,186
1,116,194
1,117,184
1,118,196
1,119,212
1,120,193
1,121,180
1,122,197
1,123,170
1,124,211
1,125,167
1,126,190
1,127,177
1,128,184
1,129,153
1,130,181
1,131,152
1,132,163
1,133,148
1,134,130
1,135,160
1,136,112
1,137,136
1,138,132
1,139,152
1,140,128
1,141,135
1,142,119
1,143,1519
1,144,429
1,145,155
1,146,122
1,147,140
1,148,214
1,149,144
1,150,138
1,151,142
1,152,138
1,153,144
1,154,131
1,155,183
1,156,145
1,157,185
1,158,158
1,159,162
1,160,196
1,161,179
1,162,148
1,163,153
1,164,147
1,165,153
1,166,154
1,167,156
1,168,149
1,169,161
1,170,172
1,171,185
1,172,155
1,173,167
1,174,189
1,175,158
1,176,153
1,177,170
1,178,192
1,179,1853
1,180,164
1,181,193
1,182,165
1,183,209
1,184,175
1,185,198
1,186,146
1,187,174
1,188,191
1,189,188
1,190,151
1,191,210
1,192,166
1,193,185
1,194,152
1,195,186
1,196,158
1,197,213
1,198,192
1,199,183
1,200,170
1,201,202
1,202,177
1,203,200
1,204,166
1,205,206
1,206,174
1,207,213
1,208,173
1,209,220
1,210,1514
1,211,255
1,212,178
1,213,330
1,214,204
1,215,346
1,216,177
1,217,246
1,218,192
1,219,276
1,220,204
1,221,691
1,222,205
1,223,280
1,224,215
1,225,299
1,226,219
1,227,310
1,228,222
1,229,313
1,230,246
1,231,309
1,232,251
1,233,339
1,234,266
1,235,3499
1,236,285
1,237,367
1,238,359
1,239,387
1,240,334
1,241,403
1,242,362
1,243,430
1,244,376
1,245,633
1,246,471
1,247,471
1,248,424
1,249,508
1,250,444
1,251,518
1,252,482
1,253,524
1,254,550
1,255,512
1,256,429
2,1,285
2,2,325
2,3,303
2,4,330
2,5,302
2,6,330
2,7,333
2,8,561
2,9,323
2,10,365
2,11,322
2,12,351
2,13,386
2,14,364
2,15,341
2,16,368
2,17,323
2,18,357
2,19,319
2,20,353
2,21,310
2,22,364
2,23,2465
2,24,358
2,25,333
2,26,359
2,27,350
2,28,807
2,29,334
2,30,442
2,31,348
2,32,376
2,33,342
2,34,387
2,35,354
2,36,382
2,37,383
2,38,503
2,39,374
2,40,399
2,41,357
2,42,399
2,43,360
2,44,376
2,45,294
2,46,300
2,47,238
2,48,235
2,49,257
2,50,217
2,51,299
2,52,296
2,53,205
2,54,236
2,55,238
2,56,232
2,57,207
2,58,231
2,59,358
2,60,231
2,61,240
2,62,230
2,63,205
2,64,281
2,65,206
2,66,222
2,67,223
2,68,256
2,69,216
2,70,227
2,71,387
2,72,217
2,73,322
2,74,223
2,75,228
2,76,254
2,77,235
2,78,228
2,79,217
2,80,241
2,81,209
2,82,205
2,83,213
2,84,209
2,85,194
2,86,207
2,87,206
2,88,264
2,89,200
2,90,214
2,91,211
2,92,254
2,93,201
2,94,203
2,95,217
2,96,199
2,97,216
2,98,203
2,99,217
2,100,207
2,101,201
2,102,197
2,103,266
2,104,202
2,105,198
2,106,188
2,107,197
2,108,200
2,109,198
2,110,190
2,111,196
2,112,195
2,113,183
2,114,199
2,115,186
2,116,194
2,117,184
2,118,196
2,119,212
2,120,193
2,121,180
2,122,197
2,123,170
2,124,211
2,125,167
2,126,190
2,127,177
2,128,184
2,129,153
2,130,181
2,131,152
2,132,163
2,133,148
2,134,130
2,135,160
2,136,112
2,137,136
2,138,132
2,139,152
2,140,128
2,141,135
2,142,119
2,143,1519
2,144,429
2,145,155
2,146,122
2,147,140
2,148,214
2,149,144
2,150,138
2,151,142
2,152,138
2,153,144
2,154,131
2,155,183
2,156,145
2,157,185
2,158,158
2,159,162
2,160,196
2,161,179
2,162,148
2,163,153
2,164,147
2,165,153
2,166,154
2,167,156
2,168,149
2,169,161
2,170,172
2,171,185
2,172,155
2,173,167
2,174,189
2,175,158
2,176,153
2,177,170
2,178,192
2,179,1853
2,180,164
2,181,193
2,182,165
2,183,209
2,184,175
2,185,198
2,186,146
2,187,174
2,188,191
2,189,188
2,190,151
2,191,210
2,192,166
2,193,185
2,194,152
2,195,186
2,196,158
2,197,213
2,198,192
2,199,183
2,200,170
2,201,202
2,202,177
2,203,200
2,204,166
2,205,206
2,206,174
2,207,213
2,208,173
2,209,220
2,210,1514
2,211,255
2,212,178
2,213,330
2,214,204
2,215,346
2,216,177
2,217,246
2,218,192
2,219,276
2,220,204
2,221,691
2,222,205
2,223,280
2,224,215
2,225,299
2,226,219
2,227,310
2,228,222
2,229,313
2,230,246
2,231,309
2,232,251
2,233,339
2,234,266
2,235,3499
2,236,285
2,237,367
2,238,359
2,239,387
2,240,334
2,241,403
2,242,362
2,243,430
2,244,376
2,245,633
2,246,471
2,247,471
2,248,424
2,249,508
2,250,444
2,251,518
2,252,482
2,253,524
2,254,550
2,255,512
2,256,429
3,1,287
3,2,325
3,3,303
3,4,330
3,5,305
3,6,329
3,7,333
3,8,565
3,9,326
3,10,366
3,11,323
3,12,350
3,13,387
3,14,364
3,15,345
3,16,369
3,17,324
3,18,358
3,19,321
3,20,353
3,21,312
3,22,364
3,23,2441
3,24,359
3,25,334
3,26,358
3,27,354
3,28,806
3,29,336
3,30,436
3,31,350
3,32,378
3,33,343
3,34,387
3,35,355
3,36,383
3,37,383
3,38,501
3,39,371
3,40,399
3,41,359
3,42,400
3,43,363
3,44,375
3,45,296
3,46,302
3,47,240
3,48,236
3,49,253
3,50,218
3,51,295
3,52,293
3,53,207
3,54,237
3,55,237
3,56,233
3,57,207
3,58,230
3,59,357
3,60,232
3,61,243
3,62,228
3,63,206
3,64,280
3,65,208
3,66,222
3,67,226
3,68,276
3,69,216
3,70,226
3,71,388
3,72,218
3,73,321
3,74,223
3,75,229
3,76,256
3,77,235
3,78,227
3,79,217
3,80,241
3,81,211
3,82,206
3,83,214
3,84,209
3,85,196
3,86,208
3,87,206
3,88,265
3,89,201
3,90,216
3,91,213
3,92,253
3,93,202
3,94,203
3,95,218
3,96,200
3,97,215
3,98,204
3,99,218
3,100,206
3,101,202
3,102,199
3,103,263
3,104,202
3,105,200
3,106,187
3,107,198
3,108,202
3,109,199
3,110,191
3,111,199
3,112,196
3,113,184
3,114,199
3,115,186
3,116,194
3,117,186
3,118,196
3,119,213
3,120,192
3,121,181
3,122,198
3,123,171
3,124,211
3,125,168
3,126,190
3,127,178
3,128,184
3,129,154
3,130,181
3,131,153
3,132,164
3,133,149
3,134,131
3,135,162
3,136,113
3,137,138
3,138,132
3,139,155
3,140,129
3,141,136
3,142,121
3,143,1520
3,144,426
3,145,158
3,146,122
3,147,142
3,148,214
3,149,144
3,150,138
3,151,143
3,152,139
3,153,144
3,154,130
3,155,184
3,156,143
3,157,184
3,158,158
3,159,165
3,160,195
3,161,180
3,162,148
3,163,152
3,164,147
3,165,154
3,166,154
3,167,158
3,168,150
3,169,161
3,170,171
3,171,185
3,172,155
3,173,169
3,174,189
3,175,159
3,176,153
3,177,171
3,178,194
3,179,1852
3,180,164
3,181,193
3,182,164
3,183,210
3,184,175
3,185,199
3,186,147
3,187,174
3,188,192
3,189,188
3,190,150
3,191,210
3,192,164
3,193,186
3,194,150
3,195,187
3,196,157
3,197,215
3,198,193
3,199,185
3,200,169
3,201,202
3,202,178
3,203,201
3,204,165
3,205,209
3,206,175
3,207,214
3,208,173
3,209,222
3,210,1515
3,211,256
3,212,178
3,213,331
3,214,205
3,215,352
3,216,176
3,217,247
3,218,193
3,219,276
3,220,204
3,221,683
3,222,205
3,223,280
3,224,214
3,225,299
3,226,218
3,227,311
3,228,223
3,229,315
3,230,245
3,231,311
3,232,251
3,233,342
3,234,267
3,235,3495
3,236,285
3,237,369
3,238,363
3,239,392
3,240,334
3,241,403
3,242,363
3,243,433
3,244,375
3,245,635
3,246,469
3,247,473
3,248,424
3,249,511
3,250,445
3,251,519
3,252,479
3,253,524
3,254,555
3,255,512
3,256,430
4,1,287
4,2,325
4,3,303
4,4,330
4,5,305
4,6,329
4,7,333
4,8,565
4,9,326
4,10,366
4,11,323
4,12,350
4,13,387
4,14,364
4,15,345
4,16,369
4,17,324
4,18,358
4,19,321
4,20,353
4,21,312
4,22,364
4,23,2441
4,24,359
4,25,334
4,26,358
4,27,354
4,28,806
4,29,336
4,30,436
4,31,350
4,32,378
4,33,343
4,34,387
4,35,355
4,36,383
4,37,383
4,38,501
4,39,371
4,40,399
4,41,359
4,42,400
4,43,363
4,44,375
4,45,296
4,46,302
4,47,240
4,48,236
4,49,253
4,50,218
4,51,295
4,52,293
4,53,207
4,54,237
4,55,237
4,56,233
4,57,207
4,58,230
4,59,357
4,60,232
4,61,243
4,62,228
4,63,206
4,64,280
4,65,208
4,66,222
4,67,226
4,68,276
4,69,216
4,70,226
4,71,388
4,72,218
4,73,321
4,74,223
4,75,229
4,76,256
4,77,235
4,78,227
4,79,217
4,80,241
4,81,211
4,82,206
4,83,214
4,84,209
4,85,196
4,86,208
4,87,206
4,88,265
4,89,201
4,90,216
4,91,213
4,92,253
4,93,202
4,94,203
4,95,218
4,96,200
4,97,215
4,98,204
4,99,218
4,100,206
4,101,202
4,102,199
4,103,263
4,104,202
4,105,200
4,106,187
4,107,198
4,108,202
4,109,199
4,110,191
4,111,199
4,112,196
4,113,184
4,114,199
4,115,186
4,116,194
4,117,186
4,118,196
4,119,213
4,120,192
4,121,181
4,122,198
4,123,171
4,124,211
4,125,168
4,126,190
4,127,178
4,128,184
4,129,154
4,130,181
4,131,153
4,132,164
4,133,149
4,134,131
4,135,162
4,136,113
4,137,138
4,138,132
4,139,155
4,140,129
4,141,136
4,142,121
4,143,1520
4,144,426
4,145,158
4,146,122
4,147,142
4,148,214
4,149,144
4,150,138
4,151,143
4,152,139
4,153,144
4,154,130
4,155,184
4,156,143
4,157,184
4,158,158
4,159,165
4,160,195
4,161,180
4,162,148
4,163,152
4,164,147
4,165,154
4,166,154
4,167,158
4,168,150
4,169,161
4,170,171
4,171,185
4,172,155
4,173,169
4,174,189
4,175,159
4,176,153
4,177,171
4,178,194
4,179,1852
4,180,164
4,181,193
4,182,164
4,183,210
4,184,175
4,185,199
4,186,147
4,187,174
4,188,192
4,189,188
4,190,150
4,191,210
4,192,164
4,193,186
4,194,150
4,195,187
4,196,157
4,197,215
4,198,193
4,199,185
4,200,169
4,201,202
4,202,178
4,203,201
4,204,165
4,205,209
4,206,175
4,207,214
4,208,173
4,209,222
4,210,1515
4,211,256
4,212,178
4,213,331
4,214,205
4,215,352
4,216,176
4,217,247
4,218,193
4,219,276
4,220,204
4,221,683
4,222,205
4,223,280
4,224,214
4,225,299
4,226,218
4,227,311
4,228,223
4,229,315
4,230,245
4,231,311
4,232,251
4,233,342
4,234,267
4,235,3495
4,236,285
4,237,369
4,238,363
4,239,392
4,240,334
4,241,403
4,242,363
4,243,433
4,244,375
4,245,635
4,246,469
4,247,473
4,248,424
4,249,511
4,250,445
4,251,519
4,252,479
4,253,524
4,254,555
4,255,512
4,256,430
5,1,285
5,2,325
5,3,303
5,4,330
5,5,304
5,6,329
5,7,333
5,8,565
5,9,324
5,10,366
5,11,322
5,12,351
5,13,388
5,14,363
5,15,342
5,16,369
5,17,324
5,18,358
5,19,322
5,20,352
5,21,311
5,22,363
5,23,2450
5,24,358
5,25,334
5,26,358
5,27,352
5,28,806
5,29,335
5,30,441
5,31,350
5,32,377
5,33,343
5,34,388
5,35,355
5,36,381
5,37,384
5,38,505
5,39,373
5,40,400
5,41,359
5,42,399
5,43,362
5,44,376
5,45,296
5,46,302
5,47,239
5,48,236
5,49,256
5,50,218
5,51,299
5,52,293
5,53,206
5,54,237
5,55,237
5,56,231
5,57,210
5,58,231
5,59,357
5,60,233
5,61,241
5,62,230
5,63,206
5,64,282
5,65,207
5,66,222
5,67,225
5,68,255
5,69,214
5,70,226
5,71,388
5,72,218
5,73,324
5,74,222
5,75,230
5,76,255
5,77,235
5,78,228
5,79,215
5,80,243
5,81,211
5,82,204
5,83,214
5,84,209
5,85,195
5,86,208
5,87,206
5,88,265
5,89,202
5,90,214
5,91,214
5,92,250
5,93,201
5,94,204
5,95,218
5,96,199
5,97,216
5,98,203
5,99,219
5,100,207
5,101,201
5,102,197
5,103,268
5,104,203
5,105,197
5,106,189
5,107,197
5,108,201
5,109,198
5,110,190
5,111,199
5,112,196
5,113,183
5,114,199
5,115,188
5,116,196
5,117,185
5,118,194
5,119,211
5,120,192
5,121,180
5,122,198
5,123,170
5,124,210
5,125,169
5,126,189
5,127,178
5,128,184
5,129,155
5,130,183
5,131,154
5,132,166
5,133,149
5,134,131
5,135,161
5,136,112
5,137,137
5,138,133
5,139,154
5,140,129
5,141,135
5,142,120
5,143,1521
5,144,429
5,145,157
5,146,122
5,147,142
5,148,214
5,149,144
5,150,138
5,151,143
5,152,137
5,153,143
5,154,131
5,155,181
5,156,145
5,157,183
5,158,159
5,159,162
5,160,192
5,161,179
5,162,147
5,163,152
5,164,147
5,165,154
5,166,155
5,167,157
5,168,148
5,169,161
5,170,171
5,171,184
5,172,154
5,173,168
5,174,187
5,175,159
5,176,153
5,177,171
5,178,190
5,179,1852
5,180,163
5,181,192
5,182,164
5,183,210
5,184,175
5,185,200
5,186,148
5,187,174
5,188,192
5,189,187
5,190,151
5,191,209
5,192,164
5,193,187
5,194,151
5,195,186
5,196,159
5,197,214
5,198,192
5,199,183
5,200,169
5,201,202
5,202,178
5,203,201
5,204,165
5,205,208
5,206,174
5,207,212
5,208,174
5,209,221
5,210,1513
5,211,256
5,212,177
5,213,335
5,214,206
5,215,348
5,216,176
5,217,247
5,218,193
5,219,275
5,220,204
5,221,686
5,222,205
5,223,281
5,224,215
5,225,300
5,226,220
5,227,311
5,228,222
5,229,314
5,230,245
5,231,309
5,232,251
5,233,341
5,234,267
5,235,3481
5,236,285
5,237,370
5,238,361
5,239,392
5,240,335
5,241,405
5,242,361
5,243,431
5,244,377
5,245,636
5,246,462
5,247,472
5,248,425
5,249,510
5,250,444
5,251,520
5,252,481
5,253,525
5,254,550
5,255,512
5,256,431
6,1,285
6,2,325
6,3,303
6,4,330
6,5,304
6,6,329
6,7,333
6,8,565
6,9,324
6,10,366
6,11,322
6,12,351
6,13,388
6,14,363
6,15,342
6,16,369
6,17,324
6,18,358
6,19,322
6,20,352
6,21,311
6,22,363
6,23,2450
6,24,358
6,25,334
6,26,358
6,27,352
6,28,806
6,29,335
6,30,441
6,31,350
6,32,377
6,33,343
6,34,388
6,35,355
6,36,381
6,37,384
6,38,505
6,39,373
6,40,400
6,41,359
6,42,399
6,43,362
6,44,376
6,45,296
6,46,302
6,47,239
6,48,236
6,49,256
6,50,218
6,51,299
6,52,293
6,53,206
6,54,237
6,55,237
6,56,231
6,57,210
6,58,231
6,59,357
6,60,233
6,61,241
6,62,230
6,63,206
6,64,282
6,65,207
6,66,222
6,67,225
6,68,255
6,69,214
6,70,226
6,71,388
6,72,218
6,73,324
6,74,222
6,75,230
6,76,255
6,77,235
6,78,228
6,79,215
6,80,243
6,81,211
6,82,204
6,83,214
6,84,209
6,85,195
6,86,208
6,87,206
6,88,265
6,89,202
6,90,214
6,91,214
6,92,250
6,93,201
6,94,204
6,95,218
6,96,199
6,97,216
6,98,203
6,99,219
6,100,207
6,101,201
6,102,197
6,103,268
6,104,203
6,105,197
6,106,189
6,107,197
6,108,201
6,109,198
6,110,190
6,111,199
6,112,196
6,113,183
6,114,199
6,115,188
6,116,196
6,117,185
6,118,194
6,119,211
6,120,192
6,121,180
6,122,198
6,123,170
6,124,210
6,125,169
6,126,189
6,127,178
6,128,184
6,129,155
6,130,183
6,131,154
6,132,166
6,133,149
6,134,131
6,135,161
6,136,112
6,137,137
6,138,133
6,139,154
6,140,129
6,141,135
6,142,120
6,143,1521
6,144,429
6,145,157
6,146,122
6,147,142
6,148,214
6,149,144
6,150,138
6,151,143
6,152,137
6,153,143
6,154,131
6,155,181
6,156,145
6,157,183
6,158,159
6,159,162
6,160,192
6,161,179
6,162,147
6,163,152
6,164,147
6,165,154
6,166,155
6,167,157
6,168,148
6,169,161
6,170,171
6,171,184
6,172,154
6,173,168
6,174,187
6,175,159
6,176,153
6,177,171
6,178,190
6,179,1852
6,180,163
6,181,192
6,182,164
6,183,210
6,184,175
6,185,200
6,186,148
6,187,174
6,188,192
6,189,187
6,190,151
6,191,209
6,192,164
6,193,187
6,194,151
6,195,186
6,196,159
6,197,214
6,198,192
6,199,183
6,200,169
6,201,202
6,202,178
6,203,201
6,204,165
6,205,208
6,206,174
6,207,212
6,208,174
6,209,221
6,210,1513
6,211,256
6,212,177
6,213,335
6,214,206
6,215,348
6,216,176
6,217,247
6,218,193
6,219,275
6,220,204
6,221,686
6,222,205
6,223,281
6,224,215
6,225,300
6,226,220
6,227,311
6,228,222
6,229,314
6,230,245
6,231,309
6,232,251
6,233,341
6,234,267
6,235,3481
6,236,285
6,237,370
6,238,361
6,239,392
6,240,335
6,241,405
6,242,361
6,243,431
6,244,377
6,245,636
6,246,462
6,247,472
6,248,425
6,249,510
6,250,444
6,251,520
6,252,481
6,253,525
6,254,550
6,255,512
6,256,431
7,1,290
7,2,326
7,3,302
7,4,330
7,5,303
7,6,330
7,7,334
7,8,562
7,9,325
7,10,365
7,11,322
7,12,352
7,13,388
7,14,363
7,15,339
7,16,367
7,17,326
7,18,358
7,19,321
7,20,353
7,21,310
7,22,363
7,23,2445
7,24,359
7,25,333
7,26,359
7,27,353
7,28,808
7,29,337
7,30,445
7,31,349
7,32,376
7,33,344
7,34,389
7,35,353
7,36,382
7,37,384
7,38,502
7,39,375
7,40,401
7,41,358
7,42,402
7,43,361
7,44,377
7,45,295
7,46,301
7,47,242
7,48,235
7,49,255
7,50,219
7,51,300
7,52,298
7,53,206
7,54,238
7,55,240
7,56,233
7,57,208
7,58,232
7,59,358
7,60,232
7,61,241
7,62,230
7,63,206
7,64,281
7,65,206
7,66,222
7,67,227
7,68,257
7,69,216
7,70,226
7,71,389
7,72,218
7,73,327
7,74,223
7,75,229
7,76,256
7,77,236
7,78,228
7,79,217
7,80,241
7,81,211
7,82,205
7,83,213
7,84,209
7,85,195
7,86,209
7,87,207
7,88,265
7,89,200
7,90,216
7,91,214
7,92,250
7,93,202
7,94,203
7,95,218
7,96,200
7,97,217
7,98,204
7,99,218
7,100,207
7,101,201
7,102,197
7,103,265
7,104,202
7,105,199
7,106,189
7,107,199
7,108,201
7,109,199
7,110,191
7,111,197
7,112,195
7,113,184
7,114,198
7,115,187
7,116,195
7,117,185
7,118,196
7,119,213
7,120,192
7,121,180
7,122,198
7,123,171
7,124,211
7,125,168
7,126,191
7,127,179
7,128,184
7,129,155
7,130,182
7,131,153
7,132,163
7,133,148
7,134,130
7,135,162
7,136,114
7,137,138
7,138,132
7,139,153
7,140,129
7,141,134
7,142,120
7,143,1519
7,144,420
7,145,156
7,146,122
7,147,141
7,148,213
7,149,144
7,150,138
7,151,143
7,152,138
7,153,145
7,154,131
7,155,182
7,156,145
7,157,182
7,158,159
7,159,163
7,160,193
7,161,180
7,162,147
7,163,153
7,164,147
7,165,154
7,166,153
7,167,157
7,168,150
7,169,161
7,170,171
7,171,185
7,172,155
7,173,169
7,174,189
7,175,158
7,176,153
7,177,171
7,178,196
7,179,1852
7,180,164
7,181,191
7,182,163
7,183,209
7,184,175
7,185,199
7,186,147
7,187,173
7,188,193
7,189,188
7,190,149
7,191,208
7,192,163
7,193,187
7,194,151
7,195,186
7,196,159
7,197,214
7,198,192
7,199,184
7,200,168
7,201,202
7,202,178
7,203,200
7,204,165
7,205,208
7,206,174
7,207,213
7,208,174
7,209,223
7,210,1512
7,211,255
7,212,178
7,213,330
7,214,206
7,215,346
7,216,176
7,217,245
7,218,193
7,219,275
7,220,204
7,221,691
7,222,205
7,223,279
7,224,216
7,225,297
7,226,220
7,227,309
7,228,222
7,229,313
7,230,246
7,231,309
7,232,251
7,233,344
7,234,265
7,235,3499
7,236,286
7,237,369
7,238,359
7,239,391
7,240,336
7,241,404
7,242,364
7,243,431
7,244,378
7,245,632
7,246,464
7,247,471
7,248,425
7,249,510
7,250,444
7,251,520
7,252,480
7,253,523
7,254,554
7,255,512
7,256,430
8,1,290
8,2,326
8,3,302
8,4,330
8,5,303
8,6,330
8,7,334
8,8,562
8,9,325
8,10,365
8,11,322
8,12,352
8,13,388
8,14,363
8,15,339
8,16,367
8,17,326
8,18,358
8,19,321
8,20,353
8,21,310
8,22,363
8,23,2445
8,24,359
8,25,333
8,26,359
8,27,353
8,28,808
8,29,337
8,30,445
8,31,349
8,32,376
8,33,344
8,34,389
8,35,353
8,36,382
8,37,384
8,38,502
8,39,375
8,40,401
8,41,358
8,42,402
8,43,361
8,44,377
8,45,295
8,46,301
8,47,242
8,48,235
8,49,255
8,50,219
8,51,300
8,52,298
8,53,206
8,54,238
8,55,240
8,56,233
8,57,208
8,58,232
8,59,358
8,60,232
8,61,241
8,62,230
8,63,206
8,64,281
8,65,206
8,66,222
8,67,227
8,68,257
8,69,216
8,70,226
8,71,389
8,72,218
8,73,327
8,74,223
8,75,229
8,76,256
8,77,236
8,78,228
8,79,217
8,80,241
8,81,211
8,82,205
8,83,213
8,84,209
8,85,195
8,86,209
8,87,207
8,88,265
8,89,200
8,90,216
8,91,214
8,92,250
8,93,202
8,94,203
8,95,218
8,96,200
8,97,217
8,98,204
8,99,218
8,100,207
8,101,201
8,102,197
8,103,265
8,104,202
8,105,199
8,106,189
8,107,199
8,108,201
8,109,199
8,110,191
8,111,197
8,112,195
8,113,184
8,114,198
8,115,187
8,116,195
8,117,185
8,118,196
8,119,213
8,120,192
8,121,180
8,122,198
8,123,171
8,124,211
8,125,168
8,126,191
8,127,179
8,128,184
8,129,155
8,130,182
8,131,153
8,132,163
8,133,148
8,134,130
8,135,162
8,136,114
8,137,138
8,138,132
8,139,153
8,140,129
8,141,134
8,142,120
8,143,1519
8,144,420
8,145,156
8,146,122
8,147,141
8,148,213
8,149,144
8,150,138
8,151,143
8,152,138
8,153,145
8,154,131
8,155,182
8,156,145
8,157,182
8,158,159
8,159,163
8,160,193
8,161,180
8,162,147
8,163,153
8,164,147
8,165,154
8,166,153
8,167,157
8,168,150
8,169,161
8,170,171
8,171,185
8,172,155
8,173,169
8,174,189
8,175,158
8,176,153
8,177,171
8,178,196
8,179,1852
8,180,164
8,181,191
8,182,163
8,183,209
8,184,175
8,185,199
8,186,147
8,187,173
8,188,193
8,189,188
8,190,149
8,191,208
8,192,163
8,193,187
8,194,151
8,195,186
8,196,159
8,197,214
8,198,192
8,199,184
8,200,168
8,201,202
8,202,178
8,203,200
8,204,165
8,205,208
8,206,174
8,207,213
8,208,174
8,209,223
8,210,1512
8,211,255
8,212,178
8,213,330
8,214,206
8,215,346
8,216,176
8,217,245
8,218,193
8,219,275
8,220,204
8,221,691
8,222,205
8,223,279
8,224,216
8,225,297
8,226,220
8,227,309
8,228,222
8,229,313
8,230,246
8,231,309
8,232,251
8,233,344
8,234,265
8,235,3499
8,236,286
8,237,369
8,238,359
8,239,391
8,240,336
8,241,404
8,242,364
8,243,431
8,244,378
8,245,632
8,246,464
8,247,471
8,248,425
8,249,510
8,250,444
8,251,520
8,252,480
8,253,523
8,254,554
8,255,512
8,256,430
9,1,286
9,2,326
9,3,303
9,4,331
9,5,304
9,6,328
9,7,333
9,8,562
9,9,325
9,10,366
9,11,323
9,12,351
9,13,386
9,14,361
9,15,345
9,16,369
9,17,324
9,18,359
9,19,321
9,20,354
9,21,312
9,22,363
9,23,2453
9,24,359
9,25,334
9,26,360
9,27,352
9,28,808
9,29,336
9,30,436
9,31,350
9,32,378
9,33,343
9,34,389
9,35,355
9,36,383
9,37,385
9,38,503
9,39,374
9,40,400
9,41,360
9,42,401
9,43,363
9,44,375
9,45,296
9,46,301
9,47,242
9,48,235
9,49,255
9,50,219
9,51,303
9,52,294
9,53,206
9,54,236
9,55,240
9,56,234
9,57,209
9,58,232
9,59,357
9,60,233
9,61,242
9,62,231
9,63,207
9,64,279
9,65,209
9,66,221
9,67,227
9,68,256
9,69,216
9,70,226
9,71,391
9,72,219
9,73,327
9,74,223
9,75,230
9,76,242
9,77,237
9,78,227
9,79,215
9,80,241
9,81,211
9,82,204
9,83,214
9,84,209
9,85,196
9,86,210
9,87,206
9,88,264
9,89,201
9,90,216
9,91,214
9,92,251
9,93,201
9,94,204
9,95,219
9,96,200
9,97,217
9,98,204
9,99,218
9,100,207
9,101,202
9,102,199
9,103,266
9,104,202
9,105,198
9,106,188
9,107,198
9,108,201
9,109,199
9,110,191
9,111,198
9,112,195
9,113,183
9,114,199
9,115,187
9,116,194
9,117,186
9,118,195
9,119,214
9,120,192
9,121,181
9,122,198
9,123,172
9,124,213
9,125,168
9,126,191
9,127,179
9,128,184
9,129,154
9,130,182
9,131,154
9,132,163
9,133,149
9,134,131
9,135,159
9,136,112
9,137,138
9,138,133
9,139,154
9,140,129
9,141,136
9,142,121
9,143,1522
9,144,419
9,145,156
9,146,121
9,147,140
9,148,215
9,149,143
9,150,139
9,151,143
9,152,138
9,153,145
9,154,131
9,155,183
9,156,145
9,157,184
9,158,159
9,159,163
9,160,194
9,161,180
9,162,148
9,163,152
9,164,147
9,165,153
9,166,153
9,167,158
9,168,150
9,169,162
9,170,176
9,171,186
9,172,155
9,173,168
9,174,187
9,175,158
9,176,153
9,177,171
9,178,193
9,179,1853
9,180,164
9,181,193
9,182,164
9,183,210
9,184,176
9,185,198
9,186,147
9,187,173
9,188,193
9,189,189
9,190,150
9,191,209
9,192,164
9,193,187
9,194,151
9,195,185
9,196,159
9,197,214
9,198,192
9,199,185
9,200,169
9,201,202
9,202,178
9,203,200
9,204,165
9,205,208
9,206,175
9,207,214
9,208,173
9,209,222
9,210,1514
9,211,256
9,212,177
9,213,332
9,214,205
9,215,351
9,216,176
9,217,247
9,218,192
9,219,274
9,220,204
9,221,690
9,222,206
9,223,282
9,224,214
9,225,299
9,226,219
9,227,310
9,228,223
9,229,314
9,230,245
9,231,310
9,232,251
9,233,343
9,234,265
9,235,3492
9,236,286
9,237,369
9,238,360
9,239,391
9,240,335
9,241,404
9,242,362
9,243,432
9,244,377
9,245,634
9,246,467
9,247,473
9,248,425
9,249,511
9,250,443
9,251,517
9,252,481
9,253,526
9,254,554
9,255,513
9,256,427
10,1,286
10,2,326
10,3,303
10,4,331
10,5,304
10,6,328
10,7,333
10,8,562
10,9,325
10,10,366
10,11,323
10,12,351
10,13,386
10,14,361
10,15,345
10,16,369
10,17,324
10,18,359
10,19,321
10,20,354
10,21,312
10,22,363
10,23,2453
10,24,359
10,25,334
10,26,360
10,27,352
10,28,808
10,29,336
10,30,436
10,31,350
10,32,378
10,33,343
10,34,389
10,35,355
10,36,383
10,37,385
10,38,503
10,39,374
10,40,400
10,41,360
10,42,401
10,43,363
10,44,375
10,45,296
10,46,301
10,47,242
10,48,235
10,49,255
10,50,219
10,51,303
10,52,294
10,53,206
10,54,236
10,55,240
10,56,234
10,57,209
10,58,232
10,59,357
10,60,233
10,61,242
10,62,231
10,63,207
10,64,279
10,65,209
10,66,221
10,67,227
10,68,256
10,69,216
10,70,226
10,71,391
10,72,219
10,73,327
10,74,223
10,75,230
10,76,242
10,77,237
10,78,227
10,79,215
10,80,241
10,81,211
10,82,204
10,83,214
10,84,209
10,85,196
10,86,210
10,87,206
10,88,264
10,89,201
10,90,216
10,91,214
10,92,251
10,93,201
10,94,204
10,95,219
10,96,200
10,97,217
10,98,204
10,99,218
10,100,207
10,101,202
10,102,199
10,103,266
10,104,202
10,105,198
10,106,188
10,107,198
10,108,201
10,109,199
10,110,191
10,111,198
10,112,195
10,113,183
10,114,199
10,115,187
10,116,194
10,117,186
10,118,195
10,119,214
10,120,192
10,121,181
10,122,198
10,123,172
10,124,213
10,125,168
10,126,191
10,127,179
10,128,184
10,129,154
10,130,182
10,131,154
10,132,163
10,133,149
10,134,131
10,135,159
10,136,112
10,137,138
10,138,133
10,139,154
10,140,129
10,141,136
10,142,121
10,143,1522
10,144,419
10,145,156
10,146,121
10,147,140
10,148,215
10,149,143
10,150,139
10,151,143
10,152,138
10,153,145
10,154,131
10,155,183
10,156,145
10,157,184
10,158,159
10,159,163
10,160,194
10,161,180
10,162,148
10,163,152
10,164,147
10,165,153
10,166,153
10,167,158
10,168,150
10,169,162
10,170,176
10,171,186
10,172,155
10,173,168
10,174,187
10,175,158
10,176,153
10,177,171
10,178,193
10,179,1853
10,180,164
10,181,193
10,182,164
10,183,210
10,184,176
10,185,198
10,186,147
10,187,173
10,188,193
10,189,189
10,190,150
10,191,209
10,192,164
10,193,187
10,194,151
10,195,185
10,196,159
10,197,214
10,198,192
10,199,185
10,200,169
10,201,202
10,202,178
10,203,200
10,204,165
10,205,208
10,206,175
10,207,214
10,208,173
10,209,222
10,210,1514
10,211,256
10,212,177
10,213,332
10,214,205
10,215,351
10,216,176
10,217,247
10,218,192
10,219,274
10,220,204
10,221,690
10,222,206
10,223,282
10,224,214
10,225,299
10,226,219
10,227,310
10,228,223
10,229,314
10,230,245
10,231,310
10,232,251
10,233,343
10,234,265
10,235,3492
10,236,286
10,237,369
10,238,360
10,239,391
10,240,335
10,241,404
10,242,362
10,243,432
10,244,377
10,245,634
10,246,467
10,247,473
10,248,425
10,249,511
10,250,443
10,251,517
10,252,481
10,253,526
10,254,554
10,255,513
10,256,427
11,1,287
11,2,325
11,3,303
11,4,330
11,5,303
11,6,330
11,7,333
11,8,567
11,9,324
11,10,366
11,11,323
11,12,351
11,13,387
11,14,363
11,15,343
11,16,367
11,17,324
11,18,358
11,19,320
11,20,353
11,21,312
11,22,362
11,23,2426
11,24,359
11,25,333
11,26,360
11,27,352
11,28,807
11,29,337
11,30,441
11,31,350
11,32,377
11,33,344
11,34,390
11,35,354
11,36,384
11,37,385
11,38,505
11,39,373
11,40,401
11,41,360
11,42,404
11,43,364
11,44,376
11,45,297
11,46,302
11,47,241
11,48,235
11,49,257
11,50,219
11,51,305
11,52,297
11,53,207
11,54,238
11,55,240
11,56,233
11,57,208
11,58,231
11,59,358
11,60,234
11,61,242
11,62,231
11,63,206
11,64,280
11,65,208
11,66,222
11,67,227
11,68,257
11,69,213
11,70,228
11,71,391
11,72,219
11,73,325
11,74,223
11,75,230
11,76,255
11,77,236
11,78,228
11,79,217
11,80,241
11,81,211
11,82,205
11,83,214
11,84,210
11,85,196
11,86,210
11,87,207
11,88,265
11,89,202
11,90,215
11,91,214
11,92,255
11,93,202
11,94,202
11,95,217
11,96,201
11,97,216
11,98,205
11,99,219
11,100,207
11,101,202
11,102,198
11,103,264
11,104,202
11,105,198
11,106,187
11,107,197
11,108,202
11,109,199
11,110,192
11,111,199
11,112,197
11,113,183
11,114,199
11,115,187
11,116,195
11,117,186
11,118,196
11,119,213
11,120,192
11,121,180
11,122,198
11,123,171
11,124,209
11,125,168
11,126,192
11,127,177
11,128,185
11,129,154
11,130,182
11,131,155
11,132,167
11,133,148
11,134,130
11,135,161
11,136,112
11,137,137
11,138,132
11,139,154
11,140,129
11,141,136
11,142,120
11,143,1518
11,144,420
11,145,154
11,146,122
11,147,142
11,148,214
11,149,143
11,150,139
11,151,142
11,152,137
11,153,143
11,154,129
11,155,183
11,156,145
11,157,184
11,158,158
11,159,164
11,160,192
11,161,179
11,162,147
11,163,153
11,164,148
11,165,154
11,166,154
11,167,157
11,168,150
11,169,161
11,170,170
11,171,186
11,172,155
11,173,168
11,174,186
11,175,159
11,176,154
11,177,171
11,178,194
11,179,1851
11,180,164
11,181,193
11,182,165
11,183,211
11,184,177
11,185,200
11,186,148
11,187,174
11,188,191
11,189,187
11,190,150
11,191,209
11,192,164
11,193,186
11,194,151
11,195,186
11,196,159
11,197,213
11,198,191
11,199,185
11,200,169
11,201,202
11,202,178
11,203,200
11,204,165
11,205,209
11,206,175
11,207,213
11,208,174
11,209,222
11,210,1523
11,211,256
11,212,177
11,213,331
11,214,206
11,215,347
11,216,177
11,217,248
11,218,193
11,219,275
11,220,205
11,221,690
11,222,205
11,223,281
11,224,217
11,225,299
11,226,219
11,227,310
11,228,222
11,229,314
11,230,246
11,231,309
11,232,252
11,233,344
11,234,267
11,235,3482
11,236,287
11,237,369
11,238,362
11,239,391
11,240,335
11,241,404
11,242,362
11,243,433
11,244,377
11,245,637
11,246,464
11,247,472
11,248,426
11,249,512
11,250,445
11,251,519
11,252,481
11,253,524
11,254,553
11,255,512
11,256,430
12,1,287
12,2,325
12,3,303
12,4,330
12,5,303
12,6,330
12,7,333
12,8,567
12,9,324
12,10,366
12,11,323
12,12,351
12,13,387
12,14,363
12,15,343
12,16,367
12,17,324
12,18,358
12,19,320
12,20,353
12,21,312
12,22,362
12,23,2426
12,24,359
12,25,333
12,26,360
12,27,352
12,28,807
12,29,337
12,30,441
12,31,350
12,32,377
12,33,344
12,34,390
12,35,354
12,36,384
12,37,385
12,38,505
12,39,373
12,40,401
12,41,360
12,42,404
12,43,364
12,44,376
12,45,297
12,46,302
12,47,241
12,48,235
12,49,257
12,50,219
12,51,305
12,52,297
12,53,207
12,54,238
12,55,240
12,56,233
12,57,208
12,58,231
12,59,358
12,60,234
12,61,242
12,62,231
12,63,206
12,64,280
12,65,208
12,66,222
12,67,227
12,68,257
12,69,213
12,70,228
12,71,391
12,72,219
12,73,325
12,74,223
12,75,230
12,76,255
12,77,236
12,78,228
12,79,217
12,80,241
12,81,211
12,82,205
12,83,214
12,84,210
12,85,196
12,86,210
12,87,207
12,88,265
12,89,202
12,90,215
12,91,214
12,92,255
12,93,202
12,94,202
12,95,217
12,96,201
12,97,216
12,98,205
12,99,219
12,100,207
12,101,202
12,102,198
12,103,264
12,104,202
12,105,198
12,106,187
12,107,197
12,108,202
12,109,199
12,110,192
12,111,199
12,112,197
12,113,183
12,114,199
12,115,187
12,116,195
12,117,186
12,118,196
12,119,213
12,120,192
12,121,180
12,122,198
12,123,171
12,124,209
12,125,168
12,126,192
12,127,177
12,128,185
12,129,154
12,130,182
12,131,155
12,132,167
12,133,148
12,134,130
12,135,161
12,136,112
12,137,137
12,138,132
12,139,154
12,140,129
12,141,136
12,142,120
12,143,1518
12,144,420
12,145,154
12,146,122
12,147,142
12,148,214
12,149,143
12,150,139
12,151,142
12,152,137
12,153,143
12,154,129
12,155,183
12,156,145
12,157,184
12,158,158
12,159,164
12,160,192
12,161,179
12,162,147
12,163,153
12,164,148
12,165,154
12,166,154
12,167,157
12,168,150
12,169,161
12,170,170
12,171,186
12,172,155
12,173,168
12,174,186
12,175,159
12,176,154
12,177,171
12,178,194
12,179,1851
12,180,164
12,181,193
12,182,165
12,183,211
12,184,177
12,185,200
12,186,148
12,187,174
12,188,191
12,189,187
12,190,150
12,191,209
12,192,164
12,193,186
12,194,151
12,195,186
12,196,159
12,197,213
12,198,191
12,199,185
12,200,169
12,201,202
12,202,178
12,203,200
12,204,165
12,205,209
12,206,175
12,207,213
12,208,174
12,209,222
12,210,1523
12,211,256
12,212,177
12,213,331
12,214,206
12,215,347
12,216,177
12,217,248
12,218,193
12,219,275
12,220,205
12,221,690
12,222,205
12,223,281
12,224,217
12,225,299
12,226,219
12,227,310
12,228,222
12,229,314
12,230,246
12,231,309
12,232,252
12,233,344
12,234,267
12,235,3482
12,236,287
12,237,369
12,238,362
12,239,391
12,240,335
12,241,404
12,242,362
12,243,433
12,244,377
12,245,637
12,246,464
12,247,472
12,248,426
12,249,512
12,250,445
12,251,519
12,252,481
12,253,524
12,254,553
12,255,512
12,256,430
13,1,290
13,2,326
13,3,304
13,4,329
13,5,304
13,6,330
13,7,335
13,8,560
13,9,325
13,10,365
13,11,323
13,12,351
13,13,387
13,14,362
13,15,342
13,16,367
13,17,325
13,18,357
13,19,321
13,20,353
13,21,313
13,22,364
13,23,2429
13,24,359
13,25,335
13,26,359
13,27,353
13,28,806
13,29,337
13,30,437
13,31,351
13,32,377
13,33,344
13,34,389
13,35,356
13,36,381
13,37,386
13,38,504
13,39,375
13,40,401
13,41,362
13,42,402
13,43,364
13,44,378
13,45,297
13,46,302
13,47,243
13,48,235
13,49,256
13,50,219
13,51,304
13,52,292
13,53,208
13,54,236
13,55,241
13,56,233
13,57,209
13,58,231
13,59,359
13,60,232
13,61,242
13,62,231
13,63,208
13,64,282
13,65,210
13,66,221
13,67,227
13,68,256
13,69,215
13,70,226
13,71,390
13,72,219
13,73,327
13,74,223
13,75,229
13,76,255
13,77,237
13,78,227
13,79,216
13,80,242
13,81,212
13,82,204
13,83,215
13,84,209
13,85,195
13,86,208
13,87,207
13,88,264
13,89,202
13,90,215
13,91,215
13,92,250
13,93,202
13,94,201
13,95,220
13,96,199
13,97,219
13,98,203
13,99,220
13,100,207
13,101,202
13,102,196
13,103,267
13,104,202
13,105,199
13,106,187
13,107,199
13,108,202
13,109,199
13,110,191
13,111,200
13,112,195
13,113,184
13,114,199
13,115,187
13,116,194
13,117,186
13,118,196
13,119,213
13,120,193
13,121,179
13,122,197
13,123,172
13,124,211
13,125,167
13,126,190
13,127,180
13,128,184
13,129,155
13,130,181
13,131,155
13,132,163
13,133,150
13,134,130
13,135,162
13,136,111
13,137,138
13,138,132
13,139,154
13,140,130
13,141,135
13,142,119
13,143,1521
13,144,422
13,145,155
13,146,121
13,147,141
13,148,213
13,149,144
13,150,138
13,151,144
13,152,136
13,153,145
13,154,131
13,155,184
13,156,145
13,157,185
13,158,158
13,159,163
13,160,191
13,161,180
13,162,147
13,163,154
13,164,146
13,165,154
13,166,154
13,167,158
13,168,149
13,169,161
13,170,171
13,171,187
13,172,155
13,173,169
13,174,189
13,175,159
13,176,153
13,177,171
13,178,193
13,179,1850
13,180,163
13,181,195
13,182,165
13,183,210
13,184,175
13,185,199
13,186,147
13,187,174
13,188,192
13,189,188
13,190,150
13,191,209
13,192,163
13,193,187
13,194,151
13,195,187
13,196,159
13,197,214
13,198,191
13,199,185
13,200,169
13,201,203
13,202,178
13,203,200
13,204,164
13,205,209
13,206,174
13,207,213
13,208,173
13,209,221
13,210,1515
13,211,257
13,212,175
13,213,335
13,214,205
13,215,349
13,216,175
13,217,248
13,218,192
13,219,276
13,220,203
13,221,690
13,222,206
13,223,282
13,224,215
13,225,301
13,226,219
13,227,311
13,228,221
13,229,314
13,230,246
13,231,309
13,232,249
13,233,342
13,234,265
13,235,3498
13,236,284
13,237,370
13,238,362
13,239,389
13,240,333
13,241,404
13,242,361
13,243,433
13,244,375
13,245,636
13,246,461
13,247,474
13,248,423
13,249,511
13,250,446
13,251,521
13,252,481
13,253,525
13,254,553
13,255,511
13,256,430
14,1,290
14,2,326
14,3,304
14,4,329
14,5,304
14,6,330
14,7,335
14,8,560
14,9,325
14,10,365
14,11,323
14,12,351
14,13,387
14,14,362
14,15,342
14,16,367
14,17,325
14,18,357
14,19,321
14,20,353
14,21,313
14,22,364
14,23,2429
14,24,359
14,25,335
14,26,359
14,27,353
14,28,806
14,29,337
14,30,437
14,31,351
14,32,377
14,33,344
14,34,389
14,35,356
14,36,381
14,37,386
14,38,504
14,39,375
14,40,401
14,41,362
14,42,402
14,43,364
14,44,378
14,45,297
14,46,302
14,47,243
14,48,235
14,49,256
14,50,219
14,51,304
14,52,292
14,53,208
14,54,236
14,55,241
14,56,233
14,57,209
14,58,231
14,59,359
14,60,232
14,61,242
14,62,231
14,63,208
14,64,282
14,65,210
14,66,221
14,67,227
14,68,256
14,69,215
14,70,226
14,71,390
14,72,219
14,73,327
14,74,223
14,75,229
14,76,255
14,77,237
14,78,227
14,79,216
14,80,242
14,81,212
14,82,204
14,83,215
14,84,209
14,85,195
14,86,208
14,87,207
14,88,264
14,89,202
14,90,215
14,91,215
14,92,250
14,93,202
14,94,201
14,95,220
14,96,199
14,97,219
14,98,203
14,99,220
14,100,207
14,101,202
14,102,196
14,103,267
14,104,202
14,105,199
14,106,187
14,107,199
14,108,202
14,109,199
14,110,191
14,111,200
14,112,195
14,113,184
14,114,199
14,115,187
14,116,194
14,117,186
14,118,196
14,119,213
14,120,193
14,121,179
14,122,197
14,123,172
14,124,211
14,125,167
14,126,190
14,127,180
14,128,184
14,129,155
14,130,181
14,131,155
14,132,163
14,133,150
14,134,130
14,135,162
14,136,111
14,137,138
14,138,132
14,139,154
14,140,130
14,141,135
14,142,119
14,143,1521
14,144,422
14,145,155
14,146,121
14,147,141
14,148,213
14,149,144
14,150,138
14,151,144
14,152,136
14,153,145
14,154,131
14,155,184
14,156,145
14,157,185
14,158,158
14,159,163
14,160,191
14,161,180
14,162,147
14,163,154
14,164,146
14,165,154
14,166,154
14,167,158
14,168,149
14,169,161
14,170,171
14,171,187
14,172,155
14,173,169
14,174,189
14,175,159
14,176,153
14,177,171
14,178,193
14,179,1850
14,180,163
14,181,195
14,182,165
14,183,210
14,184,175
14,185,199
14,186,147
14,187,174
14,188,192
14,189,188
14,190,150
14,191,209
14,192,163
14,193,187
14,194,151
14,195,187
14,196,159
14,197,214
14,198,191
14,199,185
14,200,169
14,201,203
14,202,178
14,203,200
14,204,164
14,205,209
14,206,174
14,207,213
14,208,173
14,209,221
14,210,1515
14,211,257
14,212,175
14,213,335
14,214,205
14,215,349
14,216,175
14,217,248
14,218,192
14,219,276
14,220,203
14,221,690
14,222,206
14,223,282
14,224,215
14,225,301
14,226,219
14,227,311
14,228,221
14,229,314
14,230,246
14,231,309
14,232,249
14,233,342
14,234,265
14,235,3498
14,236,284
14,237,370
14,238,362
14,239,389
14,240,333
14,241,404
14,242,361
14,243,433
14,244,375
14,245,636
14,246,461
14,247,474
14,248,423
14,249,511
14,250,446
14,251,521
14,252,481
14,253,525
14,254,553
14,255,511
14,256,430
15,1,286
15,2,326
15,3,304
15,4,329
15,5,304
15,6,327
15,7,334
15,8,564
15,9,325
15,10,365
15,11,323
15,12,351
15,13,387
15,14,362
15,15,343
15,16,368
15,17,325
15,18,358
15,19,321
15,20,353
15,21,313
15,22,364
15,23,2423
15,24,357
15,25,333
15,26,359
15,27,353
15,28,807
15,29,337
15,30,438
15,31,350
15,32,376
15,33,344
15,34,390
15,35,357
15,36,383
15,37,385
15,38,505
15,39,376
15,40,403
15,41,361
15,42,400
15,43,365
15,44,377
15,45,298
15,46,303
15,47,242
15,48,236
15,49,252
15,50,220
15,51,303
15,52,298
15,53,207
15,54,238
15,55,241
15,56,233
15,57,210
15,58,232
15,59,385
15,60,253
15,61,263
15,62,242
15,63,214
15,64,286
15,65,212
15,66,223
15,67,229
15,68,261
15,69,215
15,70,228
15,71,389
15,72,220
15,73,321
15,74,223
15,75,231
15,76,255
15,77,237
15,78,229
15,79,217
15,80,241
15,81,212
15,82,205
15,83,214
15,84,210
15,85,196
15,86,210
15,87,207
15,88,264
15,89,201
15,90,215
15,91,213
15,92,253
15,93,202
15,94,203
15,95,219
15,96,200
15,97,217
15,98,205
15,99,218
15,100,207
15,101,202
15,102,198
15,103,266
15,104,202
15,105,198
15,106,188
15,107,197
15,108,203
15,109,197
15,110,191
15,111,198
15,112,195
15,113,185
15,114,199
15,115,188
15,116,194
15,117,186
15,118,195
15,119,212
15,120,193
15,121,181
15,122,198
15,123,173
15,124,211
15,125,169
15,126,189
15,127,179
15,128,183
15,129,155
15,130,183
15,131,153
15,132,165
15,133,149
15,134,130
15,135,161
15,136,111
15,137,138
15,138,132
15,139,154
15,140,129
15,141,136
15,142,120
15,143,1520
15,144,421
15,145,156
15,146,122
15,147,141
15,148,214
15,149,143
15,150,138
15,151,144
15,152,138
15,153,145
15,154,130
15,155,184
15,156,144
15,157,184
15,158,159
15,159,164
15,160,192
15,161,180
15,162,147
15,163,153
15,164,146
15,165,153
15,166,153
15,167,157
15,168,149
15,169,162
15,170,171
15,171,185
15,172,154
15,173,168
15,174,186
15,175,158
15,176,153
15,177,170
15,178,194
15,179,1855
15,180,163
15,181,193
15,182,163
15,183,206
15,184,175
15,185,199
15,186,148
15,187,174
15,188,193
15,189,189
15,190,149
15,191,209
15,192,164
15,193,187
15,194,151
15,195,186
15,196,160
15,197,215
15,198,192
15,199,185
15,200,169
15,201,203
15,202,176
15,203,200
15,204,165
15,205,208
15,206,174
15,207,213
15,208,174
15,209,221
15,210,1511
15,211,256
15,212,176
15,213,332
15,214,205
15,215,352
15,216,176
15,217,248
15,218,191
15,219,276
15,220,203
15,221,688
15,222,204
15,223,280
15,224,215
15,225,299
15,226,219
15,227,310
15,228,223
15,229,314
15,230,246
15,231,310
15,232,250
15,233,341
15,234,265
15,235,3491
15,236,286
15,237,369
15,238,361
15,239,392
15,240,334
15,241,404
15,242,364
15,243,431
15,244,376
15,245,636
15,246,474
15,247,472
15,248,425
15,249,512
15,250,444
15,251,520
15,252,480
15,253,524
15,254,553
15,255,512
15,256,430
16,1,286
16,2,326
16,3,304
16,4,329
16,5,304
16,6,327
16,7,334
16,8,564
16,9,325
16,10,365
16,11,323
16,12,351
16,13,387
16,14,362
16,15,343
16,16,368
16,17,325
16,18,358
16,19,321
16,20,353
16,21,313
16,22,364
16,23,2423
16,24,357
16,25,333
16,26,359
16,27,353
16,28,807
16,29,337
16,30,438
16,31,350
16,32,376
16,33,344
16,34,390
16,35,357
16,36,383
16,37,385
16,38,505
16,39,376
16,40,403
16,41,361
16,42,400
16,43,365
16,44,377
16,45,298
16,46,303
16,47,242
16,48,236
16,49,252
16,50,220
16,51,303
16,52,298
16,53,207
16,54,238
16,55,241
16,56,233
16,57,210
16,58,232
16,59,385
16,60,253
16,61,263
16,62,242
16,63,214
16,64,286
16,65,212
16,66,223
16,67,229
16,68,261
16,69,215
16,70,228
16,71,389
16,72,220
16,73,321
16,74,223
16,75,231
16,76,255
16,77,237
16,78,229
16,79,217
16,80,241
16,81,212
16,82,205
16,83,214
16,84,210
16,85,196
16,86,210
16,87,207
16,88,264
16,89,201
16,90,215
16,91,213
16,92,253
16,93,202
16,94,203
16,95,219
16,96,200
16,97,217
16,98,205
16,99,218
16,100,207
16,101,202
16,102,198
16,103,266
16,104,202
16,105,198
16,106,188
16,107,197
16,108,203
16,109,197
16,110,191
16,111,198
16,112,195
16,113,185
16,114,199
16,115,188
16,116,194
16,117,186
16,118,195
16,119,212
16,120,193
16,121,181
16,122,198
16,123,173
16,124,211
16,125,169
16,126,189
16,127,179
16,128,183
16,129,155
16,130,183
16,131,153
16,132,165
16,133,149
16,134,130
16,135,161
16,136,111
16,137,138
16,138,132
16,139,154
16,140,129
16,141,136
16,142,120
16,143,1520
16,144,421
16,145,156
16,146,122
16,147,141
16,148,214
16,149,143
16,150,138
16,151,144
16,152,138
16,153,145
16,154,130
16,155,184
16,156,144
16,157,184
16,158,159
16,159,164
16,160,192
16,161,180
16,162,147
16,163,153
16,164,146
16,165,153
16,166,153
16,167,157
16,168,149
16,169,162
16,170,171
16,171,185
16,172,154
16,173,168
16,174,186
16,175,158
16,176,153
16,177,170
16,178,194
16,179,1855
16,180,163
16,181,193
16,182,163
16,183,206
16,184,175
16,185,199
16,186,148
16,187,174
16,188,193
16,189,189
16,190,149
16,191,209
16,192,164
16,193,187
16,194,151
16,195,186
16,196,160
16,197,215
16,198,192
16,199,185
16,200,169
16,201,203
16,202,176
16,203,200
16,204,165
16,205,208
16,206,174
16,207,213
16,208,174
16,209,221
16,210,1511
16,211,256
16,212,176
16,213,332
16,214,205
16,215,352
16,216,176
16,217,248
16,218,191
16,219,276
16,220,203
16,221,688
16,222,204
16,223,280
16,224,215
16,225,299
16,226,219
16,227,310
16,228,223
16,229,314
16,230,246
16,231,310
16,232,250
16,233,341
16,234,265
16,235,3491
16,236,286
16,237,369
16,238,361
16,239,392
16,240,334
16,241,404
16,242,364
16,243,431
16,244,376
16,245,636
16,246,474
16,247,472
16,248,425
16,249,512
16,250,444
16,251,520
16,252,480
16,253,524
16,254,553
16,255,512
16,256,430
17,1,285
17,2,326
17,3,306
17,4,333
17,5,303
17,6,331
17,7,333
17,8,564
17,9,324
17,10,365
17,11,322
17,12,351
17,13,386
17,14,362
17,15,343
17,16,367
17,17,323
17,18,360
17,19,321
17,20,353
17,21,311
17,22,364
17,23,2424
17,24,359
17,25,333
17,26,360
17,27,352
17,28,808
17,29,336
17,30,443
17,31,351
17,32,379
17,33,343
17,34,390
17,35,356
17,36,385
17,37,384
17,38,506
17,39,376
17,40,403
17,41,360
17,42,403
17,43,364
17,44,379
17,45,297
17,46,305
17,47,241
17,48,237
17,49,256
17,50,220
17,51,299
17,52,299
17,53,207
17,54,239
17,55,239
17,56,233
17,57,208
17,58,233
17,59,357
17,60,233
17,61,241
17,62,231
17,63,207
17,64,283
17,65,208
17,66,222
17,67,227
17,68,258
17,69,215
17,70,229
17,71,390
17,72,219
17,73,321
17,74,224
17,75,230
17,76,258
17,77,236
17,78,230
17,79,215
17,80,243
17,81,211
17,82,206
17,83,214
17,84,211
17,85,196
17,86,211
17,87,206
17,88,264
17,89,202
17,90,217
17,91,213
17,92,261
17,93,200
17,94,204
17,95,218
17,96,201
17,97,216
17,98,206
17,99,219
17,100,207
17,101,202
17,102,198
17,103,269
17,104,202
17,105,198
17,106,189
17,107,198
17,108,202
17,109,199
17,110,191
17,111,198
17,112,195
17,113,182
17,114,200
17,115,187
17,116,195
17,117,185
17,118,196
17,119,211
17,120,193
17,121,180
17,122,198
17,123,172
17,124,212
17,125,168
17,126,190
17,127,178
17,128,185
17,129,154
17,130,183
17,131,153
17,132,164
17,133,148
17,134,130
17,135,162
17,136,111
17,137,137
17,138,133
17,139,154
17,140,130
17,141,134
17,142,120
17,143,1518
17,144,422
17,145,155
17,146,123
17,147,141
17,148,216
17,149,145
17,150,141
17,151,143
17,152,137
17,153,143
17,154,130
17,155,184
17,156,145
17,157,183
17,158,159
17,159,163
17,160,193
17,161,179
17,162,148
17,163,152
17,164,148
17,165,154
17,166,154
17,167,158
17,168,150
17,169,161
17,170,172
17,171,184
17,172,155
17,173,168
17,174,190
17,175,159
17,176,153
17,177,171
17,178,195
17,179,1855
17,180,164
17,181,193
17,182,163
17,183,208
17,184,175
17,185,200
17,186,148
17,187,174
17,188,193
17,189,187
17,190,150
17,191,208
17,192,164
17,193,187
17,194,152
17,195,186
17,196,160
17,197,215
17,198,192
17,199,182
17,200,168
17,201,202
17,202,177
17,203,199
17,204,165
17,205,207
17,206,175
17,207,212
17,208,175
17,209,220
17,210,1515
17,211,255
17,212,178
17,213,330
17,214,205
17,215,355
17,216,178
17,217,247
17,218,193
17,219,274
17,220,203
17,221,685
17,222,205
17,223,280
17,224,218
17,225,301
17,226,221
17,227,310
17,228,223
17,229,313
17,230,245
17,231,309
17,232,251
17,233,342
17,234,267
17,235,3493
17,236,286
17,237,368
17,238,362
17,239,389
17,240,334
17,241,404
17,242,363
17,243,432
17,244,376
17,245,637
17,246,463
17,247,472
17,248,424
17,249,507
17,250,446
17,251,518
17,252,479
17,253,523
17,254,554
17,255,510
17,256,431
18,1,285
18,2,326
18,3,306
18,4,333
18,5,303
18,6,331
18,7,333
18,8,564
18,9,324
18,10,365
18,11,322
18,12,351
18,13,386
18,14,362
18,15,343
18,16,367
18,17,323
18,18,360
18,19,321
18,20,353
18,21,311
18,22,364
18,23,2424
18,24,359
18,25,333
18,26,360
18,27,352
18,28,808
18,29,336
18,30,443
18,31,351
18,32,379
18,33,343
18,34,390
18,35,356
18,36,385
18,37,384
18,38,506
18,39,376
18,40,403
18,41,360
18,42,403
18,43,364
18,44,379
18,45,297
18,46,305
18,47,241
18,48,237
18,49,256
18,50,220
18,51,299
18,52,299
18,53,207
18,54,239
18,55,239
18,56,233
18,57,208
18,58,233
18,59,357
18,60,233
18,61,241
18,62,231
18,63,207
18,64,283
18,65,208
18,66,222
18,67,227
18,68,258
18,69,215
18,70,229
18,71,390
18,72,219
18,73,321
18,74,224
18,75,230
18,76,258
18,77,236
18,78,230
18,79,215
18,80,243
18,81,211
18,82,206
18,83,214
18,84,211
18,85,196
18,86,211
18,87,206
18,88,264
18,89,202
18,90,217
18,91,213
18,92,261
18,93,200
18,94,204
18,95,218
18,96,201
18,97,216
18,98,206
18,99,219
18,100,207
18,101,202
18,102,198
18,103,269
18,104,202
18,105,198
18,106,189
18,107,198
18,108,202
18,109,199
18,110,191
18,111,198
18,112,195
18,113,182
18,114,200
18,115,187
18,116,195
18,117,185
18,118,196
18,119,211
18,120,193
18,121,180
18,122,198
18,123,172
18,124,212
18,125,168
18,126,190
18,127,178
18,128,185
18,129,154
18,130,183
18,131,153
18,132,164
18,133,148
18,134,130
18,135,162
18,136,111
18,137,137
18,138,133
18,139,154
18,140,130
18,141,134
18,142,120
18,143,1518
18,144,422
18,145,155
18,146,123
18,147,141
18,148,216
18,149,145
18,150,141
18,151,143
18,152,137
18,153,143
18,154,130
18,155,184
18,156,145
18,157,183
18,158,159
18,159,163
18,160,193
18,161,179
18,162,148
18,163,152
18,164,148
18,165,154
18,166,154
18,167,158
18,168,150
18,169,161
18,170,172
18,171,184
18,172,155
18,173,168
18,174,190
18,175,159
18,176,153
18,177,171
18,178,195
18,179,1855
18,180,164
18,181,193
18,182,163
18,183,208
18,184,175
18,185,200
18,186,148
18,187,174
18,188,193
18,189,187
18,190,150
18,191,208
18,192,164
18,193,187
18,194,152
18,195,186
18,196,160
18,197,215
18,198,192
18,199,182
18,200,168
18,201,202
18,202,177
18,203,199
18,204,165
18,205,207
18,206,175
18,207,212
18,208,175
18,209,220
18,210,1515
18,211,255
18,212,178
18,213,330
18,214,205
18,215,355
18,216,178
18,217,247
18,218,193
18,219,274
18,220,203
18,221,685
18,222,205
18,223,280
18,224,218
18,225,301
18,226,221
18,227,310
18,228,223
18,229,313
18,230,245
18,231,309
18,232,251
18,233,342
18,234,267
18,235,3493
18,236,286
18,237,368
18,238,362
18,239,389
18,240,334
18,241,404
18,242,363
18,243,432
18,244,376
18,245,637
18,246,463
18,247,472
18,248,424
18,249,507
18,250,446
18,251,518
18,252,479
18,253,523
18,254,554
18,255,510
18,256,431
19,1,286
19,2,325
19,3,305
19,4,331
19,5,304
19,6,328
19,7,334
19,8,562
19,9,325
19,10,365
19,11,325
19,12,353
19,13,388
19,14,363
19,15,343
19,16,369
19,17,326
19,18,358
19,19,322
19,20,353
19,21,312
19,22,364
19,23,2445
19,24,360
19,25,332
19,26,359
19,27,353
19,28,807
19,29,337
19,30,438
19,31,352
19,32,378
19,33,346
19,34,390
19,35,358
19,36,384
19,37,386
19,38,505
19,39,377
19,40,403
19,41,363
19,42,403
19,43,366
19,44,378
19,45,298
19,46,303
19,47,244
19,48,237
19,49,263
19,50,219
19,51,305
19,52,295
19,53,209
19,54,239
19,55,240
19,56,233
19,57,210
19,58,232
19,59,361
19,60,233
19,61,244
19,62,231
19,63,209
19,64,282
19,65,210
19,66,222
19,67,228
19,68,256
19,69,215
19,70,227
19,71,391
19,72,219
19,73,319
19,74,224
19,75,231
19,76,256
19,77,237
19,78,227
19,79,217
19,80,242
19,81,213
19,82,205
19,83,216
19,84,209
19,85,197
19,86,210
19,87,209
19,88,265
19,89,202
19,90,218
19,91,216
19,92,250
19,93,204
19,94,205
19,95,220
19,96,200
19,97,219
19,98,206
19,99,220
19,100,208
19,101,203
19,102,198
19,103,268
19,104,202
19,105,199
19,106,189
19,107,199
19,108,202
19,109,200
19,110,192
19,111,200
19,112,196
19,113,185
19,114,200
19,115,189
19,116,195
19,117,186
19,118,195
19,119,214
19,120,193
19,121,181
19,122,197
19,123,173
19,124,211
19,125,169
19,126,191
19,127,180
19,128,184
19,129,155
19,130,182
19,131,154
19,132,166
19,133,150
19,134,130
19,135,162
19,136,111
19,137,139
19,138,133
19,139,155
19,140,129
19,141,137
19,142,119
19,143,1520
19,144,419
19,145,158
19,146,122
19,147,142
19,148,214
19,149,145
19,150,139
19,151,143
19,152,138
19,153,145
19,154,130
19,155,185
19,156,145
19,157,185
19,158,158
19,159,164
19,160,192
19,161,181
19,162,147
19,163,155
19,164,147
19,165,155
19,166,154
19,167,158
19,168,149
19,169,161
19,170,171
19,171,185
19,172,155
19,173,169
19,174,191
19,175,159
19,176,154
19,177,172
19,178,195
19,179,1864
19,180,163
19,181,195
19,182,163
19,183,211
19,184,175
19,185,201
19,186,148
19,187,174
19,188,194
19,189,190
19,190,150
19,191,209
19,192,164
19,193,188
19,194,152
19,195,187
19,196,160
19,197,216
19,198,192
19,199,185
19,200,169
19,201,203
19,202,178
19,203,201
19,204,166
19,205,209
19,206,173
19,207,214
19,208,174
19,209,222
19,210,1511
19,211,257
19,212,177
19,213,338
19,214,205
19,215,358
19,216,177
19,217,248
19,218,193
19,219,277
19,220,205
19,221,695
19,222,205
19,223,282
19,224,216
19,225,301
19,226,220
19,227,310
19,228,223
19,229,314
19,230,245
19,231,311
19,232,251
19,233,344
19,234,265
19,235,3504
19,236,286
19,237,369
19,238,362
19,239,391
19,240,333
19,241,404
19,242,364
19,243,433
19,244,376
19,245,634
19,246,462
19,247,474
19,248,424
19,249,508
19,250,444
19,251,519
19,252,481
19,253,525
19,254,554
19,255,512
19,256,430
20,1,286
20,2,325
20,3,305
20,4,331
20,5,304
20,6,328
20,7,334
20,8,562
20,9,325
20,10,365
20,11,325
20,12,353
20,13,388
20,14,363
20,15,343
20,16,369
20,17,326
20,18,358
20,19,322
20,20,353
20,21,312
20,22,364
20,23,2445
20,24,360
20,25,332
20,26,359
20,27,353
20,28,807
20,29,337
20,30,438
20,31,352
20,32,378
20,33,346
20,34,390
20,35,358
20,36,384
20,37,386
20,38,505
20,39,377
20,40,403
20,41,363
20,42,403
20,43,366
20,44,378
20,45,298
20,46,303
20,47,244
20,48,237
20,49,263
20,50,219
20,51,305
20,52,295
20,53,209
20,54,239
20,55,240
20,56,233
20,57,210
20,58,232
20,59,361
20,60,233
20,61,244
20,62,231
20,63,209
20,64,282
20,65,210
20,66,222
20,67,228
20,68,256
20,69,215
20,70,227
20,71,391
20,72,219
20,73,319
20,74,224
20,75,231
20,76,256
20,77,237
20,78,227
20,79,217
20,80,242
20,81,213
20,82,205
20,83,216
20,84,209
20,85,197
20,86,210
20,87,209
20,88,265
20,89,202
20,90,218
20,91,216
20,92,250
20,93,204
20,94,205
20,95,220
20,96,200
20,97,219
20,98,206
20,99,220
20,100,208
20,101,203
20,102,198
20,103,268
20,104,202
20,105,199
20,106,189
20,107,199
20,108,202
20,109,200
20,110,192
20,111,200
20,112,196
20,113,185
20,114,200
20,115,189
20,116,195
20,117,186
20,118,195
20,119,214
20,120,193
20,121,181
20,122,197
20,123,173
20,124,211
20,125,169
20,126,191
20,127,180
20,128,184
20,129,155
20,130,182
20,131,154
20,132,166
20,133,150
20,134,130
20,135,162
20,136,111
20,137,139
20,138,133
20,139,155
20,140,129
20,141,137
20,142,119
20,143,1520
20,144,419
20,145,158
20,146,122
20,147,142
20,148,214
20,149,145
20,150,139
20,151,143
20,152,138
20,153,145
20,154,130
20,155,185
20,156,145
20,157,185
20,158,158
20,159,164
20,160,192
20,161,181
20,162,147
20,163,155
20,164,147
20,165,155
20,166,154
20,167,158
20,168,149
20,169,161
20,170,171
20,171,185
20,172,155
20,173,169
20,174,191
20,175,159
20,176,154
20,177,172
20,178,195
20,179,1864
20,180,163
20,181,195
20,182,163
20,183,211
20,184,175
20,185,201
20,186,148
20,187,174
20,188,194
20,189,190
20,190,150
20,191,209
20,192,164
20,193,188
20,194,152
20,195,187
20,196,160
20,197,216
20,198,192
20,199,185
20,200,169
20,201,203
20,202,178
20,203,201
20,204,166
20,205,209
20,206,173
20,207,214
20,208,174
20,209,222
20,210,1511
20,211,257
20,212,177
20,213,338
20,214,205
20,215,358
20,216,177
20,217,248
20,218,193
20,219,277
20,220,205
20,221,695
20,222,205
20,223,282
20,224,216
20,225,301
20,226,220
20,227,310
20,228,223
20,229,314
20,230,245
20,231,311
20,232,251
20,233,344
20,234,265
20,235,3504
20,236,286
20,237,369
20,238,362
20,239,391
20,240,333
20,241,404
20,242,364
20,243,433
20,244,376
20,245,634
20,246,462
20,247,474
20,248,424
20,249,508
20,250,444
20,251,519
20,252,481
20,253,525
20,254,554
20,255,512
20,256,430
21,1,285
21,2,325
21,3,303
21,4,330
21,5,303
21,6,331
21,7,333
21,8,563
21,9,325
21,10,367
21,11,322
21,12,353
21,13,387
21,14,364
21,15,342
21,16,368
21,17,325
21,18,358
21,19,321
21,20,353
21,21,312
21,22,366
21,23,2411
21,24,360
21,25,334
21,26,360
21,27,352
21,28,808
21,29,337
21,30,442
21,31,349
21,32,377
21,33,344
21,34,390
21,35,358
21,36,384
21,37,386
21,38,503
21,39,377
21,40,403
21,41,361
21,42,405
21,43,366
21,44,379
21,45,299
21,46,305
21,47,244
21,48,238
21,49,262
21,50,220
21,51,299
21,52,295
21,53,208
21,54,239
21,55,240
21,56,234
21,57,209
21,58,234
21,59,359
21,60,233
21,61,244
21,62,232
21,63,208
21,64,283
21,65,209
21,66,223
21,67,228
21,68,257
21,69,214
21,70,227
21,71,389
21,72,221
21,73,323
21,74,225
21,75,231
21,76,255
21,77,238
21,78,229
21,79,217
21,80,241
21,81,211
21,82,206
21,83,215
21,84,211
21,85,196
21,86,209
21,87,207
21,88,265
21,89,202
21,90,216
21,91,215
21,92,251
21,93,202
21,94,204
21,95,219
21,96,201
21,97,217
21,98,204
21,99,218
21,100,208
21,101,201
21,102,200
21,103,265
21,104,203
21,105,198
21,106,190
21,107,198
21,108,203
21,109,199
21,110,192
21,111,199
21,112,197
21,113,184
21,114,200
21,115,188
21,116,196
21,117,186
21,118,196
21,119,213
21,120,193
21,121,181
21,122,198
21,123,171
21,124,212
21,125,167
21,126,191
21,127,179
21,128,186
21,129,154
21,130,181
21,131,154
21,132,166
21,133,150
21,134,131
21,135,161
21,136,113
21,137,139
21,138,135
21,139,154
21,140,130
21,141,135
21,142,121
21,143,1521
21,144,421
21,145,157
21,146,121
21,147,141
21,148,215
21,149,143
21,150,140
21,151,143
21,152,139
21,153,144
21,154,131
21,155,183
21,156,146
21,157,184
21,158,159
21,159,163
21,160,192
21,161,180
21,162,149
21,163,154
21,164,148
21,165,154
21,166,155
21,167,157
21,168,150
21,169,160
21,170,171
21,171,186
21,172,155
21,173,167
21,174,187
21,175,158
21,176,154
21,177,172
21,178,194
21,179,1853
21,180,164
21,181,191
21,182,165
21,183,210
21,184,176
21,185,199
21,186,149
21,187,174
21,188,194
21,189,186
21,190,150
21,191,208
21,192,164
21,193,186
21,194,151
21,195,186
21,196,159
21,197,215
21,198,193
21,199,184
21,200,169
21,201,202
21,202,177
21,203,200
21,204,166
21,205,208
21,206,174
21,207,213
21,208,174
21,209,223
21,210,1516
21,211,255
21,212,177
21,213,332
21,214,206
21,215,345
21,216,177
21,217,247
21,218,194
21,219,275
21,220,205
21,221,689
21,222,206
21,223,280
21,224,217
21,225,299
21,226,219
21,227,310
21,228,222
21,229,313
21,230,245
21,231,309
21,232,249
21,233,341
21,234,266
21,235,3506
21,236,287
21,237,369
21,238,361
21,239,392
21,240,335
21,241,404
21,242,362
21,243,433
21,244,378
21,245,631
21,246,465
21,247,473
21,248,426
21,249,510
21,250,443
21,251,519
21,252,482
21,253,523
21,254,552
21,255,512
21,256,431
22,1,285
22,2,325
22,3,303
22,4,330
22,5,303
22,6,331
22,7,333
22,8,563
22,9,325
22,10,367
22,11,322
22,12,353
22,13,387
22,14,364
22,15,342
22,16,368
22,17,325
22,18,358
22,19,321
22,20,353
22,21,312
22,22,366
22,23,2411
22,24,360
22,25,334
22,26,360
22,27,352
22,28,808
22,29,337
22,30,442
22,31,349
22,32,377
22,33,344
22,34,390
22,35,358
22,36,384
22,37,386
22,38,503
22,39,377
22,40,403
22,41,361
22,42,405
22,43,366
22,44,379
22,45,299
22,46,305
22,47,244
22,48,238
22,49,262
22,50,220
22,51,299
22,52,295
22,53,208
22,54,239
22,55,240
22,56,234
22,57,209
22,58,234
22,59,359
22,60,233
22,61,244
22,62,232
22,63,208
22,64,283
22,65,209
22,66,223
22,67,228
22,68,257
22,69,214
22,70,227
22,71,389
22,72,221
22,73,323
22,74,225
22,75,231
22,76,255
22,77,238
22,78,229
22,79,217
22,80,241
22,81,211
22,82,206
22,83,215
22,84,211
22,85,196
22,86,209
22,87,207
22,88,265
22,89,202
22,90,216
22,91,215
22,92,251
22,93,202
22,94,204
22,95,219
22,96,201
22,97,217
22,98,204
22,99,218
22,100,208
22,101,201
22,102,200
22,103,265
22,104,203
22,105,198
22,106,190
22,107,198
22,108,203
22,109,199
22,110,192
22,111,199
22,112,197
22,113,184
22,114,200
22,115,188
22,116,196
22,117,186
22,118,196
22,119,213
22,120,193
22,121,181
22,122,198
22,123,171
22,124,212
22,125,167
22,126,191
22,127,179
22,128,186
22,129,154
22,130,181
22,131,154
22,132,166
22,133,150
22,134,131
22,135,161
22,136,113
22,137,139
22,138,135
22,139,154
22,140,130
22,141,135
22,142,121
22,143,1521
22,144,421
22,145,157
22,146,121
22,147,141
22,148,215
22,149,143
22,150,140
22,151,143
22,152,139
22,153,144
22,154,131
22,155,183
22,156,146
22,157,184
22,158,159
22,159,163
22,160,192
22,161,180
22,162,149
22,163,154
22,164,148
22,165,154
22,166,155
22,167,157
22,168,150
22,169,160
22,170,171
22,171,186
22,172,155
22,173,167
22,174,187
22,175,158
22,176,154
22,177,172
22,178,194
22,179,1853
22,180,164
22,181,191
22,182,165
22,183,210
22,184,176
22,185,199
22,186,149
22,187,174
22,188,194
22,189,186
22,190,150
22,191,208
22,192,164
22,193,186
22,194,151
22,195,186
22,196,159
22,197,215
22,198,193
22,199,184
22,200,169
22,201,202
22,202,177
22,203,200
22,204,166
22,205,208
22,206,174
22,207,213
22,208,174
22,209,223
22,210,1516
22,211,255
22,212,177
22,213,332
22,214,206
22,215,345
22,216,177
22,217,247
22,218,194
22,219,275
22,220,205
22,221,689
22,222,206
22,223,280
22,224,217
22,225,299
22,226,219
22,227,310
22,228,222
22,229,313
22,230,245
22,231,309
22,232,249
22,233,341
22,234,266
22,235,3506
22,236,287
22,237,369
22,238,361
22,239,392
22,240,335
22,241,404
22,242,362
22,243,433
22,244,378
22,245,631
22,246,465
22,247,473
22,248,426
22,249,510
22,250,443
22,251,519
22,252,482
22,253,523
22,254,552
22,255,512
22,256,431
23,1,287
23,2,325
23,3,304
23,4,331
23,5,303
23,6,328
23,7,334
23,8,556
23,9,325
23,10,365
23,11,323
23,12,351
23,13,387
23,14,362
23,15,342
23,16,367
23,17,325
23,18,358
23,19,320
23,20,352
23,21,312
23,22,364
23,23,2406
23,24,359
23,25,335
23,26,358
23,27,352
23,28,808
23,29,337
23,30,438
23,31,350
23,32,378
23,33,345
23,34,389
23,35,357
23,36,384
23,37,386
23,38,507
23,39,377
23,40,405
23,41,363
23,42,405
23,43,369
23,44,381
23,45,301
23,46,305
23,47,245
23,48,237
23,49,257
23,50,219
23,51,302
23,52,294
23,53,210
23,54,239
23,55,239
23,56,234
23,57,209
23,58,233
23,59,360
23,60,234
23,61,243
23,62,231
23,63,208
23,64,279
23,65,210
23,66,223
23,67,229
23,68,257
23,69,216
23,70,226
23,71,390
23,72,221
23,73,318
23,74,224
23,75,231
23,76,256
23,77,237
23,78,231
23,79,219
23,80,243
23,81,212
23,82,206
23,83,215
23,84,209
23,85,195
23,86,208
23,87,207
23,88,266
23,89,201
23,90,217
23,91,215
23,92,252
23,93,202
23,94,204
23,95,220
23,96,201
23,97,216
23,98,203
23,99,219
23,100,209
23,101,202
23,102,198
23,103,265
23,104,203
23,105,199
23,106,188
23,107,199
23,108,203
23,109,200
23,110,191
23,111,199
23,112,196
23,113,184
23,114,199
23,115,187
23,116,195
23,117,186
23,118,196
23,119,214
23,120,194
23,121,181
23,122,199
23,123,170
23,124,212
23,125,168
23,126,191
23,127,179
23,128,183
23,129,155
23,130,181
23,131,154
23,132,166
23,133,149
23,134,131
23,135,162
23,136,112
23,137,138
23,138,133
23,139,154
23,140,130
23,141,135
23,142,121
23,143,1522
23,144,422
23,145,157
23,146,122
23,147,142
23,148,215
23,149,144
23,150,139
23,151,141
23,152,137
23,153,144
23,154,130
23,155,186
23,156,144
23,157,185
23,158,159
23,159,163
23,160,194
23,161,180
23,162,148
23,163,152
23,164,147
23,165,155
23,166,153
23,167,158
23,168,150
23,169,161
23,170,172
23,171,186
23,172,155
23,173,167
23,174,187
23,175,160
23,176,152
23,177,171
23,178,194
23,179,1864
23,180,164
23,181,192
23,182,166
23,183,209
23,184,174
23,185,200
23,186,148
23,187,174
23,188,194
23,189,188
23,190,149
23,191,210
23,192,163
23,193,186
23,194,151
23,195,187
23,196,159
23,197,214
23,198,191
23,199,185
23,200,170
23,201,203
23,202,177
23,203,200
23,204,166
23,205,207
23,206,174
23,207,213
23,208,175
23,209,220
23,210,1510
23,211,256
23,212,176
23,213,333
23,214,206
23,215,351
23,216,177
23,217,248
23,218,193
23,219,275
23,220,204
23,221,687
23,222,206
23,223,281
23,224,215
23,225,299
23,226,218
23,227,310
23,228,222
23,229,313
23,230,245
23,231,308
23,232,250
23,233,342
23,234,266
23,235,3501
23,236,285
23,237,368
23,238,360
23,239,392
23,240,334
23,241,402
23,242,362
23,243,432
23,244,375
23,245,632
23,246,464
23,247,474
23,248,424
23,249,508
23,250,444
23,251,519
23,252,481
23,253,523
23,254,554
23,255,512
23,256,430
24,1,287
24,2,325
24,3,304
24,4,331
24,5,303
24,6,328
24,7,334
24,8,556
24,9,325
24,10,365
24,11,323
24,12,351
24,13,387
24,14,362
24,15,342
24,16,367
24,17,325
24,18,358
24,19,320
24,20,352
24,21,312
24,22,364
24,23,2406
24,24,359
24,25,335
24,26,358
24,27,352
24,28,808
24,29,337
24,30,438
24,31,350
24,32,378
24,33,345
24,34,389
24,35,357
24,36,384
24,37,386
24,38,507
24,39,377
24,40,405
24,41,363
24,42,405
24,43,369
24,44,381
24,45,301
24,46,305
24,47,245
24,48,237
24,49,257
24,50,219
24,51,302
24,52,294
24,53,210
24,54,239
24,55,239
24,56,234
24,57,209
24,58,233
24,59,360
24,60,234
24,61,243
24,62,231
24,63,208
24,64,279
24,65,210
24,66,223
24,67,229
24,68,257
24,69,216
24,70,226
24,71,390
24,72,221
24,73,318
24,74,224
24,75,231
24,76,256
24,77,237
24,78,231
24,79,219
24,80,243
24,81,212
24,82,206
24,83,215
24,84,209
24,85,195
24,86,208
24,87,207
24,88,266
24,89,201
24,90,217
24,91,215
24,92,252
24,93,202
24,94,204
24,95,220
24,96,201
24,97,216
24,98,203
24,99,219
24,100,209
24,101,202
24,102,198
24,103,265
24,104,203
24,105,199
24,106,188
24,107,199
24,108,203
24,109,200
24,110,191
24,111,199
24,112,196
24,113,184
24,114,199
24,115,187
24,116,195
24,117,186
24,118,196
24,119,214
24,120,194
24,121,181
24,122,199
24,123,170
24,124,212
24,125,168
24,126,191
24,127,179
24,128,183
24,129,155
24,130,181
24,131,154
24,132,166
24,133,149
24,134,131
24,135,162
24,136,112
24,137,138
24,138,133
24,139,154
24,140,130
24,141,135
24,142,121
24,143,1522
24,144,422
24,145,157
24,146,122
24,147,142
24,148,215
24,149,144
24,150,139
24,151,141
24,152,137
24,153,144
24,154,130
24,155,186
24,156,144
24,157,185
24,158,159
24,159,163
24,160,194
24,161,180
24,162,148
24,163,152
24,164,147
24,165,155
24,166,153
24,167,158
24,168,150
24,169,161
24,170,172
24,171,186
24,172,155
24,173,167
24,174,187
24,175,160
24,176,152
24,177,171
24,178,194
24,179,1864
24,180,164
24,181,192
24,182,166
24,183,209
24,184,174
24,185,200
24,186,148
24,187,174
24,188,194
24,189,188
24,190,149
24,191,210
24,192,163
24,193,186
24,194,151
24,195,187
24,196,159
24,197,214
24,198,191
24,199,185
24,200,170
24,201,203
24,202,177
24,203,200
24,204,166
24,205,207
24,206,174
24,207,213
24,208,175
24,209,220
24,210,1510
24,211,256
24,212,176
24,213,333
24,214,206
24,215,351
24,216,177
24,217,248
24,218,193
24,219,275
24,220,204
24,221,687
24,222,206
24,223,281
24,224,215
24,225,299
24,226,218
24,227,310
24,228,222
24,229,313
24,230,245
24,231,308
24,232,250
24,233,342
24,234,266
24,235,3501
24,236,285
24,237,368
24,238,360
24,239,392
24,240,334
24,241,402
24,242,362
24,243,432
24,244,375
24,245,632
24,246,464
24,247,474
24,248,424
24,249,508
24,250,444
24,251,519
24,252,481
24,253,523
24,254,554
24,255,512
24,256,430
25,1,287
25,2,327
25,3,305
25,4,329
25,5,304
25,6,330
25,7,332
25,8,559
25,9,324
25,10,366
25,11,323
25,12,351
25,13,387
25,14,364
25,15,344
25,16,368
25,17,324
25,18,360
25,19,321
25,20,354
25,21,312
25,22,365
25,23,2398
25,24,360
25,25,334
25,26,360
25,27,354
25,28,808
25,29,337
25,30,439
25,31,350
25,32,378
25,33,345
25,34,391
25,35,357
25,36,385
25,37,389
25,38,510
25,39,377
25,40,404
25,41,362
25,42,404
25,43,369
25,44,381
25,45,301
25,46,305
25,47,245
25,48,237
25,49,255
25,50,222
25,51,300
25,52,296
25,53,209
25,54,240
25,55,240
25,56,234
25,57,212
25,58,233
25,59,361
25,60,234
25,61,243
25,62,232
25,63,208
25,64,282
25,65,210
25,66,224
25,67,228
25,68,257
25,69,215
25,70,229
25,71,390
25,72,220
25,73,329
25,74,225
25,75,231
25,76,257
25,77,237
25,78,230
25,79,218
25,80,243
25,81,211
25,82,206
25,83,216
25,84,210
25,85,198
25,86,210
25,87,207
25,88,267
25,89,203
25,90,217
25,91,214
25,92,257
25,93,203
25,94,206
25,95,218
25,96,200
25,97,217
25,98,204
25,99,219
25,100,208
25,101,203
25,102,199
25,103,265
25,104,203
25,105,199
25,106,190
25,107,199
25,108,202
25,109,200
25,110,191
25,111,200
25,112,195
25,113,183
25,114,200
25,115,188
25,116,196
25,117,187
25,118,197
25,119,212
25,120,194
25,121,181
25,122,197
25,123,173
25,124,212
25,125,169
25,126,205
25,127,186
25,128,184
25,129,155
25,130,182
25,131,153
25,132,165
25,133,150
25,134,131
25,135,161
25,136,111
25,137,139
25,138,135
25,139,154
25,140,130
25,141,136
25,142,121
25,143,1516
25,144,421
25,145,157
25,146,123
25,147,141
25,148,217
25,149,144
25,150,138
25,151,142
25,152,138
25,153,145
25,154,130
25,155,186
25,156,145
25,157,185
25,158,159
25,159,163
25,160,192
25,161,179
25,162,147
25,163,154
25,164,147
25,165,155
25,166,154
25,167,157
25,168,150
25,169,161
25,170,171
25,171,186
25,172,155
25,173,169
25,174,188
25,175,159
25,176,154
25,177,170
25,178,190
25,179,1853
25,180,164
25,181,195
25,182,165
25,183,211
25,184,175
25,185,201
25,186,148
25,187,174
25,188,193
25,189,188
25,190,150
25,191,209
25,192,164
25,193,187
25,194,152
25,195,187
25,196,160
25,197,216
25,198,193
25,199,185
25,200,169
25,201,201
25,202,177
25,203,200
25,204,166
25,205,208
25,206,173
25,207,214
25,208,174
25,209,222
25,210,1515
25,211,256
25,212,178
25,213,334
25,214,206
25,215,354
25,216,176
25,217,247
25,218,193
25,219,276
25,220,205
25,221,687
25,222,205
25,223,281
25,224,216
25,225,299
25,226,219
25,227,310
25,228,223
25,229,313
25,230,246
25,231,311
25,232,251
25,233,342
25,234,266
25,235,3495
25,236,287
25,237,370
25,238,360
25,239,391
25,240,335
25,241,404
25,242,362
25,243,432
25,244,377
25,245,634
25,246,464
25,247,473
25,248,426
25,249,513
25,250,443
25,251,519
25,252,481
25,253,524
25,254,553
25,255,510
25,256,430
26,1,287
26,2,327
26,3,305
26,4,329
26,5,304
26,6,330
26,7,332
26,8,559
26,9,324
26,10,366
26,11,323
26,12,351
26,13,387
26,14,364
26,15,344
26,16,368
26,17,324
26,18,360
26,19,321
26,20,354
26,21,312
26,22,365
26,23,2398
26,24,360
26,25,334
26,26,360
26,27,354
26,28,808
26,29,337
26,30,439
26,31,350
26,32,378
26,33,345
26,34,391
26,35,357
26,36,385
26,37,389
26,38,510
26,39,377
26,40,404
26,41,362
26,42,404
26,43,369
26,44,381
26,45,301
26,46,305
26,47,245
26,48,237
26,49,255
26,50,222
26,51,300
26,52,296
26,53,209
26,54,240
26,55,240
26,56,234
26,57,212
26,58,233
26,59,361
26,60,234
26,61,243
26,62,232
26,63,208
26,64,282
26,65,210
26,66,224
26,67,228
26,68,257
26,69,215
26,70,229
26,71,390
26,72,220
26,73,329
26,74,225
26,75,231
26,76,257
26,77,237
26,78,230
26,79,218
26,80,243
26,81,211
26,82,206
26,83,216
26,84,210
26,85,198
26,86,210
26,87,207
26,88,267
26,89,203
26,90,217
26,91,214
26,92,257
26,93,203
26,94,206
26,95,218
26,96,200
26,97,217
26,98,204
26,99,219
26,100,208
26,101,203
26,102,199
26,103,265
26,104,203
26,105,199
26,106,190
26,107,199
26,108,202
26,109,200
26,110,191
26,111,200
26,112,195
26,113,183
26,114,200
26,115,188
26,116,196
26,117,187
26,118,197
26,119,212
26,120,194
26,121,181
26,122,197
26,123,173
26,124,212
26,125,169
26,126,205
26,127,186
26,128,184
26,129,155
26,130,182
26,131,153
26,132,165
26,133,150
26,134,131
26,135,161
26,136,111
26,137,139
26,138,135
26,139,154
26,140,130
26,141,136
26,142,121
26,143,1516
26,144,421
26,145,157
26,146,123
26,147,141
26,148,217
26,149,144
26,150,138
26,151,142
26,152,138
26,153,145
26,154,130
26,155,186
26,156,145
26,157,185
26,158,159
26,159,163
26,160,192
26,161,179
26,162,147
26,163,154
26,164,147
26,165,155
26,166,154
26,167,157
26,168,150
26,169,161
26,170,171
26,171,186
26,172,155
26,173,169
26,174,188
26,175,159
26,176,154
26,177,170
26,178,190
26,179,1853
26,180,164
26,181,195
26,182,165
26,183,211
26,184,175
26,185,201
26,186,148
26,187,174
26,188,193
26,189,188
26,190,150
26,191,209
26,192,164
26,193,187
26,194,152
26,195,187
26,196,160
26,197,216
26,198,193
26,199,185
26,200,169
26,201,201
26,202,177
26,203,200
26,204,166
26,205,208
26,206,173
26,207,214
26,208,174
26,209,222
26,210,1515
26,211,256
26,212,178
26,213,334
26,214,206
26,215,354
26,216,176
26,217,247
26,218,193
26,219,276
26,220,205
26,221,687
26,222,205
26,223,281
26,224,216
26,225,299
26,226,219
26,227,310
26,228,223
26,229,313
26,230,246
26,231,311
26,232,251
26,233,342
26,234,266
26,235,3495
26,236,287
26,237,370
26,238,360
26,239,391
26,240,335
26,241,404
26,242,362
26,243,432
26,244,377
26,245,634
26,246,464
26,247,473
26,248,426
26,249,513
26,250,443
26,251,519
26,252,481
26,253,524
26,254,553
26,255,510
26,256,430
27,1,286
27,2,326
27,3,304
27,4,330
27,5,305
27,6,329
27,7,333
27,8,565
27,9,326
27,10,365
27,11,323
27,12,351
27,13,387
27,14,362
27,15,342
27,16,368
27,17,325
27,18,358
27,19,321
27,20,353
27,21,312
27,22,364
27,23,2403
27,24,359
27,25,335
27,26,359
27,27,354
27,28,806
27,29,338
27,30,436
27,31,350
27,32,378
27,33,345
27,34,390
27,35,358
27,36,385
27,37,388
27,38,510
27,39,378
27,40,404
27,41,363
27,42,405
27,43,367
27,44,379
27,45,301
27,46,305
27,47,246
27,48,237
27,49,254
27,50,220
27,51,302
27,52,300
27,53,210
27,54,239
27,55,240
27,56,234
27,57,211
27,58,233
27,59,360
27,60,234
27,61,245
27,62,233
27,63,208
27,64,283
27,65,210
27,66,223
27,67,230
27,68,258
27,69,216
27,70,228
27,71,392
27,72,220
27,73,327
27,74,223
27,75,232
27,76,257
27,77,241
27,78,233
27,79,220
27,80,242
27,81,213
27,82,205
27,83,217
27,84,211
27,85,198
27,86,210
27,87,209
27,88,265
27,89,202
27,90,216
27,91,215
27,92,256
27,93,203
27,94,204
27,95,220
27,96,200
27,97,218
27,98,204
27,99,219
27,100,207
27,101,203
27,102,199
27,103,267
27,104,203
27,105,200
27,106,188
27,107,199
27,108,203
27,109,200
27,110,191
27,111,199
27,112,195
27,113,185
27,114,200
27,115,189
27,116,195
27,117,187
27,118,197
27,119,213
27,120,193
27,121,181
27,122,198
27,123,172
27,124,212
27,125,169
27,126,189
27,127,179
27,128,184
27,129,155
27,130,182
27,131,155
27,132,163
27,133,150
27,134,130
27,135,162
27,136,112
27,137,138
27,138,133
27,139,155
27,140,129
27,141,136
27,142,120
27,143,1518
27,144,420
27,145,162
27,146,122
27,147,142
27,148,215
27,149,145
27,150,138
27,151,142
27,152,136
27,153,146
27,154,130
27,155,185
27,156,144
27,157,182
27,158,158
27,159,163
27,160,191
27,161,181
27,162,147
27,163,154
27,164,146
27,165,154
27,166,154
27,167,158
27,168,149
27,169,161
27,170,171
27,171,185
27,172,155
27,173,169
27,174,186
27,175,160
27,176,153
27,177,171
27,178,194
27,179,1854
27,180,162
27,181,195
27,182,166
27,183,211
27,184,176
27,185,199
27,186,148
27,187,174
27,188,194
27,189,188
27,190,150
27,191,210
27,192,164
27,193,188
27,194,153
27,195,186
27,196,158
27,197,214
27,198,192
27,199,198
27,200,169
27,201,203
27,202,175
27,203,200
27,204,165
27,205,208
27,206,172
27,207,214
27,208,174
27,209,223
27,210,1514
27,211,255
27,212,178
27,213,332
27,214,205
27,215,349
27,216,180
27,217,247
27,218,193
27,219,278
27,220,203
27,221,692
27,222,213
27,223,294
27,224,218
27,225,299
27,226,219
27,227,310
27,228,223
27,229,341
27,230,262
27,231,310
27,232,250
27,233,341
27,234,266
27,235,3480
27,236,286
27,237,369
27,238,373
27,239,405
27,240,335
27,241,405
27,242,362
27,243,430
27,244,376
27,245,633
27,246,467
27,247,474
27,248,423
27,249,511
27,250,444
27,251,520
27,252,479
27,253,524
27,254,553
27,255,512
27,256,429
28,1,286
28,2,326
28,3,304
28,4,330
28,5,305
28,6,329
28,7,333
28,8,565
28,9,326
28,10,365
28,11,323
28,12,351
28,13,387
28,14,362
28,15,342
28,16,368
28,17,325
28,18,358
28,19,321
28,20,353
28,21,312
28,22,364
28,23,2403
28,24,359
28,25,335
28,26,359
28,27,354
28,28,806
28,29,338
28,30,436
28,31,350
28,32,378
28,33,345
28,34,390
28,35,358
28,36,385
28,37,388
28,38,510
28,39,378
28,40,404
28,41,363
28,42,405
28,43,367
28,44,379
28,45,301
28,46,305
28,47,246
28,48,237
28,49,254
28,50,220
28,51,302
28,52,300
28,53,210
28,54,239
28,55,240
28,56,234
28,57,211
28,58,233
28,59,360
28,60,234
28,61,245
28,62,233
28,63,208
28,64,283
28,65,210
28,66,223
28,67,230
28,68,258
28,69,216
28,70,228
28,71,392
28,72,220
28,73,327
28,74,223
28,75,232
28,76,257
28,77,241
28,78,233
28,79,220
28,80,242
28,81,213
28,82,205
28,83,217
28,84,211
28,85,198
28,86,210
28,87,209
28,88,265
28,89,202
28,90,216
28,91,215
28,92,256
28,93,203
28,94,204
28,95,220
28,96,200
28,97,218
28,98,204
28,99,219
28,100,207
28,101,203
28,102,199
28,103,267
28,104,203
28,105,200
28,106,188
28,107,199
28,108,203
28,109,200
28,110,191
28,111,199
28,112,195
28,113,185
28,114,200
28,115,189
28,116,195
28,117,187
28,118,197
28,119,213
28,120,193
28,121,181
28,122,198
28,123,172
28,124,212
28,125,169
28,126,189
28,127,179
28,128,184
28,129,155
28,130,182
28,131,155
28,132,163
28,133,150
28,134,130
28,135,162
28,136,112
28,137,138
28,138,133
28,139,155
28,140,129
28,141,136
28,142,120
28,143,1518
28,144,420
28,145,162
28,146,122
28,147,142
28,148,215
28,149,145
28,150,138
28,151,142
28,152,136
28,153,146
28,154,130
28,155,185
28,156,144
28,157,182
28,158,158
28,159,163
28,160,191
28,161,181
28,162,147
28,163,154
28,164,146
28,165,154
28,166,154
28,167,158
28,168,149
28,169,161
28,170,171
28,171,185
28,172,155
28,173,169
28,174,186
28,175,160
28,176,153
28,177,171
28,178,194
28,179,1854
28,180,162
28,181,195
28,182,166
28,183,211
28,184,176
28,185,199
28,186,148
28,187,174
28,188,194
28,189,188
28,190,150
28,191,210
28,192,164
28,193,188
28,194,153
28,195,186
28,196,158
28,197,214
28,198,192
28,199,198
28,200,169
28,201,203
28,202,175
28,203,200
28,204,165
28,205,208
28,206,172
28,207,214
28,208,174
28,209,223
28,210,1514
28,211,255
28,212,178
28,213,332
28,214,205
28,215,349
28,216,180
28,217,247
28,218,193
28,219,278
28,220,203
28,221,692
28,222,213
28,223,294
28,224,218
28,225,299
28,226,219
28,227,310
28,228,223
28,229,341
28,230,262
28,231,310
28,232,250
28,233,341
28,234,266
28,235,3480
28,236,286
28,237,369
28,238,373
28,239,405
28,240,335
28,241,405
28,242,362
28,243,430
28,244,376
28,245,633
28,246,467
28,247,474
28,248,423
28,249,511
28,250,444
28,251,520
28,252,479
28,253,524
28,254,553
28,255,512
28,256,429
29,1,285
29,2,325
29,3,303
29,4,330
29,5,303
29,6,330
29,7,334
29,8,562
29,9,324
29,10,365
29,11,323
29,12,352
29,13,386
29,14,365
29,15,342
29,16,369
29,17,324
29,18,360
29,19,322
29,20,354
29,21,311
29,22,365
29,23,2411
29,24,359
29,25,334
29,26,360
29,27,352
29,28,808
29,29,338
29,30,446
29,31,350
29,32,379
29,33,346
29,34,392
29,35,359
29,36,387
29,37,389
29,38,508
29,39,379
29,40,405
29,41,364
29,42,407
29,43,370
29,44,381
29,45,301
29,46,308
29,47,246
29,48,239
29,49,262
29,50,221
29,51,300
29,52,297
29,53,209
29,54,241
29,55,241
29,56,237
29,57,210
29,58,234
29,59,359
29,60,234
29,61,244
29,62,232
29,63,210
29,64,285
29,65,210
29,66,224
29,67,229
29,68,257
29,69,216
29,70,229
29,71,391
29,72,222
29,73,326
29,74,225
29,75,232
29,76,257
29,77,237
29,78,232
29,79,219
29,80,243
29,81,212
29,82,207
29,83,216
29,84,211
29,85,197
29,86,211
29,87,208
29,88,266
29,89,203
29,90,217
29,91,214
29,92,251
29,93,202
29,94,204
29,95,220
29,96,201
29,97,218
29,98,206
29,99,219
29,100,208
29,101,203
29,102,201
29,103,273
29,104,203
29,105,199
29,106,190
29,107,199
29,108,202
29,109,199
29,110,192
29,111,199
29,112,197
29,113,185
29,114,201
29,115,189
29,116,196
29,117,186
29,118,196
29,119,214
29,120,194
29,121,181
29,122,199
29,123,173
29,124,214
29,125,169
29,126,193
29,127,179
29,128,185
29,129,155
29,130,183
29,131,154
29,132,165
29,133,149
29,134,132
29,135,162
29,136,112
29,137,137
29,138,133
29,139,155
29,140,129
29,141,135
29,142,120
29,143,1519
29,144,421
29,145,157
29,146,123
29,147,141
29,148,216
29,149,145
29,150,139
29,151,142
29,152,139
29,153,145
29,154,132
29,155,185
29,156,145
29,157,184
29,158,158
29,159,164
29,160,193
29,161,180
29,162,148
29,163,153
29,164,148
29,165,153
29,166,154
29,167,157
29,168,150
29,169,161
29,170,172
29,171,184
29,172,156
29,173,167
29,174,191
29,175,158
29,176,154
29,177,170
29,178,194
29,179,1852
29,180,164
29,181,194
29,182,166
29,183,208
29,184,176
29,185,200
29,186,147
29,187,175
29,188,195
29,189,187
29,190,151
29,191,209
29,192,166
29,193,186
29,194,151
29,195,186
29,196,159
29,197,215
29,198,193
29,199,185
29,200,169
29,201,203
29,202,179
29,203,199
29,204,165
29,205,208
29,206,176
29,207,214
29,208,175
29,209,222
29,210,1514
29,211,256
29,212,178
29,213,334
29,214,206
29,215,355
29,216,177
29,217,247
29,218,193
29,219,276
29,220,204
29,221,685
29,222,206
29,223,281
29,224,216
29,225,298
29,226,222
29,227,310
29,228,224
29,229,314
29,230,246
29,231,310
29,232,251
29,233,342
29,234,266
29,235,3499
29,236,286
29,237,368
29,238,362
29,239,390
29,240,335
29,241,404
29,242,364
29,243,431
29,244,378
29,245,634
29,246,460
29,247,473
29,248,425
29,249,510
29,250,445
29,251,518
29,252,482
29,253,525
29,254,554
29,255,512
29,256,432
30,1,285
30,2,325
30,3,303
30,4,330
30,5,303
30,6,330
30,7,334
30,8,562
30,9,324
30,10,365
30,11,323
30,12,352
30,13,386
30,14,365
30,15,342
30,16,369
30,17,324
30,18,360
30,19,322
30,20,354
30,21,311
30,22,365
30,23,2411
30,24,359
30,25,334
30,26,360
30,27,352
30,28,808
30,29,338
30,30,446
30,31,350
30,32,379
30,33,346
30,34,392
30,35,359
30,36,387
30,37,389
30,38,508
30,39,379
30,40,405
30,41,364
30,42,407
30,43,370
30,44,381
30,45,301
30,46,308
30,47,246
30,48,239
30,49,262
30,50,221
30,51,300
30,52,297
30,53,209
30,54,241
30,55,241
30,56,237
30,57,210
30,58,234
30,59,359
30,60,234
30,61,244
30,62,232
30,63,210
30,64,285
30,65,210
30,66,224
30,67,229
30,68,257
30,69,216
30,70,229
30,71,391
30,72,222
30,73,326
30,74,225
30,75,232
30,76,257
30,77,237
30,78,232
30,79,219
30,80,243
30,81,212
30,82,207
30,83,216
30,84,211
30,85,197
30,86,211
30,87,208
30,88,266
30,89,203
30,90,217
30,91,214
30,92,251
30,93,202
30,94,204
30,95,220
30,96,201
30,97,218
30,98,206
30,99,219
30,100,208
30,101,203
30,102,201
30,103,273
30,104,203
30,105,199
30,106,190
30,107,199
30,108,202
30,109,199
30,110,192
30,111,199
30,112,197
30,113,185
30,114,201
30,115,189
30,116,196
30,117,186
30,118,196
30,119,214
30,120,194
30,121,181
30,122,199
30,123,173
30,124,214
30,125,169
30,126,193
30,127,179
30,128,185
30,129,155
30,130,183
30,131,154
30,132,165
30,133,149
30,134,132
30,135,162
30,136,112
30,137,137
30,138,133
30,139,155
30,140,129
30,141,135
30,142,120
30,143,1519
30,144,421
30,145,157
30,146,123
30,147,141
30,148,216
30,149,145
30,150,139
30,151,142
30,152,139
30,153,145
30,154,132
30,155,185
30,156,145
30,157,184
30,158,158
30,159,164
30,160,193
30,161,180
30,162,148
30,163,153
30,164,148
30,165,153
30,166,154
30,167,157
30,168,150
30,169,161
30,170,172
30,171,184
30,172,156
30,173,167
30,174,191
30,175,158
30,176,154
30,177,170
30,178,194
30,179,1852
30,180,164
30,181,194
30,182,166
30,183,208
30,184,176
30,185,200
30,186,147
30,187,175
30,188,195
30,189,187
30,190,151
30,191,209
30,192,166
30,193,186
30,194,151
30,195,186
30,196,159
30,197,215
30,198,193
30,199,185
30,200,169
30,201,203
30,202,179
30,203,199
30,204,165
30,205,208
30,206,176
30,207,214
30,208,175
30,209,222
30,210,1514
30,211,256
30,212,178
30,213,334
30,214,206
30,215,355
30,216,177
30,217,247
30,218,193
30,219,276
30,220,204
30,221,685
30,222,206
30,223,281
30,224,216
30,225,298
30,226,222
30,227,310
30,228,224
30,229,314
30,230,246
30,231,310
30,232,251
30,233,342
30,234,266
30,235,3499
30,236,286
30,237,368
30,238,362
30,239,390
30,240,335
30,241,404
30,242,364
30,243,431
30,244,378
30,245,634
30,246,460
30,247,473
30,248,425
30,249,510
30,250,445
30,251,518
30,252,482
30,253,525
30,254,554
30,255,512
30,256,432
31,1,286
31,2,328
31,3,304
31,4,331
31,5,303
31,6,329
31,7,335
31,8,562
31,9,325
31,10,364
31,11,323
31,12,353
31,13,387
31,14,363
31,15,341
31,16,369
31,17,325
31,18,359
31,19,321
31,20,354
31,21,311
31,22,365
31,23,2461
31,24,358
31,25,334
31,26,359
31,27,354
31,28,808
31,29,337
31,30,439
31,31,350
31,32,378
31,33,344
31,34,392
31,35,357
31,36,388
31,37,390
31,38,510
31,39,379
31,40,405
31,41,364
31,42,409
31,43,371
31,44,383
31,45,301
31,46,309
31,47,246
31,48,238
31,49,255
31,50,221
31,51,300
31,52,296
31,53,211
31,54,241
31,55,242
31,56,236
31,57,211
31,58,235
31,59,360
31,60,234
31,61,244
31,62,233
31,63,208
31,64,284
31,65,210
31,66,225
31,67,229
31,68,258
31,69,214
31,70,230
31,71,392
31,72,221
31,73,330
31,74,224
31,75,231
31,76,258
31,77,237
31,78,231
31,79,219
31,80,245
31,81,213
31,82,207
31,83,216
31,84,211
31,85,197
31,86,210
31,87,207
31,88,267
31,89,203
31,90,217
31,91,214
31,92,254
31,93,203
31,94,204
31,95,219
31,96,201
31,97,218
31,98,204
31,99,219
31,100,209
31,101,202
31,102,199
31,103,299
31,104,203
31,105,198
31,106,189
31,107,199
31,108,203
31,109,200
31,110,193
31,111,198
31,112,197
31,113,184
31,114,201
31,115,187
31,116,196
31,117,187
31,118,197
31,119,212
31,120,196
31,121,182
31,122,198
31,123,172
31,124,212
31,125,167
31,126,191
31,127,180
31,128,185
31,129,155
31,130,183
31,131,154
31,132,167
31,133,149
31,134,131
31,135,161
31,136,113
31,137,137
31,138,133
31,139,154
31,140,130
31,141,135
31,142,121
31,143,1521
31,144,422
31,145,156
31,146,122
31,147,142
31,148,216
31,149,143
31,150,139
31,151,142
31,152,138
31,153,145
31,154,131
31,155,185
31,156,146
31,157,184
31,158,159
31,159,163
31,160,191
31,161,179
31,162,147
31,163,153
31,164,147
31,165,155
31,166,155
31,167,157
31,168,150
31,169,162
31,170,172
31,171,185
31,172,155
31,173,168
31,174,192
31,175,158
31,176,154
31,177,172
31,178,195
31,179,1852
31,180,164
31,181,194
31,182,166
31,183,209
31,184,177
31,185,200
31,186,148
31,187,174
31,188,194
31,189,188
31,190,150
31,191,209
31,192,165
31,193,187
31,194,152
31,195,185
31,196,159
31,197,214
31,198,191
31,199,185
31,200,169
31,201,202
31,202,178
31,203,200
31,204,163
31,205,208
31,206,174
31,207,212
31,208,174
31,209,222
31,210,1514
31,211,255
31,212,177
31,213,333
31,214,206
31,215,356
31,216,177
31,217,248
31,218,193
31,219,276
31,220,204
31,221,687
31,222,202
31,223,279
31,224,217
31,225,300
31,226,220
31,227,309
31,228,223
31,229,314
31,230,246
31,231,309
31,232,250
31,233,341
31,234,266
31,235,3504
31,236,287
31,237,367
31,238,361
31,239,393
31,240,335
31,241,403
31,242,363
31,243,431
31,244,377
31,245,633
31,246,465
31,247,472
31,248,425
31,249,511
31,250,445
31,251,519
31,252,482
31,253,525
31,254,548
31,255,512
31,256,431
32,1,286
32,2,328
32,3,304
32,4,331
32,5,303
32,6,329
32,7,335
32,8,562
32,9,325
32,10,364
32,11,323
32,12,353
32,13,387
32,14,363
32,15,341
32,16,369
32,17,325
32,18,359
32,19,321
32,20,354
32,21,311
32,22,365
32,23,2461
32,24,358
32,25,334
32,26,359
32,27,354
32,28,808
32,29,337
32,30,439
32,31,350
32,32,378
32,33,344
32,34,392
32,35,357
32,36,388
32,37,390
32,38,510
32,39,379
32,40,405
32,41,364
32,42,409
32,43,371
32,44,383
32,45,301
32,46,309
32,47,246
32,48,238
32,49,255
32,50,221
32,51,300
32,52,296
32,53,211
32,54,241
32,55,242
32,56,236
32,57,211
32,58,235
32,59,360
32,60,234
32,61,244
32,62,233
32,63,208
32,64,284
32,65,210
32,66,225
32,67,229
32,68,258
32,69,214
32,70,230
32,71,392
32,72,221
32,73,330
32,74,224
32,75,231
32,76,258
32,77,237
32,78,231
32,79,219
32,80,245
32,81,213
32,82,207
32,83,216
32,84,211
32,85,197
32,86,210
32,87,207
32,88,267
32,89,203
32,90,217
32,91,214
32,92,254
32,93,203
32,94,204
32,95,219
32,96,201
32,97,218
32,98,204
32,99,219
32,100,209
32,101,202
32,102,199
32,103,299
32,104,203
32,105,198
32,106,189
32,107,199
32,108,203
32,109,200
32,110,193
32,111,198
32,112,197
32,113,184
32,114,201
32,115,187
32,116,196
32,117,187
32,118,197
32,119,212
32,120,196
32,121,182
32,122,198
32,123,172
32,124,212
32,125,167
32,126,191
32,127,180
32,128,185
32,129,155
32,130,183
32,131,154
32,132,167
32,133,149
32,134,131
32,135,161
32,136,113
32,137,137
32,138,133
32,139,154
32,140,130
32,141,135
32,142,121
32,143,1521
32,144,422
32,145,156
32,146,122
32,147,142
32,148,216
32,149,143
32,150,139
32,151,142
32,152,138
32,153,145
32,154,131
32,155,185
32,156,146
32,157,184
32,158,159
32,159,163
32,160,191
32,161,179
32,162,147
32,163,153
32,164,147
32,165,155
32,166,155
32,167,157
32,168,150
32,169,162
32,170,172
32,171,185
32,172,155
32,173,168
32,174,192
32,175,158
32,176,154
32,177,172
32,178,195
32,179,1852
32,180,164
32,181,194
32,182,166
32,183,209
32,184,177
32,185,200
32,186,148
32,187,174
32,188,194
32,189,188
32,190,150
32,191,209
32,192,165
32,193,187
32,194,152
32,195,185
32,196,159
32,197,214
32,198,191
32,199,185
32,200,169
32,201,202
32,202,178
32,203,200
32,204,163
32,205,208
32,206,174
32,207,212
32,208,174
32,209,222
32,210,1514
32,211,255
32,212,177
32,213,333
32,214,206
32,215,356
32,216,177
32,217,248
32,218,193
32,219,276
32,220,204
32,221,687
32,222,202
32,223,279
32,224,217
32,225,300
32,226,220
32,227,309
32,228,223
32,229,314
32,230,246
32,231,309
32,232,250
32,233,341
32,234,266
32,235,3504
32,236,287
32,237,367
32,238,361
32,239,393
32,240,335
32,241,403
32,242,363
32,243,431
32,244,377
32,245,633
32,246,465
32,247,472
32,248,425
32,249,511
32,250,445
32,251,519
32,252,482
32,253,525
32,254,548
32,255,512
32,256,431
