Line,Band,Value
1,1,286
1,2,324
1,3,303
1,4,329
1,5,305
1,6,329
1,7,334
1,8,570
1,9,323
1,10,365
1,11,323
1,12,353
1,13,386
1,14,364
1,15,343
1,16,369
1,17,326
1,18,362
1,19,321
1,20,353
1,21,314
1,22,366
1,23,2411
1,24,362
1,25,336
1,26,363
1,27,357
1,28,811
1,29,343
1,30,458
1,31,363
1,32,392
1,33,363
1,34,412
1,35,381
1,36,413
1,37,419
1,38,535
1,39,411
1,40,437
1,41,401
1,42,443
1,43,416
1,44,424
1,45,340
1,46,346
1,47,285
1,48,252
1,49,273
1,50,233
1,51,317
1,52,331
1,53,241
1,54,269
1,55,273
1,56,266
1,57,239
1,58,262
1,59,386
1,60,260
1,61,270
1,62,258
1,63,233
1,64,307
1,65,234
1,66,246
1,67,250
1,68,279
1,69,235
1,70,249
1,71,410
1,72,240
1,73,350
1,74,245
1,75,249
1,76,277
1,77,256
1,78,247
1,79,237
1,80,260
1,81,229
1,82,223
1,83,233
1,84,227
1,85,213
1,86,224
1,87,224
1,88,280
1,89,219
1,90,231
1,91,229
1,92,266
1,93,216
1,94,218
1,95,232
1,96,214
1,97,231
1,98,219
1,99,233
1,100,221
1,101,216
1,102,211
1,103,278
1,104,215
1,105,211
1,106,200
1,107,209
1,108,214
1,109,212
1,110,203
1,111,209
1,112,208
1,113,194
1,114,208
1,115,198
1,116,205
1,117,197
1,118,205
1,119,223
1,120,201
1,121,189
1,122,209
1,123,181
1,124,221
1,125,193
1,126,199
1,127,188
1,128,192
1,129,162
1,130,190
1,131,161
1,132,173
1,133,156
1,134,136
1,135,167
1,136,117
1,137,141
1,138,137
1,139,159
1,140,133
1,141,139
1,142,122
1,143,1520
1,144,423
1,145,159
1,146,125
1,147,143
1,148,213
1,149,146
1,150,142
1,151,146
1,152,140
1,153,146
1,154,132
1,155,187
1,156,146
1,157,186
1,158,160
1,159,168
1,160,197
1,161,181
1,162,148
1,163,155
1,164,149
1,165,156
1,166,155
1,167,158
1,168,151
1,169,163
1,170,172
1,171,187
1,172,157
1,173,170
1,174,188
1,175,161
1,176,155
1,177,173
1,178,192
1,179,1849
1,180,164
1,181,195
1,182,168
1,183,211
1,184,175
1,185,200
1,186,148
1,187,174
1,188,192
1,189,188
1,190,149
1,191,210
1,192,163
1,193,187
1,194,151
1,195,186
1,196,159
1,197,213
1,198,193
1,199,183
1,200,168
1,201,202
1,202,176
1,203,200
1,204,164
1,205,208
1,206,173
1,207,213
1,208,173
1,209,222
1,210,1511
1,211,254
1,212,175
1,213,333
1,214,205
1,215,351
1,216,176
1,217,245
1,218,191
1,219,274
1,220,203
1,221,713
1,222,203
1,223,279
1,224,213
1,225,297
1,226,217
1,227,307
1,228,221
1,229,312
1,230,243
1,231,308
1,232,247
1,233,338
1,234,264
1,235,3484
1,236,283
1,237,364
1,238,356
1,239,386
1,240,330
1,241,398
1,242,366
1,243,427
1,244,372
1,245,629
1,246,459
1,247,465
1,248,420
1,249,502
1,250,438
1,251,512
1,252,474
1,253,520
1,254,544
1,255,506
1,256,426
2,1,286
2,2,324
2,3,303
2,4,329
2,5,305
2,6,329
2,7,334
2,8,570
2,9,323
2,10,365
2,11,323
2,12,353
2,13,386
2,14,364
2,15,343
2,16,369
2,17,326
2,18,362
2,19,321
2,20,353
2,21,314
2,22,366
2,23,2411
2,24,362
2,25,336
2,26,363
2,27,357
2,28,811
2,29,343
2,30,458
2,31,363
2,32,392
2,33,363
2,34,412
2,35,381
2,36,413
2,37,419
2,38,535
2,39,411
2,40,437
2,41,401
2,42,443
2,43,416
2,44,424
2,45,340
2,46,346
2,47,285
2,48,252
2,49,273
2,50,233
2,51,317
2,52,331
2,53,241
2,54,269
2,55,273
2,56,266
2,57,239
2,58,262
2,59,386
2,60,260
2,61,270
2,62,258
2,63,233
2,64,307
2,65,234
2,66,246
2,67,250
2,68,279
2,69,235
2,70,249
2,71,410
2,72,240
2,73,350
2,74,245
2,75,249
2,76,277
2,77,256
2,78,247
2,79,237
2,80,260
2,81,229
2,82,223
2,83,233
2,84,227
2,85,213
2,86,224
2,87,224
2,88,280
2,89,219
2,90,231
2,91,229
2,92,266
2,93,216
2,94,218
2,95,232
2,96,214
2,97,231
2,98,219
2,99,233
2,100,221
2,101,216
2,102,211
2,103,278
2,104,215
2,105,211
2,106,200
2,107,209
2,108,214
2,109,212
2,110,203
2,111,209
2,112,208
2,113,194
2,114,208
2,115,198
2,116,205
2,117,197
2,118,205
2,119,223
2,120,201
2,121,189
2,122,209
2,123,181
2,124,221
2,125,193
2,126,199
2,127,188
2,128,192
2,129,162
2,130,190
2,131,161
2,132,173
2,133,156
2,134,136
2,135,167
2,136,117
2,137,141
2,138,137
2,139,159
2,140,133
2,141,139
2,142,122
2,143,1520
2,144,423
2,145,159
2,146,125
2,147,143
2,148,213
2,149,146
2,150,142
2,151,146
2,152,140
2,153,146
2,154,132
2,155,187
2,156,146
2,157,186
2,158,160
2,159,168
2,160,197
2,161,181
2,162,148
2,163,155
2,164,149
2,165,156
2,166,155
2,167,158
2,168,151
2,169,163
2,170,172
2,171,187
2,172,157
2,173,170
2,174,188
2,175,161
2,176,155
2,177,173
2,178,192
2,179,1849
2,180,164
2,181,195
2,182,168
2,183,211
2,184,175
2,185,200
2,186,148
2,187,174
2,188,192
2,189,188
2,190,149
2,191,210
2,192,163
2,193,187
2,194,151
2,195,186
2,196,159
2,197,213
2,198,193
2,199,183
2,200,168
2,201,202
2,202,176
2,203,200
2,204,164
2,205,208
2,206,173
2,207,213
2,208,173
2,209,222
2,210,1511
2,211,254
2,212,175
2,213,333
2,214,205
2,215,351
2,216,176
2,217,245
2,218,191
2,219,274
2,220,203
2,221,713
2,222,203
2,223,279
2,224,213
2,225,297
2,226,217
2,227,307
2,228,221
2,229,312
2,230,243
2,231,308
2,232,247
2,233,338
2,234,264
2,235,3484
2,236,283
2,237,364
2,238,356
2,239,386
2,240,330
2,241,398
2,242,366
2,243,427
2,244,372
2,245,629
2,246,459
2,247,465
2,248,420
2,249,502
2,250,438
2,251,512
2,252,474
2,253,520
2,254,544
2,255,506
2,256,426
3,1,284
3,2,326
3,3,301
3,4,329
3,5,303
3,6,329
3,7,334
3,8,574
3,9,327
3,10,365
3,11,323
3,12,351
3,13,387
3,14,363
3,15,342
3,16,368
3,17,327
3,18,361
3,19,322
3,20,354
3,21,312
3,22,367
3,23,2412
3,24,362
3,25,337
3,26,361
3,27,356
3,28,814
3,29,344
3,30,448
3,31,363
3,32,392
3,33,361
3,34,413
3,35,382
3,36,412
3,37,418
3,38,534
3,39,413
3,40,439
3,41,398
3,42,444
3,43,416
3,44,422
3,45,341
3,46,344
3,47,283
3,48,251
3,49,269
3,50,232
3,51,321
3,52,328
3,53,241
3,54,270
3,55,272
3,56,265
3,57,239
3,58,261
3,59,386
3,60,260
3,61,269
3,62,256
3,63,234
3,64,307
3,65,233
3,66,246
3,67,250
3,68,280
3,69,236
3,70,250
3,71,411
3,72,240
3,73,349
3,74,243
3,75,251
3,76,277
3,77,255
3,78,247
3,79,237
3,80,260
3,81,229
3,82,224
3,83,232
3,84,226
3,85,213
3,86,226
3,87,226
3,88,280
3,89,218
3,90,230
3,91,229
3,92,267
3,93,216
3,94,219
3,95,233
3,96,215
3,97,230
3,98,219
3,99,232
3,100,221
3,101,215
3,102,212
3,103,283
3,104,215
3,105,210
3,106,200
3,107,208
3,108,214
3,109,210
3,110,202
3,111,209
3,112,207
3,113,194
3,114,210
3,115,198
3,116,206
3,117,196
3,118,206
3,119,223
3,120,204
3,121,191
3,122,206
3,123,181
3,124,223
3,125,175
3,126,199
3,127,188
3,128,192
3,129,162
3,130,190
3,131,160
3,132,174
3,133,157
3,134,137
3,135,166
3,136,116
3,137,142
3,138,137
3,139,159
3,140,133
3,141,138
3,142,122
3,143,1522
3,144,424
3,145,159
3,146,124
3,147,143
3,148,211
3,149,147
3,150,140
3,151,145
3,152,140
3,153,146
3,154,134
3,155,186
3,156,147
3,157,185
3,158,161
3,159,165
3,160,196
3,161,182
3,162,148
3,163,154
3,164,148
3,165,154
3,166,155
3,167,159
3,168,151
3,169,163
3,170,172
3,171,186
3,172,156
3,173,169
3,174,189
3,175,160
3,176,154
3,177,173
3,178,192
3,179,1845
3,180,164
3,181,196
3,182,169
3,183,213
3,184,176
3,185,200
3,186,148
3,187,174
3,188,193
3,189,188
3,190,149
3,191,209
3,192,164
3,193,186
3,194,150
3,195,186
3,196,158
3,197,214
3,198,192
3,199,185
3,200,169
3,201,203
3,202,176
3,203,200
3,204,163
3,205,207
3,206,173
3,207,213
3,208,173
3,209,220
3,210,1512
3,211,255
3,212,176
3,213,338
3,214,204
3,215,350
3,216,176
3,217,246
3,218,191
3,219,276
3,220,203
3,221,724
3,222,204
3,223,279
3,224,213
3,225,296
3,226,218
3,227,308
3,228,220
3,229,311
3,230,242
3,231,307
3,232,248
3,233,339
3,234,263
3,235,3498
3,236,280
3,237,365
3,238,356
3,239,387
3,240,330
3,241,400
3,242,366
3,243,428
3,244,372
3,245,629
3,246,455
3,247,466
3,248,419
3,249,506
3,250,438
3,251,513
3,252,473
3,253,519
3,254,540
3,255,506
3,256,425
4,1,284
4,2,326
4,3,301
4,4,329
4,5,303
4,6,329
4,7,334
4,8,574
4,9,327
4,10,365
4,11,323
4,12,351
4,13,387
4,14,363
4,15,342
4,16,368
4,17,327
4,18,361
4,19,322
4,20,354
4,21,312
4,22,367
4,23,2412
4,24,362
4,25,337
4,26,361
4,27,356
4,28,814
4,29,344
4,30,448
4,31,363
4,32,392
4,33,361
4,34,413
4,35,382
4,36,412
4,37,418
4,38,534
4,39,413
4,40,439
4,41,398
4,42,444
4,43,416
4,44,422
4,45,341
4,46,344
4,47,283
4,48,251
4,49,269
4,50,232
4,51,321
4,52,328
4,53,241
4,54,270
4,55,272
4,56,265
4,57,239
4,58,261
4,59,386
4,60,260
4,61,269
4,62,256
4,63,234
4,64,307
4,65,233
4,66,246
4,67,250
4,68,280
4,69,236
4,70,250
4,71,411
4,72,240
4,73,349
4,74,243
4,75,251
4,76,277
4,77,255
4,78,247
4,79,237
4,80,260
4,81,229
4,82,224
4,83,232
4,84,226
4,85,213
4,86,226
4,87,226
4,88,280
4,89,218
4,90,230
4,91,229
4,92,267
4,93,216
4,94,219
4,95,233
4,96,215
4,97,230
4,98,219
4,99,232
4,100,221
4,101,215
4,102,212
4,103,283
4,104,215
4,105,210
4,106,200
4,107,208
4,108,214
4,109,210
4,110,202
4,111,209
4,112,207
4,113,194
4,114,210
4,115,198
4,116,206
4,117,196
4,118,206
4,119,223
4,120,204
4,121,191
4,122,206
4,123,181
4,124,223
4,125,175
4,126,199
4,127,188
4,128,192
4,129,162
4,130,190
4,131,160
4,132,174
4,133,157
4,134,137
4,135,166
4,136,116
4,137,142
4,138,137
4,139,159
4,140,133
4,141,138
4,142,122
4,143,1522
4,144,424
4,145,159
4,146,124
4,147,143
4,148,211
4,149,147
4,150,140
4,151,145
4,152,140
4,153,146
4,154,134
4,155,186
4,156,147
4,157,185
4,158,161
4,159,165
4,160,196
4,161,182
4,162,148
4,163,154
4,164,148
4,165,154
4,166,155
4,167,159
4,168,151
4,169,163
4,170,172
4,171,186
4,172,156
4,173,169
4,174,189
4,175,160
4,176,154
4,177,173
4,178,192
4,179,1845
4,180,164
4,181,196
4,182,169
4,183,213
4,184,176
4,185,200
4,186,148
4,187,174
4,188,193
4,189,188
4,190,149
4,191,209
4,192,164
4,193,186
4,194,150
4,195,186
4,196,158
4,197,214
4,198,192
4,199,185
4,200,169
4,201,203
4,202,176
4,203,200
4,204,163
4,205,207
4,206,173
4,207,213
4,208,173
4,209,220
4,210,1512
4,211,255
4,212,176
4,213,338
4,214,204
4,215,350
4,216,176
4,217,246
4,218,191
4,219,276
4,220,203
4,221,724
4,222,204
4,223,279
4,224,213
4,225,296
4,226,218
4,227,308
4,228,220
4,229,311
4,230,242
4,231,307
4,232,248
4,233,339
4,234,263
4,235,3498
4,236,280
4,237,365
4,238,356
4,239,387
4,240,330
4,241,400
4,242,366
4,243,428
4,244,372
4,245,629
4,246,455
4,247,466
4,248,419
4,249,506
4,250,438
4,251,513
4,252,473
4,253,519
4,254,540
4,255,506
4,256,425
5,1,285
5,2,325
5,3,299
5,4,330
5,5,303
5,6,331
5,7,333
5,8,571
5,9,326
5,10,365
5,11,323
5,12,352
5,13,386
5,14,363
5,15,345
5,16,367
5,17,326
5,18,362
5,19,322
5,20,354
5,21,313
5,22,368
5,23,2410
5,24,362
5,25,337
5,26,363
5,27,355
5,28,811
5,29,342
5,30,458
5,31,361
5,32,393
5,33,363
5,34,411
5,35,382
5,36,412
5,37,418
5,38,534
5,39,409
5,40,438
5,41,402
5,42,445
5,43,415
5,44,422
5,45,340
5,46,345
5,47,285
5,48,252
5,49,271
5,50,232
5,51,321
5,52,331
5,53,240
5,54,270
5,55,273
5,56,265
5,57,238
5,58,261
5,59,387
5,60,261
5,61,269
5,62,259
5,63,233
5,64,309
5,65,233
5,66,247
5,67,249
5,68,280
5,69,237
5,70,249
5,71,410
5,72,241
5,73,347
5,74,245
5,75,250
5,76,275
5,77,256
5,78,246
5,79,236
5,80,259
5,81,230
5,82,223
5,83,233
5,84,227
5,85,213
5,86,225
5,87,224
5,88,281
5,89,216
5,90,232
5,91,228
5,92,270
5,93,217
5,94,220
5,95,233
5,96,214
5,97,229
5,98,217
5,99,232
5,100,221
5,101,215
5,102,212
5,103,278
5,104,216
5,105,210
5,106,200
5,107,208
5,108,214
5,109,209
5,110,203
5,111,210
5,112,207
5,113,194
5,114,209
5,115,197
5,116,206
5,117,196
5,118,207
5,119,222
5,120,203
5,121,190
5,122,207
5,123,180
5,124,223
5,125,176
5,126,200
5,127,188
5,128,193
5,129,163
5,130,191
5,131,162
5,132,178
5,133,156
5,134,138
5,135,165
5,136,117
5,137,140
5,138,136
5,139,159
5,140,133
5,141,139
5,142,124
5,143,1521
5,144,423
5,145,159
5,146,126
5,147,143
5,148,215
5,149,146
5,150,142
5,151,144
5,152,140
5,153,145
5,154,133
5,155,186
5,156,148
5,157,185
5,158,161
5,159,165
5,160,197
5,161,181
5,162,148
5,163,154
5,164,149
5,165,155
5,166,157
5,167,158
5,168,151
5,169,162
5,170,173
5,171,187
5,172,156
5,173,169
5,174,187
5,175,159
5,176,155
5,177,171
5,178,191
5,179,1847
5,180,165
5,181,195
5,182,167
5,183,211
5,184,176
5,185,198
5,186,148
5,187,173
5,188,193
5,189,189
5,190,150
5,191,208
5,192,164
5,193,185
5,194,149
5,195,185
5,196,160
5,197,214
5,198,191
5,199,184
5,200,169
5,201,201
5,202,177
5,203,199
5,204,164
5,205,207
5,206,174
5,207,213
5,208,174
5,209,222
5,210,1510
5,211,254
5,212,175
5,213,332
5,214,205
5,215,343
5,216,176
5,217,245
5,218,191
5,219,276
5,220,201
5,221,712
5,222,203
5,223,279
5,224,213
5,225,297
5,226,218
5,227,308
5,228,221
5,229,310
5,230,244
5,231,308
5,232,249
5,233,338
5,234,262
5,235,3492
5,236,283
5,237,365
5,238,356
5,239,388
5,240,330
5,241,398
5,242,366
5,243,427
5,244,372
5,245,629
5,246,457
5,247,467
5,248,419
5,249,506
5,250,439
5,251,514
5,252,475
5,253,517
5,254,545
5,255,506
5,256,423
6,1,285
6,2,325
6,3,299
6,4,330
6,5,303
6,6,331
6,7,333
6,8,571
6,9,326
6,10,365
6,11,323
6,12,352
6,13,386
6,14,363
6,15,345
6,16,367
6,17,326
6,18,362
6,19,322
6,20,354
6,21,313
6,22,368
6,23,2410
6,24,362
6,25,337
6,26,363
6,27,355
6,28,811
6,29,342
6,30,458
6,31,361
6,32,393
6,33,363
6,34,411
6,35,382
6,36,412
6,37,418
6,38,534
6,39,409
6,40,438
6,41,402
6,42,445
6,43,415
6,44,422
6,45,340
6,46,345
6,47,285
6,48,252
6,49,271
6,50,232
6,51,321
6,52,331
6,53,240
6,54,270
6,55,273
6,56,265
6,57,238
6,58,261
6,59,387
6,60,261
6,61,269
6,62,259
6,63,233
6,64,309
6,65,233
6,66,247
6,67,249
6,68,280
6,69,237
6,70,249
6,71,410
6,72,241
6,73,347
6,74,245
6,75,250
6,76,275
6,77,256
6,78,246
6,79,236
6,80,259
6,81,230
6,82,223
6,83,233
6,84,227
6,85,213
6,86,225
6,87,224
6,88,281
6,89,216
6,90,232
6,91,228
6,92,270
6,93,217
6,94,220
6,95,233
6,96,214
6,97,229
6,98,217
6,99,232
6,100,221
6,101,215
6,102,212
6,103,278
6,104,216
6,105,210
6,106,200
6,107,208
6,108,214
6,109,209
6,110,203
6,111,210
6,112,207
6,113,194
6,114,209
6,115,197
6,116,206
6,117,196
6,118,207
6,119,222
6,120,203
6,121,190
6,122,207
6,123,180
6,124,223
6,125,176
6,126,200
6,127,188
6,128,193
6,129,163
6,130,191
6,131,162
6,132,178
6,133,156
6,134,138
6,135,165
6,136,117
6,137,140
6,138,136
6,139,159
6,140,133
6,141,139
6,142,124
6,143,1521
6,144,423
6,145,159
6,146,126
6,147,143
6,148,215
6,149,146
6,150,142
6,151,144
6,152,140
6,153,145
6,154,133
6,155,186
6,156,148
6,157,185
6,158,161
6,159,165
6,160,197
6,161,181
6,162,148
6,163,154
6,164,149
6,165,155
6,166,157
6,167,158
6,168,151
6,169,162
6,170,173
6,171,187
6,172,156
6,173,169
6,174,187
6,175,159
6,176,155
6,177,171
6,178,191
6,179,1847
6,180,165
6,181,195
6,182,167
6,183,211
6,184,176
6,185,198
6,186,148
6,187,173
6,188,193
6,189,189
6,190,150
6,191,208
6,192,164
6,193,185
6,194,149
6,195,185
6,196,160
6,197,214
6,198,191
6,199,184
6,200,169
6,201,201
6,202,177
6,203,199
6,204,164
6,205,207
6,206,174
6,207,213
6,208,174
6,209,222
6,210,1510
6,211,254
6,212,175
6,213,332
6,214,205
6,215,343
6,216,176
6,217,245
6,218,191
6,219,276
6,220,201
6,221,712
6,222,203
6,223,279
6,224,213
6,225,297
6,226,218
6,227,308
6,228,221
6,229,310
6,230,244
6,231,308
6,232,249
6,233,338
6,234,262
6,235,3492
6,236,283
6,237,365
6,238,356
6,239,388
6,240,330
6,241,398
6,242,366
6,243,427
6,244,372
6,245,629
6,246,457
6,247,467
6,248,419
6,249,506
6,250,439
6,251,514
6,252,475
6,253,517
6,254,545
6,255,506
6,256,423
7,1,286
7,2,323
7,3,302
7,4,328
7,5,304
7,6,329
7,7,333
7,8,560
7,9,324
7,10,365
7,11,323
7,12,351
7,13,387
7,14,364
7,15,344
7,16,367
7,17,326
7,18,360
7,19,323
7,20,354
7,21,314
7,22,367
7,23,2416
7,24,362
7,25,336
7,26,362
7,27,355
7,28,810
7,29,344
7,30,449
7,31,378
7,32,403
7,33,364
7,34,412
7,35,381
7,36,411
7,37,418
7,38,538
7,39,411
7,40,438
7,41,400
7,42,444
7,43,416
7,44,422
7,45,340
7,46,345
7,47,285
7,48,250
7,49,268
7,50,231
7,51,324
7,52,327
7,53,241
7,54,270
7,55,273
7,56,264
7,57,239
7,58,261
7,59,387
7,60,260
7,61,272
7,62,258
7,63,235
7,64,307
7,65,233
7,66,245
7,67,249
7,68,278
7,69,239
7,70,249
7,71,411
7,72,240
7,73,350
7,74,244
7,75,249
7,76,276
7,77,256
7,78,248
7,79,238
7,80,258
7,81,230
7,82,223
7,83,234
7,84,225
7,85,214
7,86,225
7,87,225
7,88,281
7,89,219
7,90,231
7,91,230
7,92,273
7,93,218
7,94,219
7,95,234
7,96,214
7,97,231
7,98,219
7,99,232
7,100,220
7,101,218
7,102,211
7,103,283
7,104,215
7,105,211
7,106,200
7,107,211
7,108,213
7,109,210
7,110,203
7,111,210
7,112,206
7,113,195
7,114,209
7,115,198
7,116,204
7,117,197
7,118,205
7,119,223
7,120,202
7,121,190
7,122,208
7,123,181
7,124,222
7,125,177
7,126,200
7,127,188
7,128,192
7,129,162
7,130,191
7,131,162
7,132,175
7,133,157
7,134,138
7,135,167
7,136,116
7,137,142
7,138,136
7,139,158
7,140,133
7,141,139
7,142,124
7,143,1523
7,144,423
7,145,160
7,146,124
7,147,146
7,148,212
7,149,147
7,150,140
7,151,145
7,152,140
7,153,147
7,154,132
7,155,184
7,156,145
7,157,186
7,158,159
7,159,166
7,160,196
7,161,182
7,162,147
7,163,155
7,164,149
7,165,156
7,166,155
7,167,159
7,168,150
7,169,163
7,170,171
7,171,186
7,172,155
7,173,171
7,174,186
7,175,161
7,176,153
7,177,174
7,178,191
7,179,1861
7,180,165
7,181,196
7,182,168
7,183,213
7,184,175
7,185,201
7,186,147
7,187,174
7,188,193
7,189,188
7,190,150
7,191,210
7,192,163
7,193,187
7,194,151
7,195,186
7,196,159
7,197,215
7,198,190
7,199,184
7,200,168
7,201,203
7,202,177
7,203,200
7,204,163
7,205,209
7,206,173
7,207,214
7,208,173
7,209,221
7,210,1507
7,211,256
7,212,175
7,213,336
7,214,203
7,215,353
7,216,176
7,217,246
7,218,191
7,219,275
7,220,201
7,221,709
7,222,201
7,223,280
7,224,212
7,225,298
7,226,218
7,227,308
7,228,220
7,229,311
7,230,242
7,231,308
7,232,246
7,233,338
7,234,262
7,235,3487
7,236,283
7,237,364
7,238,357
7,239,389
7,240,329
7,241,399
7,242,364
7,243,428
7,244,371
7,245,628
7,246,457
7,247,467
7,248,419
7,249,507
7,250,437
7,251,514
7,252,474
7,253,519
7,254,547
7,255,506
7,256,422
8,1,286
8,2,323
8,3,302
8,4,328
8,5,304
8,6,329
8,7,333
8,8,560
8,9,324
8,10,365
8,11,323
8,12,351
8,13,387
8,14,364
8,15,344
8,16,367
8,17,326
8,18,360
8,19,323
8,20,354
8,21,314
8,22,367
8,23,2416
8,24,362
8,25,336
8,26,362
8,27,355
8,28,810
8,29,344
8,30,449
8,31,378
8,32,403
8,33,364
8,34,412
8,35,381
8,36,411
8,37,418
8,38,538
8,39,411
8,40,438
8,41,400
8,42,444
8,43,416
8,44,422
8,45,340
8,46,345
8,47,285
8,48,250
8,49,268
8,50,231
8,51,324
8,52,327
8,53,241
8,54,270
8,55,273
8,56,264
8,57,239
8,58,261
8,59,387
8,60,260
8,61,272
8,62,258
8,63,235
8,64,307
8,65,233
8,66,245
8,67,249
8,68,278
8,69,239
8,70,249
8,71,411
8,72,240
8,73,350
8,74,244
8,75,249
8,76,276
8,77,256
8,78,248
8,79,238
8,80,258
8,81,230
8,82,223
8,83,234
8,84,225
8,85,214
8,86,225
8,87,225
8,88,281
8,89,219
8,90,231
8,91,230
8,92,273
8,93,218
8,94,219
8,95,234
8,96,214
8,97,231
8,98,219
8,99,232
8,100,220
8,101,218
8,102,211
8,103,283
8,104,215
8,105,211
8,106,200
8,107,211
8,108,213
8,109,210
8,110,203
8,111,210
8,112,206
8,113,195
8,114,209
8,115,198
8,116,204
8,117,197
8,118,205
8,119,223
8,120,202
8,121,190
8,122,208
8,123,181
8,124,222
8,125,177
8,126,200
8,127,188
8,128,192
8,129,162
8,130,191
8,131,162
8,132,175
8,133,157
8,134,138
8,135,167
8,136,116
8,137,142
8,138,136
8,139,158
8,140,133
8,141,139
8,142,124
8,143,1523
8,144,423
8,145,160
8,146,124
8,147,146
8,148,212
8,149,147
8,150,140
8,151,145
8,152,140
8,153,147
8,154,132
8,155,184
8,156,145
8,157,186
8,158,159
8,159,166
8,160,196
8,161,182
8,162,147
8,163,155
8,164,149
8,165,156
8,166,155
8,167,159
8,168,150
8,169,163
8,170,171
8,171,186
8,172,155
8,173,171
8,174,186
8,175,161
8,176,153
8,177,174
8,178,191
8,179,1861
8,180,165
8,181,196
8,182,168
8,183,213
8,184,175
8,185,201
8,186,147
8,187,174
8,188,193
8,189,188
8,190,150
8,191,210
8,192,163
8,193,187
8,194,151
8,195,186
8,196,159
8,197,215
8,198,190
8,199,184
8,200,168
8,201,203
8,202,177
8,203,200
8,204,163
8,205,209
8,206,173
8,207,214
8,208,173
8,209,221
8,210,1507
8,211,256
8,212,175
8,213,336
8,214,203
8,215,353
8,216,176
8,217,246
8,218,191
8,219,275
8,220,201
8,221,709
8,222,201
8,223,280
8,224,212
8,225,298
8,226,218
8,227,308
8,228,220
8,229,311
8,230,242
8,231,308
8,232,246
8,233,338
8,234,262
8,235,3487
8,236,283
8,237,364
8,238,357
8,239,389
8,240,329
8,241,399
8,242,364
8,243,428
8,244,371
8,245,628
8,246,457
8,247,467
8,248,419
8,249,507
8,250,437
8,251,514
8,252,474
8,253,519
8,254,547
8,255,506
8,256,422
9,1,285
9,2,325
9,3,304
9,4,329
9,5,304
9,6,330
9,7,334
9,8,567
9,9,325
9,10,367
9,11,323
9,12,352
9,13,386
9,14,364
9,15,343
9,16,370
9,17,326
9,18,360
9,19,323
9,20,357
9,21,313
9,22,369
9,23,2542
9,24,361
9,25,335
9,26,362
9,27,361
9,28,815
9,29,344
9,30,449
9,31,363
9,32,393
9,33,362
9,34,412
9,35,381
9,36,413
9,37,419
9,38,539
9,39,411
9,40,441
9,41,402
9,42,446
9,43,415
9,44,425
9,45,340
9,46,345
9,47,285
9,48,253
9,49,268
9,50,234
9,51,320
9,52,332
9,53,241
9,54,270
9,55,274
9,56,266
9,57,239
9,58,261
9,59,385
9,60,261
9,61,270
9,62,259
9,63,232
9,64,311
9,65,232
9,66,246
9,67,249
9,68,279
9,69,238
9,70,250
9,71,412
9,72,241
9,73,354
9,74,246
9,75,249
9,76,278
9,77,255
9,78,248
9,79,237
9,80,261
9,81,229
9,82,225
9,83,233
9,84,228
9,85,214
9,86,228
9,87,225
9,88,282
9,89,218
9,90,232
9,91,230
9,92,272
9,93,217
9,94,219
9,95,233
9,96,214
9,97,231
9,98,217
9,99,231
9,100,221
9,101,217
9,102,213
9,103,275
9,104,216
9,105,211
9,106,201
9,107,210
9,108,216
9,109,210
9,110,205
9,111,214
9,112,207
9,113,195
9,114,212
9,115,198
9,116,206
9,117,197
9,118,208
9,119,224
9,120,203
9,121,190
9,122,207
9,123,181
9,124,226
9,125,177
9,126,199
9,127,189
9,128,193
9,129,162
9,130,191
9,131,162
9,132,175
9,133,155
9,134,138
9,135,165
9,136,117
9,137,142
9,138,137
9,139,157
9,140,133
9,141,140
9,142,123
9,143,1522
9,144,425
9,145,159
9,146,127
9,147,143
9,148,214
9,149,145
9,150,141
9,151,145
9,152,141
9,153,146
9,154,133
9,155,185
9,156,147
9,157,186
9,158,161
9,159,165
9,160,201
9,161,181
9,162,149
9,163,155
9,164,150
9,165,155
9,166,156
9,167,157
9,168,152
9,169,162
9,170,173
9,171,187
9,172,157
9,173,170
9,174,187
9,175,159
9,176,155
9,177,173
9,178,197
9,179,1848
9,180,165
9,181,196
9,182,168
9,183,211
9,184,177
9,185,200
9,186,148
9,187,174
9,188,194
9,189,187
9,190,150
9,191,209
9,192,163
9,193,187
9,194,152
9,195,186
9,196,159
9,197,213
9,198,193
9,199,184
9,200,170
9,201,202
9,202,177
9,203,199
9,204,164
9,205,208
9,206,175
9,207,214
9,208,174
9,209,221
9,210,1509
9,211,255
9,212,178
9,213,333
9,214,204
9,215,352
9,216,177
9,217,245
9,218,191
9,219,275
9,220,203
9,221,709
9,222,203
9,223,278
9,224,216
9,225,298
9,226,218
9,227,307
9,228,221
9,229,311
9,230,245
9,231,306
9,232,248
9,233,339
9,234,263
9,235,3480
9,236,283
9,237,365
9,238,358
9,239,386
9,240,330
9,241,399
9,242,366
9,243,427
9,244,372
9,245,628
9,246,466
9,247,467
9,248,419
9,249,505
9,250,439
9,251,514
9,252,475
9,253,518
9,254,545
9,255,505
9,256,426
10,1,285
10,2,325
10,3,304
10,4,329
10,5,304
10,6,330
10,7,334
10,8,567
10,9,325
10,10,367
10,11,323
10,12,352
10,13,386
10,14,364
10,15,343
10,16,370
10,17,326
10,18,360
10,19,323
10,20,357
10,21,313
10,22,369
10,23,2542
10,24,361
10,25,335
10,26,362
10,27,361
10,28,815
10,29,344
10,30,449
10,31,363
10,32,393
10,33,362
10,34,412
10,35,381
10,36,413
10,37,419
10,38,539
10,39,411
10,40,441
10,41,402
10,42,446
10,43,415
10,44,425
10,45,340
10,46,345
10,47,285
10,48,253
10,49,268
10,50,234
10,51,320
10,52,332
10,53,241
10,54,270
10,55,274
10,56,266
10,57,239
10,58,261
10,59,385
10,60,261
10,61,270
10,62,259
10,63,232
10,64,311
10,65,232
10,66,246
10,67,249
10,68,279
10,69,238
10,70,250
10,71,412
10,72,241
10,73,354
10,74,246
10,75,249
10,76,278
10,77,255
10,78,248
10,79,237
10,80,261
10,81,229
10,82,225
10,83,233
10,84,228
10,85,214
10,86,228
10,87,225
10,88,282
10,89,218
10,90,232
10,91,230
10,92,272
10,93,217
10,94,219
10,95,233
10,96,214
10,97,231
10,98,217
10,99,231
10,100,221
10,101,217
10,102,213
10,103,275
10,104,216
10,105,211
10,106,201
10,107,210
10,108,216
10,109,210
10,110,205
10,111,214
10,112,207
10,113,195
10,114,212
10,115,198
10,116,206
10,117,197
10,118,208
10,119,224
10,120,203
10,121,190
10,122,207
10,123,181
10,124,226
10,125,177
10,126,199
10,127,189
10,128,193
10,129,162
10,130,191
10,131,162
10,132,175
10,133,155
10,134,138
10,135,165
10,136,117
10,137,142
10,138,137
10,139,157
10,140,133
10,141,140
10,142,123
10,143,1522
10,144,425
10,145,159
10,146,127
10,147,143
10,148,214
10,149,145
10,150,141
10,151,145
10,152,141
10,153,146
10,154,133
10,155,185
10,156,147
10,157,186
10,158,161
10,159,165
10,160,201
10,161,181
10,162,149
10,163,155
10,164,150
10,165,155
10,166,156
10,167,157
10,168,152
10,169,162
10,170,173
10,171,187
10,172,157
10,173,170
10,174,187
10,175,159
10,176,155
10,177,173
10,178,197
10,179,1848
10,180,165
10,181,196
10,182,168
10,183,211
10,184,177
10,185,200
10,186,148
10,187,174
10,188,194
10,189,187
10,190,150
10,191,209
10,192,163
10,193,187
10,194,152
10,195,186
10,196,159
10,197,213
10,198,193
10,199,184
10,200,170
10,201,202
10,202,177
10,203,199
10,204,164
10,205,208
10,206,175
10,207,214
10,208,174
10,209,221
10,210,1509
10,211,255
10,212,178
10,213,333
10,214,204
10,215,352
10,216,177
10,217,245
10,218,191
10,219,275
10,220,203
10,221,709
10,222,203
10,223,278
10,224,216
10,225,298
10,226,218
10,227,307
10,228,221
10,229,311
10,230,245
10,231,306
10,232,248
10,233,339
10,234,263
10,235,3480
10,236,283
10,237,365
10,238,358
10,239,386
10,240,330
10,241,399
10,242,366
10,243,427
10,244,372
10,245,628
10,246,466
10,247,467
10,248,419
10,249,505
10,250,439
10,251,514
10,252,475
10,253,518
10,254,545
10,255,505
10,256,426
11,1,284
11,2,326
11,3,303
11,4,331
11,5,302
11,6,329
11,7,334
11,8,568
11,9,327
11,10,367
11,11,324
11,12,352
11,13,387
11,14,363
11,15,344
11,16,368
11,17,327
11,18,362
11,19,322
11,20,356
11,21,313
11,22,367
11,23,2411
11,24,361
11,25,336
11,26,363
11,27,357
11,28,814
11,29,343
11,30,458
11,31,362
11,32,391
11,33,363
11,34,412
11,35,383
11,36,413
11,37,420
11,38,535
11,39,410
11,40,438
11,41,400
11,42,443
11,43,416
11,44,422
11,45,339
11,46,346
11,47,286
11,48,252
11,49,270
11,50,232
11,51,322
11,52,332
11,53,241
11,54,271
11,55,275
11,56,264
11,57,239
11,58,262
11,59,386
11,60,260
11,61,271
11,62,258
11,63,234
11,64,308
11,65,233
11,66,246
11,67,250
11,68,279
11,69,241
11,70,249
11,71,412
11,72,240
11,73,350
11,74,245
11,75,251
11,76,275
11,77,256
11,78,248
11,79,238
11,80,262
11,81,229
11,82,224
11,83,232
11,84,224
11,85,215
11,86,225
11,87,223
11,88,282
11,89,218
11,90,230
11,91,228
11,92,269
11,93,217
11,94,219
11,95,235
11,96,215
11,97,230
11,98,216
11,99,232
11,100,220
11,101,216
11,102,210
11,103,282
11,104,215
11,105,211
11,106,200
11,107,210
11,108,214
11,109,212
11,110,202
11,111,210
11,112,206
11,113,195
11,114,211
11,115,199
11,116,206
11,117,197
11,118,205
11,119,224
11,120,202
11,121,191
11,122,207
11,123,181
11,124,226
11,125,177
11,126,198
11,127,187
11,128,192
11,129,163
11,130,189
11,131,162
11,132,174
11,133,156
11,134,137
11,135,166
11,136,116
11,137,142
11,138,136
11,139,158
11,140,134
11,141,140
11,142,123
11,143,1523
11,144,423
11,145,161
11,146,125
11,147,143
11,148,213
11,149,145
11,150,141
11,151,145
11,152,139
11,153,146
11,154,134
11,155,183
11,156,147
11,157,186
11,158,160
11,159,165
11,160,197
11,161,181
11,162,150
11,163,154
11,164,148
11,165,155
11,166,156
11,167,159
11,168,151
11,169,163
11,170,172
11,171,185
11,172,157
11,173,170
11,174,190
11,175,160
11,176,155
11,177,171
11,178,195
11,179,1845
11,180,165
11,181,195
11,182,167
11,183,211
11,184,177
11,185,199
11,186,149
11,187,173
11,188,193
11,189,188
11,190,150
11,191,209
11,192,164
11,193,186
11,194,151
11,195,186
11,196,159
11,197,214
11,198,191
11,199,185
11,200,169
11,201,202
11,202,178
11,203,199
11,204,164
11,205,208
11,206,174
11,207,213
11,208,174
11,209,221
11,210,1513
11,211,256
11,212,175
11,213,332
11,214,204
11,215,345
11,216,175
11,217,245
11,218,191
11,219,275
11,220,203
11,221,712
11,222,203
11,223,280
11,224,214
11,225,296
11,226,218
11,227,308
11,228,221
11,229,312
11,230,245
11,231,307
11,232,247
11,233,339
11,234,262
11,235,3487
11,236,283
11,237,365
11,238,356
11,239,388
11,240,332
11,241,400
11,242,366
11,243,426
11,244,373
11,245,627
11,246,464
11,247,468
11,248,418
11,249,507
11,250,437
11,251,513
11,252,473
11,253,519
11,254,541
11,255,507
11,256,425
12,1,284
12,2,326
12,3,303
12,4,331
12,5,302
12,6,329
12,7,334
12,8,568
12,9,327
12,10,367
12,11,324
12,12,352
12,13,387
12,14,363
12,15,344
12,16,368
12,17,327
12,18,362
12,19,322
12,20,356
12,21,313
12,22,367
12,23,2411
12,24,361
12,25,336
12,26,363
12,27,357
12,28,814
12,29,343
12,30,458
12,31,362
12,32,391
12,33,363
12,34,412
12,35,383
12,36,413
12,37,420
12,38,535
12,39,410
12,40,438
12,41,400
12,42,443
12,43,416
12,44,422
12,45,339
12,46,346
12,47,286
12,48,252
12,49,270
12,50,232
12,51,322
12,52,332
12,53,241
12,54,271
12,55,275
12,56,264
12,57,239
12,58,262
12,59,386
12,60,260
12,61,271
12,62,258
12,63,234
12,64,308
12,65,233
12,66,246
12,67,250
12,68,279
12,69,241
12,70,249
12,71,412
12,72,240
12,73,350
12,74,245
12,75,251
12,76,275
12,77,256
12,78,248
12,79,238
12,80,262
12,81,229
12,82,224
12,83,232
12,84,224
12,85,215
12,86,225
12,87,223
12,88,282
12,89,218
12,90,230
12,91,228
12,92,269
12,93,217
12,94,219
12,95,235
12,96,215
12,97,230
12,98,216
12,99,232
12,100,220
12,101,216
12,102,210
12,103,282
12,104,215
12,105,211
12,106,200
12,107,210
12,108,214
12,109,212
12,110,202
12,111,210
12,112,206
12,113,195
12,114,211
12,115,199
12,116,206
12,117,197
12,118,205
12,119,224
12,120,202
12,121,191
12,122,207
12,123,181
12,124,226
12,125,177
12,126,198
12,127,187
12,128,192
12,129,163
12,130,189
12,131,162
12,132,174
12,133,156
12,134,137
12,135,166
12,136,116
12,137,142
12,138,136
12,139,158
12,140,134
12,141,140
12,142,123
12,143,1523
12,144,423
12,145,161
12,146,125
12,147,143
12,148,213
12,149,145
12,150,141
12,151,145
12,152,139
12,153,146
12,154,134
12,155,183
12,156,147
12,157,186
12,158,160
12,159,165
12,160,197
12,161,181
12,162,150
12,163,154
12,164,148
12,165,155
12,166,156
12,167,159
12,168,151
12,169,163
12,170,172
12,171,185
12,172,157
12,173,170
12,174,190
12,175,160
12,176,155
12,177,171
12,178,195
12,179,1845
12,180,165
12,181,195
12,182,167
12,183,211
12,184,177
12,185,199
12,186,149
12,187,173
12,188,193
12,189,188
12,190,150
12,191,209
12,192,164
12,193,186
12,194,151
12,195,186
12,196,159
12,197,214
12,198,191
12,199,185
12,200,169
12,201,202
12,202,178
12,203,199
12,204,164
12,205,208
12,206,174
12,207,213
12,208,174
12,209,221
12,210,1513
12,211,256
12,212,175
12,213,332
12,214,204
12,215,345
12,216,175
12,217,245
12,218,191
12,219,275
12,220,203
12,221,712
12,222,203
12,223,280
12,224,214
12,225,296
12,226,218
12,227,308
12,228,221
12,229,312
12,230,245
12,231,307
12,232,247
12,233,339
12,234,262
12,235,3487
12,236,283
12,237,365
12,238,356
12,239,388
12,240,332
12,241,400
12,242,366
12,243,426
12,244,373
12,245,627
12,246,464
12,247,468
12,248,418
12,249,507
12,250,437
12,251,513
12,252,473
12,253,519
12,254,541
12,255,507
12,256,425
13,1,285
13,2,325
13,3,303
13,4,328
13,5,305
13,6,329
13,7,334
13,8,570
13,9,324
13,10,364
13,11,323
13,12,351
13,13,387
13,14,363
13,15,343
13,16,368
13,17,325
13,18,357
13,19,321
13,20,354
13,21,313
13,22,367
13,23,2417
13,24,361
13,25,335
13,26,361
13,27,357
13,28,812
13,29,344
13,30,458
13,31,364
13,32,391
13,33,363
13,34,412
13,35,382
13,36,412
13,37,421
13,38,538
13,39,413
13,40,437
13,41,401
13,42,444
13,43,417
13,44,423
13,45,340
13,46,346
13,47,286
13,48,251
13,49,271
13,50,232
13,51,330
13,52,329
13,53,241
13,54,269
13,55,274
13,56,266
13,57,239
13,58,260
13,59,386
13,60,260
13,61,272
13,62,258
13,63,233
13,64,309
13,65,234
13,66,246
13,67,249
13,68,277
13,69,251
13,70,250
13,71,413
13,72,240
13,73,349
13,74,244
13,75,252
13,76,275
13,77,257
13,78,246
13,79,238
13,80,260
13,81,231
13,82,224
13,83,234
13,84,227
13,85,214
13,86,223
13,87,224
13,88,280
13,89,218
13,90,231
13,91,230
13,92,269
13,93,218
13,94,220
13,95,234
13,96,213
13,97,231
13,98,217
13,99,233
13,100,221
13,101,217
13,102,211
13,103,283
13,104,215
13,105,212
13,106,200
13,107,210
13,108,213
13,109,211
13,110,202
13,111,210
13,112,207
13,113,196
13,114,211
13,115,198
13,116,205
13,117,197
13,118,206
13,119,223
13,120,202
13,121,190
13,122,206
13,123,181
13,124,224
13,125,178
13,126,199
13,127,189
13,128,194
13,129,161
13,130,189
13,131,164
13,132,174
13,133,157
13,134,138
13,135,166
13,136,116
13,137,143
13,138,137
13,139,159
13,140,134
13,141,140
13,142,123
13,143,1522
13,144,422
13,145,160
13,146,125
13,147,144
13,148,210
13,149,147
13,150,141
13,151,146
13,152,139
13,153,147
13,154,132
13,155,184
13,156,146
13,157,185
13,158,160
13,159,167
13,160,197
13,161,182
13,162,149
13,163,155
13,164,147
13,165,155
13,166,155
13,167,159
13,168,150
13,169,164
13,170,172
13,171,185
13,172,156
13,173,171
13,174,187
13,175,161
13,176,154
13,177,173
13,178,195
13,179,1852
13,180,164
13,181,196
13,182,167
13,183,213
13,184,176
13,185,199
13,186,148
13,187,174
13,188,194
13,189,188
13,190,149
13,191,211
13,192,164
13,193,187
13,194,151
13,195,188
13,196,159
13,197,214
13,198,191
13,199,185
13,200,169
13,201,203
13,202,177
13,203,200
13,204,163
13,205,207
13,206,173
13,207,213
13,208,173
13,209,220
13,210,1512
13,211,256
13,212,176
13,213,333
13,214,203
13,215,353
13,216,175
13,217,246
13,218,192
13,219,275
13,220,202
13,221,714
13,222,202
13,223,280
13,224,213
13,225,299
13,226,219
13,227,308
13,228,220
13,229,312
13,230,243
13,231,308
13,232,248
13,233,337
13,234,262
13,235,3464
13,236,282
13,237,365
13,238,357
13,239,389
13,240,331
13,241,400
13,242,366
13,243,428
13,244,370
13,245,626
13,246,460
13,247,468
13,248,420
13,249,504
13,250,438
13,251,513
13,252,476
13,253,518
13,254,539
13,255,507
13,256,423
14,1,285
14,2,325
14,3,303
14,4,328
14,5,305
14,6,329
14,7,334
14,8,570
14,9,324
14,10,364
14,11,323
14,12,351
14,13,387
14,14,363
14,15,343
14,16,368
14,17,325
14,18,357
14,19,321
14,20,354
14,21,313
14,22,367
14,23,2417
14,24,361
14,25,335
14,26,361
14,27,357
14,28,812
14,29,344
14,30,458
14,31,364
14,32,391
14,33,363
14,34,412
14,35,382
14,36,412
14,37,421
14,38,538
14,39,413
14,40,437
14,41,401
14,42,444
14,43,417
14,44,423
14,45,340
14,46,346
14,47,286
14,48,251
14,49,271
14,50,232
14,51,330
14,52,329
14,53,241
14,54,269
14,55,274
14,56,266
14,57,239
14,58,260
14,59,386
14,60,260
14,61,272
14,62,258
14,63,233
14,64,309
14,65,234
14,66,246
14,67,249
14,68,277
14,69,251
14,70,250
14,71,413
14,72,240
14,73,349
14,74,244
14,75,252
14,76,275
14,77,257
14,78,246
14,79,238
14,80,260
14,81,231
14,82,224
14,83,234
14,84,227
14,85,214
14,86,223
14,87,224
14,88,280
14,89,218
14,90,231
14,91,230
14,92,269
14,93,218
14,94,220
14,95,234
14,96,213
14,97,231
14,98,217
14,99,233
14,100,221
14,101,217
14,102,211
14,103,283
14,104,215
14,105,212
14,106,200
14,107,210
14,108,213
14,109,211
14,110,202
14,111,210
14,112,207
14,113,196
14,114,211
14,115,198
14,116,205
14,117,197
14,118,206
14,119,223
14,120,202
14,121,190
14,122,206
14,123,181
14,124,224
14,125,178
14,126,199
14,127,189
14,128,194
14,129,161
14,130,189
14,131,164
14,132,174
14,133,157
14,134,138
14,135,166
14,136,116
14,137,143
14,138,137
14,139,159
14,140,134
14,141,140
14,142,123
14,143,1522
14,144,422
14,145,160
14,146,125
14,147,144
14,148,210
14,149,147
14,150,141
14,151,146
14,152,139
14,153,147
14,154,132
14,155,184
14,156,146
14,157,185
14,158,160
14,159,167
14,160,197
14,161,182
14,162,149
14,163,155
14,164,147
14,165,155
14,166,155
14,167,159
14,168,150
14,169,164
14,170,172
14,171,185
14,172,156
14,173,171
14,174,187
14,175,161
14,176,154
14,177,173
14,178,195
14,179,1852
14,180,164
14,181,196
14,182,167
14,183,213
14,184,176
14,185,199
14,186,148
14,187,174
14,188,194
14,189,188
14,190,149
14,191,211
14,192,164
14,193,187
14,194,151
14,195,188
14,196,159
14,197,214
14,198,191
14,199,185
14,200,169
14,201,203
14,202,177
14,203,200
14,204,163
14,205,207
14,206,173
14,207,213
14,208,173
14,209,220
14,210,1512
14,211,256
14,212,176
14,213,333
14,214,203
14,215,353
14,216,175
14,217,246
14,218,192
14,219,275
14,220,202
14,221,714
14,222,202
14,223,280
14,224,213
14,225,299
14,226,219
14,227,308
14,228,220
14,229,312
14,230,243
14,231,308
14,232,248
14,233,337
14,234,262
14,235,3464
14,236,282
14,237,365
14,238,357
14,239,389
14,240,331
14,241,400
14,242,366
14,243,428
14,244,370
14,245,626
14,246,460
14,247,468
14,248,420
14,249,504
14,250,438
14,251,513
14,252,476
14,253,518
14,254,539
14,255,507
14,256,423
15,1,285
15,2,325
15,3,303
15,4,329
15,5,305
15,6,330
15,7,333
15,8,561
15,9,326
15,10,366
15,11,322
15,12,350
15,13,386
15,14,363
15,15,345
15,16,369
15,17,325
15,18,359
15,19,323
15,20,355
15,21,313
15,22,367
15,23,2410
15,24,361
15,25,336
15,26,363
15,27,357
15,28,813
15,29,345
15,30,448
15,31,364
15,32,392
15,33,363
15,34,413
15,35,383
15,36,413
15,37,417
15,38,539
15,39,413
15,40,439
15,41,402
15,42,446
15,43,416
15,44,422
15,45,342
15,46,346
15,47,285
15,48,252
15,49,271
15,50,232
15,51,326
15,52,334
15,53,242
15,54,270
15,55,275
15,56,265
15,57,239
15,58,261
15,59,387
15,60,262
15,61,271
15,62,260
15,63,234
15,64,310
15,65,233
15,66,247
15,67,248
15,68,280
15,69,238
15,70,250
15,71,415
15,72,240
15,73,347
15,74,245
15,75,251
15,76,276
15,77,257
15,78,249
15,79,239
15,80,260
15,81,230
15,82,223
15,83,234
15,84,226
15,85,215
15,86,225
15,87,223
15,88,282
15,89,218
15,90,231
15,91,230
15,92,290
15,93,217
15,94,219
15,95,233
15,96,216
15,97,229
15,98,217
15,99,232
15,100,222
15,101,215
15,102,213
15,103,278
15,104,214
15,105,212
15,106,201
15,107,210
15,108,213
15,109,212
15,110,204
15,111,210
15,112,208
15,113,195
15,114,212
15,115,199
15,116,207
15,117,196
15,118,206
15,119,225
15,120,203
15,121,191
15,122,207
15,123,181
15,124,222
15,125,176
15,126,200
15,127,188
15,128,194
15,129,163
15,130,190
15,131,161
15,132,176
15,133,157
15,134,138
15,135,167
15,136,118
15,137,147
15,138,137
15,139,159
15,140,133
15,141,139
15,142,123
15,143,1522
15,144,423
15,145,159
15,146,125
15,147,144
15,148,214
15,149,146
15,150,141
15,151,145
15,152,140
15,153,146
15,154,134
15,155,186
15,156,147
15,157,186
15,158,161
15,159,165
15,160,197
15,161,182
15,162,149
15,163,155
15,164,149
15,165,155
15,166,155
15,167,158
15,168,151
15,169,163
15,170,173
15,171,187
15,172,155
15,173,169
15,174,189
15,175,159
15,176,154
15,177,172
15,178,195
15,179,1865
15,180,165
15,181,196
15,182,220
15,183,218
15,184,178
15,185,200
15,186,150
15,187,174
15,188,194
15,189,188
15,190,150
15,191,209
15,192,165
15,193,187
15,194,152
15,195,185
15,196,159
15,197,214
15,198,190
15,199,185
15,200,168
15,201,202
15,202,178
15,203,200
15,204,163
15,205,207
15,206,173
15,207,213
15,208,173
15,209,221
15,210,1509
15,211,255
15,212,176
15,213,331
15,214,203
15,215,347
15,216,177
15,217,245
15,218,192
15,219,275
15,220,202
15,221,714
15,222,202
15,223,280
15,224,213
15,225,299
15,226,218
15,227,308
15,228,220
15,229,311
15,230,243
15,231,307
15,232,249
15,233,339
15,234,262
15,235,3470
15,236,282
15,237,366
15,238,360
15,239,389
15,240,329
15,241,399
15,242,365
15,243,426
15,244,373
15,245,629
15,246,458
15,247,467
15,248,420
15,249,504
15,250,438
15,251,513
15,252,475
15,253,518
15,254,543
15,255,506
15,256,424
16,1,285
16,2,325
16,3,303
16,4,329
16,5,305
16,6,330
16,7,333
16,8,561
16,9,326
16,10,366
16,11,322
16,12,350
16,13,386
16,14,363
16,15,345
16,16,369
16,17,325
16,18,359
16,19,323
16,20,355
16,21,313
16,22,367
16,23,2410
16,24,361
16,25,336
16,26,363
16,27,357
16,28,813
16,29,345
16,30,448
16,31,364
16,32,392
16,33,363
16,34,413
16,35,383
16,36,413
16,37,417
16,38,539
16,39,413
16,40,439
16,41,402
16,42,446
16,43,416
16,44,422
16,45,342
16,46,346
16,47,285
16,48,252
16,49,271
16,50,232
16,51,326
16,52,334
16,53,242
16,54,270
16,55,275
16,56,265
16,57,239
16,58,261
16,59,387
16,60,262
16,61,271
16,62,260
16,63,234
16,64,310
16,65,233
16,66,247
16,67,248
16,68,280
16,69,238
16,70,250
16,71,415
16,72,240
16,73,347
16,74,245
16,75,251
16,76,276
16,77,257
16,78,249
16,79,239
16,80,260
16,81,230
16,82,223
16,83,234
16,84,226
16,85,215
16,86,225
16,87,223
16,88,282
16,89,218
16,90,231
16,91,230
16,92,290
16,93,217
16,94,219
16,95,233
16,96,216
16,97,229
16,98,217
16,99,232
16,100,222
16,101,215
16,102,213
16,103,278
16,104,214
16,105,212
16,106,201
16,107,210
16,108,213
16,109,212
16,110,204
16,111,210
16,112,208
16,113,195
16,114,212
16,115,199
16,116,207
16,117,196
16,118,206
16,119,225
16,120,203
16,121,191
16,122,207
16,123,181
16,124,222
16,125,176
16,126,200
16,127,188
16,128,194
16,129,163
16,130,190
16,131,161
16,132,176
16,133,157
16,134,138
16,135,167
16,136,118
16,137,147
16,138,137
16,139,159
16,140,133
16,141,139
16,142,123
16,143,1522
16,144,423
16,145,159
16,146,125
16,147,144
16,148,214
16,149,146
16,150,141
16,151,145
16,152,140
16,153,146
16,154,134
16,155,186
16,156,147
16,157,186
16,158,161
16,159,165
16,160,197
16,161,182
16,162,149
16,163,155
16,164,149
16,165,155
16,166,155
16,167,158
16,168,151
16,169,163
16,170,173
16,171,187
16,172,155
16,173,169
16,174,189
16,175,159
16,176,154
16,177,172
16,178,195
16,179,1865
16,180,165
16,181,196
16,182,220
16,183,218
16,184,178
16,185,200
16,186,150
16,187,174
16,188,194
16,189,188
16,190,150
16,191,209
16,192,165
16,193,187
16,194,152
16,195,185
16,196,159
16,197,214
16,198,190
16,199,185
16,200,168
16,201,202
16,202,178
16,203,200
16,204,163
16,205,207
16,206,173
16,207,213
16,208,173
16,209,221
16,210,1509
16,211,255
16,212,176
16,213,331
16,214,203
16,215,347
16,216,177
16,217,245
16,218,192
16,219,275
16,220,202
16,221,714
16,222,202
16,223,280
16,224,213
16,225,299
16,226,218
16,227,308
16,228,220
16,229,311
16,230,243
16,231,307
16,232,249
16,233,339
16,234,262
16,235,3470
16,236,282
16,237,366
16,238,360
16,239,389
16,240,329
16,241,399
16,242,365
16,243,426
16,244,373
16,245,629
16,246,458
16,247,467
16,248,420
16,249,504
16,250,438
16,251,513
16,252,475
16,253,518
16,254,543
16,255,506
16,256,424
17,1,286
17,2,326
17,3,302
17,4,329
17,5,304
17,6,328
17,7,334
17,8,565
17,9,326
17,10,366
17,11,323
17,12,351
17,13,387
17,14,363
17,15,342
17,16,367
17,17,326
17,18,358
17,19,321
17,20,355
17,21,314
17,22,369
17,23,2411
17,24,362
17,25,337
17,26,361
17,27,355
17,28,812
17,29,344
17,30,457
17,31,364
17,32,391
17,33,362
17,34,410
17,35,381
17,36,411
17,37,418
17,38,538
17,39,411
17,40,439
17,41,401
17,42,443
17,43,417
17,44,423
17,45,341
17,46,346
17,47,284
17,48,252
17,49,270
17,50,232
17,51,318
17,52,332
17,53,242
17,54,270
17,55,318
17,56,264
17,57,239
17,58,261
17,59,387
17,60,261
17,61,272
17,62,259
17,63,233
17,64,309
17,65,232
17,66,247
17,67,250
17,68,279
17,69,236
17,70,248
17,71,412
17,72,240
17,73,349
17,74,245
17,75,250
17,76,275
17,77,257
17,78,247
17,79,237
17,80,261
17,81,229
17,82,223
17,83,232
17,84,226
17,85,213
17,86,225
17,87,224
17,88,282
17,89,218
17,90,232
17,91,229
17,92,265
17,93,217
17,94,219
17,95,232
17,96,215
17,97,231
17,98,217
17,99,232
17,100,222
17,101,215
17,102,211
17,103,278
17,104,215
17,105,210
17,106,200
17,107,210
17,108,214
17,109,210
17,110,203
17,111,210
17,112,207
17,113,195
17,114,211
17,115,198
17,116,206
17,117,196
17,118,206
17,119,222
17,120,202
17,121,190
17,122,208
17,123,181
17,124,222
17,125,177
17,126,199
17,127,188
17,128,193
17,129,162
17,130,191
17,131,163
17,132,173
17,133,157
17,134,137
17,135,166
17,136,117
17,137,141
17,138,137
17,139,158
17,140,134
17,141,139
17,142,123
17,143,1523
17,144,423
17,145,158
17,146,126
17,147,145
17,148,221
17,149,145
17,150,141
17,151,144
17,152,140
17,153,146
17,154,132
17,155,184
17,156,146
17,157,184
17,158,159
17,159,165
17,160,196
17,161,181
17,162,148
17,163,156
17,164,149
17,165,155
17,166,155
17,167,158
17,168,151
17,169,163
17,170,171
17,171,184
17,172,155
17,173,168
17,174,190
17,175,159
17,176,154
17,177,173
17,178,196
17,179,1850
17,180,165
17,181,197
17,182,165
17,183,214
17,184,176
17,185,199
17,186,148
17,187,173
17,188,193
17,189,189
17,190,149
17,191,210
17,192,164
17,193,188
17,194,151
17,195,186
17,196,159
17,197,214
17,198,193
17,199,183
17,200,169
17,201,202
17,202,177
17,203,200
17,204,164
17,205,208
17,206,173
17,207,212
17,208,173
17,209,222
17,210,1512
17,211,255
17,212,176
17,213,333
17,214,205
17,215,344
17,216,176
17,217,245
17,218,192
17,219,276
17,220,203
17,221,709
17,222,203
17,223,280
17,224,213
17,225,296
17,226,217
17,227,307
17,228,219
17,229,312
17,230,242
17,231,308
17,232,247
17,233,338
17,234,263
17,235,3488
17,236,282
17,237,364
17,238,356
17,239,387
17,240,330
17,241,400
17,242,366
17,243,427
17,244,371
17,245,629
17,246,454
17,247,466
17,248,418
17,249,502
17,250,438
17,251,514
17,252,475
17,253,520
17,254,539
17,255,507
17,256,425
18,1,286
18,2,326
18,3,302
18,4,329
18,5,304
18,6,328
18,7,334
18,8,565
18,9,326
18,10,366
18,11,323
18,12,351
18,13,387
18,14,363
18,15,342
18,16,367
18,17,326
18,18,358
18,19,321
18,20,355
18,21,314
18,22,369
18,23,2411
18,24,362
18,25,337
18,26,361
18,27,355
18,28,812
18,29,344
18,30,457
18,31,364
18,32,391
18,33,362
18,34,410
18,35,381
18,36,411
18,37,418
18,38,538
18,39,411
18,40,439
18,41,401
18,42,443
18,43,417
18,44,423
18,45,341
18,46,346
18,47,284
18,48,252
18,49,270
18,50,232
18,51,318
18,52,332
18,53,242
18,54,270
18,55,318
18,56,264
18,57,239
18,58,261
18,59,387
18,60,261
18,61,272
18,62,259
18,63,233
18,64,309
18,65,232
18,66,247
18,67,250
18,68,279
18,69,236
18,70,248
18,71,412
18,72,240
18,73,349
18,74,245
18,75,250
18,76,275
18,77,257
18,78,247
18,79,237
18,80,261
18,81,229
18,82,223
18,83,232
18,84,226
18,85,213
18,86,225
18,87,224
18,88,282
18,89,218
18,90,232
18,91,229
18,92,265
18,93,217
18,94,219
18,95,232
18,96,215
18,97,231
18,98,217
18,99,232
18,100,222
18,101,215
18,102,211
18,103,278
18,104,215
18,105,210
18,106,200
18,107,210
18,108,214
18,109,210
18,110,203
18,111,210
18,112,207
18,113,195
18,114,211
18,115,198
18,116,206
18,117,196
18,118,206
18,119,222
18,120,202
18,121,190
18,122,208
18,123,181
18,124,222
18,125,177
18,126,199
18,127,188
18,128,193
18,129,162
18,130,191
18,131,163
18,132,173
18,133,157
18,134,137
18,135,166
18,136,117
18,137,141
18,138,137
18,139,158
18,140,134
18,141,139
18,142,123
18,143,1523
18,144,423
18,145,158
18,146,126
18,147,145
18,148,221
18,149,145
18,150,141
18,151,144
18,152,140
18,153,146
18,154,132
18,155,184
18,156,146
18,157,184
18,158,159
18,159,165
18,160,196
18,161,181
18,162,148
18,163,156
18,164,149
18,165,155
18,166,155
18,167,158
18,168,151
18,169,163
18,170,171
18,171,184
18,172,155
18,173,168
18,174,190
18,175,159
18,176,154
18,177,173
18,178,196
18,179,1850
18,180,165
18,181,197
18,182,165
18,183,214
18,184,176
18,185,199
18,186,148
18,187,173
18,188,193
18,189,189
18,190,149
18,191,210
18,192,164
18,193,188
18,194,151
18,195,186
18,196,159
18,197,214
18,198,193
18,199,183
18,200,169
18,201,202
18,202,177
18,203,200
18,204,164
18,205,208
18,206,173
18,207,212
18,208,173
18,209,222
18,210,1512
18,211,255
18,212,176
18,213,333
18,214,205
18,215,344
18,216,176
18,217,245
18,218,192
18,219,276
18,220,203
18,221,709
18,222,203
18,223,280
18,224,213
18,225,296
18,226,217
18,227,307
18,228,219
18,229,312
18,230,242
18,231,308
18,232,247
18,233,338
18,234,263
18,235,3488
18,236,282
18,237,364
18,238,356
18,239,387
18,240,330
18,241,400
18,242,366
18,243,427
18,244,371
18,245,629
18,246,454
18,247,466
18,248,418
18,249,502
18,250,438
18,251,514
18,252,475
18,253,520
18,254,539
18,255,507
18,256,425
19,1,283
19,2,326
19,3,303
19,4,329
19,5,305
19,6,329
19,7,333
19,8,561
19,9,326
19,10,366
19,11,323
19,12,350
19,13,387
19,14,363
19,15,344
19,16,369
19,17,326
19,18,359
19,19,322
19,20,355
19,21,311
19,22,366
19,23,2418
19,24,361
19,25,337
19,26,363
19,27,356
19,28,811
19,29,343
19,30,459
19,31,363
19,32,390
19,33,361
19,34,440
19,35,381
19,36,413
19,37,417
19,38,533
19,39,410
19,40,439
19,41,401
19,42,447
19,43,416
19,44,421
19,45,342
19,46,346
19,47,285
19,48,253
19,49,269
19,50,233
19,51,323
19,52,328
19,53,242
19,54,270
19,55,274
19,56,266
19,57,240
19,58,261
19,59,385
19,60,260
19,61,272
19,62,259
19,63,234
19,64,311
19,65,233
19,66,247
19,67,250
19,68,278
19,69,239
19,70,249
19,71,411
19,72,241
19,73,350
19,74,243
19,75,251
19,76,276
19,77,256
19,78,247
19,79,237
19,80,261
19,81,230
19,82,224
19,83,233
19,84,225
19,85,213
19,86,227
19,87,223
19,88,282
19,89,218
19,90,231
19,91,230
19,92,271
19,93,247
19,94,219
19,95,234
19,96,214
19,97,230
19,98,216
19,99,232
19,100,220
19,101,216
19,102,212
19,103,279
19,104,215
19,105,211
19,106,200
19,107,209
19,108,213
19,109,211
19,110,203
19,111,209
19,112,207
19,113,195
19,114,210
19,115,198
19,116,205
19,117,195
19,118,207
19,119,223
19,120,203
19,121,190
19,122,207
19,123,181
19,124,227
19,125,176
19,126,199
19,127,188
19,128,193
19,129,162
19,130,190
19,131,161
19,132,173
19,133,155
19,134,138
19,135,165
19,136,116
19,137,141
19,138,137
19,139,157
19,140,134
19,141,138
19,142,124
19,143,1522
19,144,424
19,145,158
19,146,125
19,147,143
19,148,212
19,149,145
19,150,141
19,151,143
19,152,139
19,153,146
19,154,132
19,155,184
19,156,146
19,157,184
19,158,160
19,159,164
19,160,193
19,161,181
19,162,148
19,163,155
19,164,149
19,165,154
19,166,155
19,167,160
19,168,151
19,169,161
19,170,173
19,171,185
19,172,156
19,173,170
19,174,187
19,175,158
19,176,154
19,177,172
19,178,192
19,179,1861
19,180,165
19,181,195
19,182,166
19,183,213
19,184,175
19,185,198
19,186,148
19,187,173
19,188,193
19,189,187
19,190,150
19,191,209
19,192,164
19,193,186
19,194,151
19,195,187
19,196,159
19,197,214
19,198,190
19,199,183
19,200,169
19,201,201
19,202,177
19,203,199
19,204,165
19,205,207
19,206,174
19,207,213
19,208,173
19,209,220
19,210,1513
19,211,254
19,212,175
19,213,336
19,214,205
19,215,352
19,216,176
19,217,245
19,218,191
19,219,275
19,220,203
19,221,708
19,222,202
19,223,278
19,224,213
19,225,297
19,226,217
19,227,308
19,228,220
19,229,311
19,230,243
19,231,306
19,232,246
19,233,338
19,234,263
19,235,3490
19,236,281
19,237,366
19,238,356
19,239,386
19,240,330
19,241,400
19,242,365
19,243,425
19,244,371
19,245,630
19,246,458
19,247,467
19,248,419
19,249,503
19,250,440
19,251,513
19,252,475
19,253,517
19,254,549
19,255,505
19,256,425
20,1,283
20,2,326
20,3,303
20,4,329
20,5,305
20,6,329
20,7,333
20,8,561
20,9,326
20,10,366
20,11,323
20,12,350
20,13,387
20,14,363
20,15,344
20,16,369
20,17,326
20,18,359
20,19,322
20,20,355
20,21,311
20,22,366
20,23,2418
20,24,361
20,25,337
20,26,363
20,27,356
20,28,811
20,29,343
20,30,459
20,31,363
20,32,390
20,33,361
20,34,440
20,35,381
20,36,413
20,37,417
20,38,533
20,39,410
20,40,439
20,41,401
20,42,447
20,43,416
20,44,421
20,45,342
20,46,346
20,47,285
20,48,253
20,49,269
20,50,233
20,51,323
20,52,328
20,53,242
20,54,270
20,55,274
20,56,266
20,57,240
20,58,261
20,59,385
20,60,260
20,61,272
20,62,259
20,63,234
20,64,311
20,65,233
20,66,247
20,67,250
20,68,278
20,69,239
20,70,249
20,71,411
20,72,241
20,73,350
20,74,243
20,75,251
20,76,276
20,77,256
20,78,247
20,79,237
20,80,261
20,81,230
20,82,224
20,83,233
20,84,225
20,85,213
20,86,227
20,87,223
20,88,282
20,89,218
20,90,231
20,91,230
20,92,271
20,93,247
20,94,219
20,95,234
20,96,214
20,97,230
20,98,216
20,99,232
20,100,220
20,101,216
20,102,212
20,103,279
20,104,215
20,105,211
20,106,200
20,107,209
20,108,213
20,109,211
20,110,203
20,111,209
20,112,207
20,113,195
20,114,210
20,115,198
20,116,205
20,117,195
20,118,207
20,119,223
20,120,203
20,121,190
20,122,207
20,123,181
20,124,227
20,125,176
20,126,199
20,127,188
20,128,193
20,129,162
20,130,190
20,131,161
20,132,173
20,133,155
20,134,138
20,135,165
20,136,116
20,137,141
20,138,137
20,139,157
20,140,134
20,141,138
20,142,124
20,143,1522
20,144,424
20,145,158
20,146,125
20,147,143
20,148,212
20,149,145
20,150,141
20,151,143
20,152,139
20,153,146
20,154,132
20,155,184
20,156,146
20,157,184
20,158,160
20,159,164
20,160,193
20,161,181
20,162,148
20,163,155
20,164,149
20,165,154
20,166,155
20,167,160
20,168,151
20,169,161
20,170,173
20,171,185
20,172,156
20,173,170
20,174,187
20,175,158
20,176,154
20,177,172
20,178,192
20,179,1861
20,180,165
20,181,195
20,182,166
20,183,213
20,184,175
20,185,198
20,186,148
20,187,173
20,188,193
20,189,187
20,190,150
20,191,209
20,192,164
20,193,186
20,194,151
20,195,187
20,196,159
20,197,214
20,198,190
20,199,183
20,200,169
20,201,201
20,202,177
20,203,199
20,204,165
20,205,207
20,206,174
20,207,213
20,208,173
20,209,220
20,210,1513
20,211,254
20,212,175
20,213,336
20,214,205
20,215,352
20,216,176
20,217,245
20,218,191
20,219,275
20,220,203
20,221,708
20,222,202
20,223,278
20,224,213
20,225,297
20,226,217
20,227,308
20,228,220
20,229,311
20,230,243
20,231,306
20,232,246
20,233,338
20,234,263
20,235,3490
20,236,281
20,237,366
20,238,356
20,239,386
20,240,330
20,241,400
20,242,365
20,243,425
20,244,371
20,245,630
20,246,458
20,247,467
20,248,419
20,249,503
20,250,440
20,251,513
20,252,475
20,253,517
20,254,549
20,255,505
20,256,425
21,1,286
21,2,325
21,3,303
21,4,330
21,5,306
21,6,329
21,7,334
21,8,564
21,9,326
21,10,368
21,11,323
21,12,351
21,13,388
21,14,363
21,15,346
21,16,369
21,17,326
21,18,360
21,19,324
21,20,354
21,21,314
21,22,368
21,23,2421
21,24,362
21,25,337
21,26,364
21,27,357
21,28,811
21,29,344
21,30,449
21,31,364
21,32,391
21,33,363
21,34,411
21,35,382
21,36,414
21,37,422
21,38,536
21,39,412
21,40,439
21,41,402
21,42,446
21,43,417
21,44,422
21,45,342
21,46,346
21,47,286
21,48,252
21,49,275
21,50,233
21,51,319
21,52,334
21,53,243
21,54,271
21,55,274
21,56,266
21,57,240
21,58,261
21,59,387
21,60,261
21,61,271
21,62,258
21,63,235
21,64,312
21,65,234
21,66,247
21,67,251
21,68,279
21,69,238
21,70,248
21,71,413
21,72,242
21,73,350
21,74,246
21,75,251
21,76,277
21,77,256
21,78,246
21,79,239
21,80,262
21,81,231
21,82,225
21,83,235
21,84,227
21,85,214
21,86,225
21,87,225
21,88,281
21,89,219
21,90,232
21,91,232
21,92,270
21,93,217
21,94,220
21,95,235
21,96,214
21,97,230
21,98,217
21,99,233
21,100,221
21,101,216
21,102,212
21,103,278
21,104,215
21,105,212
21,106,201
21,107,210
21,108,214
21,109,213
21,110,204
21,111,211
21,112,209
21,113,195
21,114,211
21,115,199
21,116,205
21,117,197
21,118,206
21,119,224
21,120,203
21,121,191
21,122,207
21,123,181
21,124,223
21,125,178
21,126,200
21,127,189
21,128,194
21,129,162
21,130,190
21,131,163
21,132,177
21,133,157
21,134,138
21,135,166
21,136,117
21,137,143
21,138,137
21,139,159
21,140,134
21,141,139
21,142,124
21,143,1523
21,144,424
21,145,159
21,146,125
21,147,145
21,148,211
21,149,146
21,150,141
21,151,145
21,152,140
21,153,147
21,154,133
21,155,185
21,156,147
21,157,187
21,158,160
21,159,165
21,160,197
21,161,183
21,162,149
21,163,155
21,164,149
21,165,155
21,166,155
21,167,159
21,168,151
21,169,164
21,170,173
21,171,187
21,172,157
21,173,171
21,174,188
21,175,160
21,176,155
21,177,173
21,178,194
21,179,1849
21,180,165
21,181,196
21,182,166
21,183,214
21,184,174
21,185,200
21,186,149
21,187,174
21,188,185
21,189,189
21,190,150
21,191,210
21,192,164
21,193,187
21,194,151
21,195,187
21,196,158
21,197,214
21,198,192
21,199,185
21,200,169
21,201,201
21,202,177
21,203,200
21,204,164
21,205,209
21,206,174
21,207,213
21,208,174
21,209,222
21,210,1512
21,211,256
21,212,176
21,213,338
21,214,203
21,215,348
21,216,176
21,217,246
21,218,191
21,219,275
21,220,202
21,221,711
21,222,205
21,223,280
21,224,214
21,225,298
21,226,217
21,227,308
21,228,220
21,229,311
21,230,243
21,231,307
21,232,248
21,233,339
21,234,263
21,235,3494
21,236,282
21,237,366
21,238,357
21,239,386
21,240,330
21,241,401
21,242,367
21,243,427
21,244,372
21,245,629
21,246,459
21,247,467
21,248,419
21,249,503
21,250,437
21,251,514
21,252,475
21,253,520
21,254,539
21,255,506
21,256,426
22,1,286
22,2,325
22,3,303
22,4,330
22,5,306
22,6,329
22,7,334
22,8,564
22,9,326
22,10,368
22,11,323
22,12,351
22,13,388
22,14,363
22,15,346
22,16,369
22,17,326
22,18,360
22,19,324
22,20,354
22,21,314
22,22,368
22,23,2421
22,24,362
22,25,337
22,26,364
22,27,357
22,28,811
22,29,344
22,30,449
22,31,364
22,32,391
22,33,363
22,34,411
22,35,382
22,36,414
22,37,422
22,38,536
22,39,412
22,40,439
22,41,402
22,42,446
22,43,417
22,44,422
22,45,342
22,46,346
22,47,286
22,48,252
22,49,275
22,50,233
22,51,319
22,52,334
22,53,243
22,54,271
22,55,274
22,56,266
22,57,240
22,58,261
22,59,387
22,60,261
22,61,271
22,62,258
22,63,235
22,64,312
22,65,234
22,66,247
22,67,251
22,68,279
22,69,238
22,70,248
22,71,413
22,72,242
22,73,350
22,74,246
22,75,251
22,76,277
22,77,256
22,78,246
22,79,239
22,80,262
22,81,231
22,82,225
22,83,235
22,84,227
22,85,214
22,86,225
22,87,225
22,88,281
22,89,219
22,90,232
22,91,232
22,92,270
22,93,217
22,94,220
22,95,235
22,96,214
22,97,230
22,98,217
22,99,233
22,100,221
22,101,216
22,102,212
22,103,278
22,104,215
22,105,212
22,106,201
22,107,210
22,108,214
22,109,213
22,110,204
22,111,211
22,112,209
22,113,195
22,114,211
22,115,199
22,116,205
22,117,197
22,118,206
22,119,224
22,120,203
22,121,191
22,122,207
22,123,181
22,124,223
22,125,178
22,126,200
22,127,189
22,128,194
22,129,162
22,130,190
22,131,163
22,132,177
22,133,157
22,134,138
22,135,166
22,136,117
22,137,143
22,138,137
22,139,159
22,140,134
22,141,139
22,142,124
22,143,1523
22,144,424
22,145,159
22,146,125
22,147,145
22,148,211
22,149,146
22,150,141
22,151,145
22,152,140
22,153,147
22,154,133
22,155,185
22,156,147
22,157,187
22,158,160
22,159,165
22,160,197
22,161,183
22,162,149
22,163,155
22,164,149
22,165,155
22,166,155
22,167,159
22,168,151
22,169,164
22,170,173
22,171,187
22,172,157
22,173,171
22,174,188
22,175,160
22,176,155
22,177,173
22,178,194
22,179,1849
22,180,165
22,181,196
22,182,166
22,183,214
22,184,174
22,185,200
22,186,149
22,187,174
22,188,185
22,189,189
22,190,150
22,191,210
22,192,164
22,193,187
22,194,151
22,195,187
22,196,158
22,197,214
22,198,192
22,199,185
22,200,169
22,201,201
22,202,177
22,203,200
22,204,164
22,205,209
22,206,174
22,207,213
22,208,174
22,209,222
22,210,1512
22,211,256
22,212,176
22,213,338
22,214,203
22,215,348
22,216,176
22,217,246
22,218,191
22,219,275
22,220,202
22,221,711
22,222,205
22,223,280
22,224,214
22,225,298
22,226,217
22,227,308
22,228,220
22,229,311
22,230,243
22,231,307
22,232,248
22,233,339
22,234,263
22,235,3494
22,236,282
22,237,366
22,238,357
22,239,386
22,240,330
22,241,401
22,242,367
22,243,427
22,244,372
22,245,629
22,246,459
22,247,467
22,248,419
22,249,503
22,250,437
22,251,514
22,252,475
22,253,520
22,254,539
22,255,506
22,256,426
23,1,286
23,2,325
23,3,303
23,4,331
23,5,305
23,6,329
23,7,333
23,8,561
23,9,325
23,10,367
23,11,323
23,12,351
23,13,386
23,14,363
23,15,342
23,16,368
23,17,326
23,18,360
23,19,322
23,20,354
23,21,313
23,22,367
23,23,2409
23,24,361
23,25,337
23,26,361
23,27,356
23,28,813
23,29,343
23,30,447
23,31,363
23,32,391
23,33,363
23,34,413
23,35,382
23,36,413
23,37,422
23,38,538
23,39,411
23,40,441
23,41,401
23,42,445
23,43,416
23,44,424
23,45,340
23,46,346
23,47,286
23,48,252
23,49,271
23,50,232
23,51,325
23,52,330
23,53,242
23,54,271
23,55,273
23,56,265
23,57,241
23,58,261
23,59,386
23,60,262
23,61,270
23,62,258
23,63,235
23,64,311
23,65,234
23,66,247
23,67,250
23,68,277
23,69,240
23,70,250
23,71,413
23,72,241
23,73,337
23,74,245
23,75,249
23,76,277
23,77,257
23,78,249
23,79,238
23,80,261
23,81,230
23,82,224
23,83,234
23,84,228
23,85,213
23,86,225
23,87,225
23,88,281
23,89,219
23,90,232
23,91,231
23,92,269
23,93,218
23,94,219
23,95,235
23,96,214
23,97,231
23,98,218
23,99,232
23,100,220
23,101,216
23,102,212
23,103,276
23,104,215
23,105,211
23,106,200
23,107,210
23,108,214
23,109,212
23,110,203
23,111,211
23,112,207
23,113,194
23,114,210
23,115,200
23,116,206
23,117,197
23,118,207
23,119,223
23,120,202
23,121,192
23,122,208
23,123,182
23,124,222
23,125,177
23,126,200
23,127,189
23,128,193
23,129,164
23,130,190
23,131,162
23,132,173
23,133,157
23,134,139
23,135,167
23,136,116
23,137,142
23,138,138
23,139,158
23,140,133
23,141,137
23,142,125
23,143,1521
23,144,424
23,145,160
23,146,125
23,147,144
23,148,211
23,149,145
23,150,141
23,151,145
23,152,139
23,153,147
23,154,133
23,155,185
23,156,147
23,157,185
23,158,160
23,159,165
23,160,197
23,161,183
23,162,149
23,163,155
23,164,148
23,165,156
23,166,156
23,167,159
23,168,152
23,169,162
23,170,172
23,171,186
23,172,157
23,173,169
23,174,187
23,175,159
23,176,155
23,177,174
23,178,194
23,179,1850
23,180,164
23,181,193
23,182,165
23,183,211
23,184,176
23,185,199
23,186,148
23,187,174
23,188,185
23,189,187
23,190,150
23,191,210
23,192,163
23,193,187
23,194,151
23,195,188
23,196,158
23,197,215
23,198,191
23,199,184
23,200,169
23,201,202
23,202,176
23,203,199
23,204,165
23,205,208
23,206,173
23,207,213
23,208,173
23,209,222
23,210,1510
23,211,255
23,212,177
23,213,334
23,214,204
23,215,350
23,216,176
23,217,246
23,218,192
23,219,275
23,220,203
23,221,709
23,222,204
23,223,281
23,224,213
23,225,298
23,226,218
23,227,308
23,228,221
23,229,312
23,230,242
23,231,308
23,232,247
23,233,339
23,234,262
23,235,3489
23,236,283
23,237,366
23,238,356
23,239,388
23,240,330
23,241,399
23,242,365
23,243,429
23,244,373
23,245,630
23,246,458
23,247,469
23,248,419
23,249,502
23,250,439
23,251,515
23,252,474
23,253,519
23,254,540
23,255,505
23,256,424
24,1,286
24,2,325
24,3,303
24,4,331
24,5,305
24,6,329
24,7,333
24,8,561
24,9,325
24,10,367
24,11,323
24,12,351
24,13,386
24,14,363
24,15,342
24,16,368
24,17,326
24,18,360
24,19,322
24,20,354
24,21,313
24,22,367
24,23,2409
24,24,361
24,25,337
24,26,361
24,27,356
24,28,813
24,29,343
24,30,447
24,31,363
24,32,391
24,33,363
24,34,413
24,35,382
24,36,413
24,37,422
24,38,538
24,39,411
24,40,441
24,41,401
24,42,445
24,43,416
24,44,424
24,45,340
24,46,346
24,47,286
24,48,252
24,49,271
24,50,232
24,51,325
24,52,330
24,53,242
24,54,271
24,55,273
24,56,265
24,57,241
24,58,261
24,59,386
24,60,262
24,61,270
24,62,258
24,63,235
24,64,311
24,65,234
24,66,247
24,67,250
24,68,277
24,69,240
24,70,250
24,71,413
24,72,241
24,73,337
24,74,245
24,75,249
24,76,277
24,77,257
24,78,249
24,79,238
24,80,261
24,81,230
24,82,224
24,83,234
24,84,228
24,85,213
24,86,225
24,87,225
24,88,281
24,89,219
24,90,232
24,91,231
24,92,269
24,93,218
24,94,219
24,95,235
24,96,214
24,97,231
24,98,218
24,99,232
24,100,220
24,101,216
24,102,212
24,103,276
24,104,215
24,105,211
24,106,200
24,107,210
24,108,214
24,109,212
24,110,203
24,111,211
24,112,207
24,113,194
24,114,210
24,115,200
24,116,206
24,117,197
24,118,207
24,119,223
24,120,202
24,121,192
24,122,208
24,123,182
24,124,222
24,125,177
24,126,200
24,127,189
24,128,193
24,129,164
24,130,190
24,131,162
24,132,173
24,133,157
24,134,139
24,135,167
24,136,116
24,137,142
24,138,138
24,139,158
24,140,133
24,141,137
24,142,125
24,143,1521
24,144,424
24,145,160
24,146,125
24,147,144
24,148,211
24,149,145
24,150,141
24,151,145
24,152,139
24,153,147
24,154,133
24,155,185
24,156,147
24,157,185
24,158,160
24,159,165
24,160,197
24,161,183
24,162,149
24,163,155
24,164,148
24,165,156
24,166,156
24,167,159
24,168,152
24,169,162
24,170,172
24,171,186
24,172,157
24,173,169
24,174,187
24,175,159
24,176,155
24,177,174
24,178,194
24,179,1850
24,180,164
24,181,193
24,182,165
24,183,211
24,184,176
24,185,199
24,186,148
24,187,174
24,188,185
24,189,187
24,190,150
24,191,210
24,192,163
24,193,187
24,194,151
24,195,188
24,196,158
24,197,215
24,198,191
24,199,184
24,200,169
24,201,202
24,202,176
24,203,199
24,204,165
24,205,208
24,206,173
24,207,213
24,208,173
24,209,222
24,210,1510
24,211,255
24,212,177
24,213,334
24,214,204
24,215,350
24,216,176
24,217,246
24,218,192
24,219,275
24,220,203
24,221,709
24,222,204
24,223,281
24,224,213
24,225,298
24,226,218
24,227,308
24,228,221
24,229,312
24,230,242
24,231,308
24,232,247
24,233,339
24,234,262
24,235,3489
24,236,283
24,237,366
24,238,356
24,239,388
24,240,330
24,241,399
24,242,365
24,243,429
24,244,373
24,245,630
24,246,458
24,247,469
24,248,419
24,249,502
24,250,439
24,251,515
24,252,474
24,253,519
24,254,540
24,255,505
24,256,424
25,1,285
25,2,325
25,3,303
25,4,329
25,5,305
25,6,329
25,7,333
25,8,567
25,9,324
25,10,366
25,11,323
25,12,350
25,13,387
25,14,363
25,15,344
25,16,370
25,17,325
25,18,361
25,19,322
25,20,355
25,21,314
25,22,367
25,23,2417
25,24,359
25,25,338
25,26,362
25,27,358
25,28,813
25,29,345
25,30,457
25,31,364
25,32,393
25,33,363
25,34,412
25,35,382
25,36,414
25,37,420
25,38,535
25,39,412
25,40,439
25,41,400
25,42,443
25,43,416
25,44,423
25,45,342
25,46,346
25,47,286
25,48,251
25,49,270
25,50,233
25,51,321
25,52,328
25,53,242
25,54,271
25,55,276
25,56,266
25,57,240
25,58,260
25,59,387
25,60,260
25,61,271
25,62,258
25,63,234
25,64,310
25,65,239
25,66,343
25,67,251
25,68,280
25,69,239
25,70,249
25,71,412
25,72,241
25,73,338
25,74,244
25,75,251
25,76,275
25,77,256
25,78,249
25,79,238
25,80,260
25,81,230
25,82,224
25,83,232
25,84,226
25,85,214
25,86,224
25,87,225
25,88,281
25,89,218
25,90,232
25,91,230
25,92,270
25,93,218
25,94,219
25,95,233
25,96,215
25,97,231
25,98,217
25,99,232
25,100,221
25,101,217
25,102,211
25,103,281
25,104,215
25,105,213
25,106,201
25,107,211
25,108,215
25,109,211
25,110,203
25,111,210
25,112,208
25,113,195
25,114,211
25,115,200
25,116,205
25,117,198
25,118,207
25,119,224
25,120,203
25,121,190
25,122,207
25,123,182
25,124,222
25,125,178
25,126,200
25,127,189
25,128,192
25,129,163
25,130,190
25,131,164
25,132,174
25,133,156
25,134,138
25,135,166
25,136,116
25,137,142
25,138,137
25,139,158
25,140,133
25,141,140
25,142,121
25,143,1523
25,144,423
25,145,159
25,146,126
25,147,144
25,148,212
25,149,146
25,150,140
25,151,146
25,152,140
25,153,146
25,154,134
25,155,185
25,156,147
25,157,185
25,158,160
25,159,165
25,160,197
25,161,182
25,162,148
25,163,156
25,164,148
25,165,156
25,166,154
25,167,159
25,168,150
25,169,163
25,170,172
25,171,185
25,172,157
25,173,171
25,174,187
25,175,160
25,176,154
25,177,172
25,178,195
25,179,1847
25,180,163
25,181,195
25,182,166
25,183,211
25,184,175
25,185,200
25,186,149
25,187,174
25,188,191
25,189,187
25,190,147
25,191,210
25,192,164
25,193,186
25,194,150
25,195,186
25,196,159
25,197,214
25,198,192
25,199,184
25,200,168
25,201,202
25,202,178
25,203,199
25,204,164
25,205,207
25,206,172
25,207,213
25,208,173
25,209,222
25,210,1511
25,211,256
25,212,177
25,213,336
25,214,204
25,215,349
25,216,175
25,217,246
25,218,190
25,219,274
25,220,202
25,221,713
25,222,202
25,223,280
25,224,213
25,225,298
25,226,218
25,227,307
25,228,221
25,229,312
25,230,242
25,231,306
25,232,247
25,233,339
25,234,262
25,235,3488
25,236,280
25,237,367
25,238,355
25,239,387
25,240,331
25,241,400
25,242,364
25,243,428
25,244,372
25,245,627
25,246,459
25,247,468
25,248,419
25,249,502
25,250,439
25,251,512
25,252,474
25,253,518
25,254,538
25,255,506
25,256,424
26,1,285
26,2,325
26,3,303
26,4,329
26,5,305
26,6,329
26,7,333
26,8,567
26,9,324
26,10,366
26,11,323
26,12,350
26,13,387
26,14,363
26,15,344
26,16,370
26,17,325
26,18,361
26,19,322
26,20,355
26,21,314
26,22,367
26,23,2417
26,24,359
26,25,338
26,26,362
26,27,358
26,28,813
26,29,345
26,30,457
26,31,364
26,32,393
26,33,363
26,34,412
26,35,382
26,36,414
26,37,420
26,38,535
26,39,412
26,40,439
26,41,400
26,42,443
26,43,416
26,44,423
26,45,342
26,46,346
26,47,286
26,48,251
26,49,270
26,50,233
26,51,321
26,52,328
26,53,242
26,54,271
26,55,276
26,56,266
26,57,240
26,58,260
26,59,387
26,60,260
26,61,271
26,62,258
26,63,234
26,64,310
26,65,239
26,66,343
26,67,251
26,68,280
26,69,239
26,70,249
26,71,412
26,72,241
26,73,338
26,74,244
26,75,251
26,76,275
26,77,256
26,78,249
26,79,238
26,80,260
26,81,230
26,82,224
26,83,232
26,84,226
26,85,214
26,86,224
26,87,225
26,88,281
26,89,218
26,90,232
26,91,230
26,92,270
26,93,218
26,94,219
26,95,233
26,96,215
26,97,231
26,98,217
26,99,232
26,100,221
26,101,217
26,102,211
26,103,281
26,104,215
26,105,213
26,106,201
26,107,211
26,108,215
26,109,211
26,110,203
26,111,210
26,112,208
26,113,195
26,114,211
26,115,200
26,116,205
26,117,198
26,118,207
26,119,224
26,120,203
26,121,190
26,122,207
26,123,182
26,124,222
26,125,178
26,126,200
26,127,189
26,128,192
26,129,163
26,130,190
26,131,164
26,132,174
26,133,156
26,134,138
26,135,166
26,136,116
26,137,142
26,138,137
26,139,158
26,140,133
26,141,140
26,142,121
26,143,1523
26,144,423
26,145,159
26,146,126
26,147,144
26,148,212
26,149,146
26,150,140
26,151,146
26,152,140
26,153,146
26,154,134
26,155,185
26,156,147
26,157,185
26,158,160
26,159,165
26,160,197
26,161,182
26,162,148
26,163,156
26,164,148
26,165,156
26,166,154
26,167,159
26,168,150
26,169,163
26,170,172
26,171,185
26,172,157
26,173,171
26,174,187
26,175,160
26,176,154
26,177,172
26,178,195
26,179,1847
26,180,163
26,181,195
26,182,166
26,183,211
26,184,175
26,185,200
26,186,149
26,187,174
26,188,191
26,189,187
26,190,147
26,191,210
26,192,164
26,193,186
26,194,150
26,195,186
26,196,159
26,197,214
26,198,192
26,199,184
26,200,168
26,201,202
26,202,178
26,203,199
26,204,164
26,205,207
26,206,172
26,207,213
26,208,173
26,209,222
26,210,1511
26,211,256
26,212,177
26,213,336
26,214,204
26,215,349
26,216,175
26,217,246
26,218,190
26,219,274
26,220,202
26,221,713
26,222,202
26,223,280
26,224,213
26,225,298
26,226,218
26,227,307
26,228,221
26,229,312
26,230,242
26,231,306
26,232,247
26,233,339
26,234,262
26,235,3488
26,236,280
26,237,367
26,238,355
26,239,387
26,240,331
26,241,400
26,242,364
26,243,428
26,244,372
26,245,627
26,246,459
26,247,468
26,248,419
26,249,502
26,250,439
26,251,512
26,252,474
26,253,518
26,254,538
26,255,506
26,256,424
27,1,286
27,2,326
27,3,304
27,4,330
27,5,306
27,6,330
27,7,334
27,8,566
27,9,325
27,10,367
27,11,326
27,12,352
27,13,393
27,14,363
27,15,343
27,16,370
27,17,326
27,18,360
27,19,324
27,20,354
27,21,314
27,22,368
27,23,2414
27,24,362
27,25,337
27,26,365
27,27,356
27,28,814
27,29,344
27,30,450
27,31,363
27,32,394
27,33,365
27,34,413
27,35,382
27,36,413
27,37,421
27,38,536
27,39,413
27,40,440
27,41,403
27,42,444
27,43,418
27,44,424
27,45,343
27,46,346
27,47,286
27,48,252
27,49,269
27,50,233
27,51,322
27,52,331
27,53,243
27,54,271
27,55,276
27,56,266
27,57,240
27,58,262
27,59,388
27,60,262
27,61,272
27,62,260
27,63,235
27,64,312
27,65,234
27,66,248
27,67,250
27,68,280
27,69,237
27,70,252
27,71,412
27,72,240
27,73,347
27,74,246
27,75,253
27,76,277
27,77,257
27,78,248
27,79,239
27,80,263
27,81,232
27,82,223
27,83,234
27,84,228
27,85,214
27,86,225
27,87,225
27,88,282
27,89,218
27,90,234
27,91,230
27,92,268
27,93,218
27,94,220
27,95,234
27,96,214
27,97,231
27,98,220
27,99,233
27,100,223
27,101,217
27,102,213
27,103,281
27,104,216
27,105,211
27,106,202
27,107,211
27,108,214
27,109,213
27,110,203
27,111,211
27,112,207
27,113,195
27,114,213
27,115,201
27,116,207
27,117,197
27,118,207
27,119,225
27,120,204
27,121,191
27,122,209
27,123,182
27,124,228
27,125,178
27,126,200
27,127,189
27,128,194
27,129,163
27,130,191
27,131,163
27,132,175
27,133,157
27,134,138
27,135,166
27,136,117
27,137,144
27,138,137
27,139,158
27,140,134
27,141,138
27,142,123
27,143,1523
27,144,424
27,145,161
27,146,125
27,147,145
27,148,213
27,149,147
27,150,141
27,151,145
27,152,141
27,153,147
27,154,134
27,155,187
27,156,147
27,157,187
27,158,160
27,159,166
27,160,199
27,161,183
27,162,149
27,163,155
27,164,149
27,165,155
27,166,155
27,167,159
27,168,152
27,169,163
27,170,174
27,171,188
27,172,157
27,173,171
27,174,190
27,175,161
27,176,155
27,177,173
27,178,192
27,179,1850
27,180,164
27,181,191
27,182,167
27,183,211
27,184,176
27,185,200
27,186,149
27,187,175
27,188,193
27,189,190
27,190,151
27,191,211
27,192,165
27,193,187
27,194,151
27,195,187
27,196,160
27,197,216
27,198,193
27,199,184
27,200,169
27,201,202
27,202,178
27,203,200
27,204,165
27,205,208
27,206,175
27,207,214
27,208,174
27,209,222
27,210,1510
27,211,256
27,212,177
27,213,334
27,214,205
27,215,351
27,216,178
27,217,247
27,218,191
27,219,275
27,220,203
27,221,714
27,222,203
27,223,279
27,224,214
27,225,297
27,226,219
27,227,308
27,228,221
27,229,311
27,230,244
27,231,308
27,232,250
27,233,337
27,234,263
27,235,3475
27,236,282
27,237,367
27,238,359
27,239,386
27,240,331
27,241,400
27,242,366
27,243,427
27,244,371
27,245,627
27,246,461
27,247,469
27,248,421
27,249,504
27,250,440
27,251,513
27,252,477
27,253,520
27,254,541
27,255,507
27,256,424
28,1,286
28,2,326
28,3,304
28,4,330
28,5,306
28,6,330
28,7,334
28,8,566
28,9,325
28,10,367
28,11,326
28,12,352
28,13,393
28,14,363
28,15,343
28,16,370
28,17,326
28,18,360
28,19,324
28,20,354
28,21,314
28,22,368
28,23,2414
28,24,362
28,25,337
28,26,365
28,27,356
28,28,814
28,29,344
28,30,450
28,31,363
28,32,394
28,33,365
28,34,413
28,35,382
28,36,413
28,37,421
28,38,536
28,39,413
28,40,440
28,41,403
28,42,444
28,43,418
28,44,424
28,45,343
28,46,346
28,47,286
28,48,252
28,49,269
28,50,233
28,51,322
28,52,331
28,53,243
28,54,271
28,55,276
28,56,266
28,57,240
28,58,262
28,59,388
28,60,262
28,61,272
28,62,260
28,63,235
28,64,312
28,65,234
28,66,248
28,67,250
28,68,280
28,69,237
28,70,252
28,71,412
28,72,240
28,73,347
28,74,246
28,75,253
28,76,277
28,77,257
28,78,248
28,79,239
28,80,263
28,81,232
28,82,223
28,83,234
28,84,228
28,85,214
28,86,225
28,87,225
28,88,282
28,89,218
28,90,234
28,91,230
28,92,268
28,93,218
28,94,220
28,95,234
28,96,214
28,97,231
28,98,220
28,99,233
28,100,223
28,101,217
28,102,213
28,103,281
28,104,216
28,105,211
28,106,202
28,107,211
28,108,214
28,109,213
28,110,203
28,111,211
28,112,207
28,113,195
28,114,213
28,115,201
28,116,207
28,117,197
28,118,207
28,119,225
28,120,204
28,121,191
28,122,209
28,123,182
28,124,228
28,125,178
28,126,200
28,127,189
28,128,194
28,129,163
28,130,191
28,131,163
28,132,175
28,133,157
28,134,138
28,135,166
28,136,117
28,137,144
28,138,137
28,139,158
28,140,134
28,141,138
28,142,123
28,143,1523
28,144,424
28,145,161
28,146,125
28,147,145
28,148,213
28,149,147
28,150,141
28,151,145
28,152,141
28,153,147
28,154,134
28,155,187
28,156,147
28,157,187
28,158,160
28,159,166
28,160,199
28,161,183
28,162,149
28,163,155
28,164,149
28,165,155
28,166,155
28,167,159
28,168,152
28,169,163
28,170,174
28,171,188
28,172,157
28,173,171
28,174,190
28,175,161
28,176,155
28,177,173
28,178,192
28,179,1850
28,180,164
28,181,191
28,182,167
28,183,211
28,184,176
28,185,200
28,186,149
28,187,175
28,188,193
28,189,190
28,190,151
28,191,211
28,192,165
28,193,187
28,194,151
28,195,187
28,196,160
28,197,216
28,198,193
28,199,184
28,200,169
28,201,202
28,202,178
28,203,200
28,204,165
28,205,208
28,206,175
28,207,214
28,208,174
28,209,222
28,210,1510
28,211,256
28,212,177
28,213,334
28,214,205
28,215,351
28,216,178
28,217,247
28,218,191
28,219,275
28,220,203
28,221,714
28,222,203
28,223,279
28,224,214
28,225,297
28,226,219
28,227,308
28,228,221
28,229,311
28,230,244
28,231,308
28,232,250
28,233,337
28,234,263
28,235,3475
28,236,282
28,237,367
28,238,359
28,239,386
28,240,331
28,241,400
28,242,366
28,243,427
28,244,371
28,245,627
28,246,461
28,247,469
28,248,421
28,249,504
28,250,440
28,251,513
28,252,477
28,253,520
28,254,541
28,255,507
28,256,424
29,1,286
29,2,326
29,3,304
29,4,330
29,5,306
29,6,330
29,7,334
29,8,566
29,9,325
29,10,367
29,11,325
29,12,353
29,13,387
29,14,363
29,15,343
29,16,368
29,17,325
29,18,361
29,19,322
29,20,355
29,21,313
29,22,369
29,23,2413
29,24,361
29,25,337
29,26,362
29,27,357
29,28,814
29,29,345
29,30,459
29,31,363
29,32,394
29,33,363
29,34,411
29,35,383
29,36,415
29,37,420
29,38,535
29,39,411
29,40,441
29,41,402
29,42,444
29,43,418
29,44,424
29,45,342
29,46,345
29,47,287
29,48,253
29,49,269
29,50,233
29,51,316
29,52,334
29,53,242
29,54,271
29,55,272
29,56,266
29,57,241
29,58,262
29,59,387
29,60,261
29,61,272
29,62,259
29,63,234
29,64,312
29,65,234
29,66,248
29,67,249
29,68,280
29,69,242
29,70,251
29,71,414
29,72,242
29,73,352
29,74,245
29,75,251
29,76,277
29,77,258
29,78,248
29,79,239
29,80,261
29,81,231
29,82,224
29,83,233
29,84,228
29,85,214
29,86,227
29,87,223
29,88,281
29,89,220
29,90,231
29,91,231
29,92,271
29,93,218
29,94,220
29,95,234
29,96,215
29,97,231
29,98,216
29,99,233
29,100,221
29,101,216
29,102,212
29,103,279
29,104,215
29,105,211
29,106,201
29,107,210
29,108,214
29,109,211
29,110,203
29,111,209
29,112,208
29,113,195
29,114,209
29,115,199
29,116,207
29,117,197
29,118,207
29,119,226
29,120,205
29,121,190
29,122,208
29,123,181
29,124,221
29,125,178
29,126,198
29,127,189
29,128,195
29,129,163
29,130,191
29,131,162
29,132,174
29,133,156
29,134,138
29,135,167
29,136,117
29,137,142
29,138,138
29,139,158
29,140,134
29,141,139
29,142,124
29,143,1523
29,144,424
29,145,160
29,146,125
29,147,143
29,148,212
29,149,146
29,150,141
29,151,145
29,152,140
29,153,147
29,154,134
29,155,187
29,156,147
29,157,187
29,158,159
29,159,166
29,160,198
29,161,181
29,162,148
29,163,154
29,164,150
29,165,157
29,166,156
29,167,159
29,168,152
29,169,164
29,170,172
29,171,187
29,172,157
29,173,168
29,174,188
29,175,161
29,176,155
29,177,173
29,178,193
29,179,1849
29,180,165
29,181,197
29,182,165
29,183,214
29,184,176
29,185,199
29,186,149
29,187,174
29,188,193
29,189,189
29,190,149
29,191,209
29,192,165
29,193,187
29,194,151
29,195,187
29,196,159
29,197,213
29,198,189
29,199,184
29,200,169
29,201,201
29,202,177
29,203,200
29,204,164
29,205,208
29,206,173
29,207,214
29,208,174
29,209,222
29,210,1511
29,211,255
29,212,177
29,213,334
29,214,203
29,215,353
29,216,177
29,217,245
29,218,191
29,219,276
29,220,203
29,221,719
29,222,203
29,223,280
29,224,214
29,225,297
29,226,219
29,227,307
29,228,221
29,229,311
29,230,245
29,231,308
29,232,248
29,233,338
29,234,263
29,235,3482
29,236,282
29,237,364
29,238,358
29,239,388
29,240,330
29,241,399
29,242,364
29,243,428
29,244,372
29,245,626
29,246,462
29,247,467
29,248,419
29,249,501
29,250,439
29,251,514
29,252,475
29,253,518
29,254,539
29,255,508
29,256,425
30,1,286
30,2,326
30,3,304
30,4,330
30,5,306
30,6,330
30,7,334
30,8,566
30,9,325
30,10,367
30,11,325
30,12,353
30,13,387
30,14,363
30,15,343
30,16,368
30,17,325
30,18,361
30,19,322
30,20,355
30,21,313
30,22,369
30,23,2413
30,24,361
30,25,337
30,26,362
30,27,357
30,28,814
30,29,345
30,30,459
30,31,363
30,32,394
30,33,363
30,34,411
30,35,383
30,36,415
30,37,420
30,38,535
30,39,411
30,40,441
30,41,402
30,42,444
30,43,418
30,44,424
30,45,342
30,46,345
30,47,287
30,48,253
30,49,269
30,50,233
30,51,316
30,52,334
30,53,242
30,54,271
30,55,272
30,56,266
30,57,241
30,58,262
30,59,387
30,60,261
30,61,272
30,62,259
30,63,234
30,64,312
30,65,234
30,66,248
30,67,249
30,68,280
30,69,242
30,70,251
30,71,414
30,72,242
30,73,352
30,74,245
30,75,251
30,76,277
30,77,258
30,78,248
30,79,239
30,80,261
30,81,231
30,82,224
30,83,233
30,84,228
30,85,214
30,86,227
30,87,223
30,88,281
30,89,220
30,90,231
30,91,231
30,92,271
30,93,218
30,94,220
30,95,234
30,96,215
30,97,231
30,98,216
30,99,233
30,100,221
30,101,216
30,102,212
30,103,279
30,104,215
30,105,211
30,106,201
30,107,210
30,108,214
30,109,211
30,110,203
30,111,209
30,112,208
30,113,195
30,114,209
30,115,199
30,116,207
30,117,197
30,118,207
30,119,226
30,120,205
30,121,190
30,122,208
30,123,181
30,124,221
30,125,178
30,126,198
30,127,189
30,128,195
30,129,163
30,130,191
30,131,162
30,132,174
30,133,156
30,134,138
30,135,167
30,136,117
30,137,142
30,138,138
30,139,158
30,140,134
30,141,139
30,142,124
30,143,1523
30,144,424
30,145,160
30,146,125
30,147,143
30,148,212
30,149,146
30,150,141
30,151,145
30,152,140
30,153,147
30,154,134
30,155,187
30,156,147
30,157,187
30,158,159
30,159,166
30,160,198
30,161,181
30,162,148
30,163,154
30,164,150
30,165,157
30,166,156
30,167,159
30,168,152
30,169,164
30,170,172
30,171,187
30,172,157
30,173,168
30,174,188
30,175,161
30,176,155
30,177,173
30,178,193
30,179,1849
30,180,165
30,181,197
30,182,165
30,183,214
30,184,176
30,185,199
30,186,149
30,187,174
30,188,193
30,189,189
30,190,149
30,191,209
30,192,165
30,193,187
30,194,151
30,195,187
30,196,159
30,197,213
30,198,189
30,199,184
30,200,169
30,201,201
30,202,177
30,203,200
30,204,164
30,205,208
30,206,173
30,207,214
30,208,174
30,209,222
30,210,1511
30,211,255
30,212,177
30,213,334
30,214,203
30,215,353
30,216,177
30,217,245
30,218,191
30,219,276
30,220,203
30,221,719
30,222,203
30,223,280
30,224,214
30,225,297
30,226,219
30,227,307
30,228,221
30,229,311
30,230,245
30,231,308
30,232,248
30,233,338
30,234,263
30,235,3482
30,236,282
30,237,364
30,238,358
30,239,388
30,240,330
30,241,399
30,242,364
30,243,428
30,244,372
30,245,626
30,246,462
30,247,467
30,248,419
30,249,501
30,250,439
30,251,514
30,252,475
30,253,518
30,254,539
30,255,508
30,256,425
31,1,285
31,2,325
31,3,304
31,4,329
31,5,304
31,6,330
31,7,334
31,8,568
31,9,326
31,10,366
31,11,323
31,12,352
31,13,387
31,14,363
31,15,342
31,16,368
31,17,325
31,18,361
31,19,323
31,20,355
31,21,314
31,22,368
31,23,2411
31,24,363
31,25,337
31,26,364
31,27,356
31,28,813
31,29,345
31,30,459
31,31,363
31,32,393
31,33,364
31,34,412
31,35,382
31,36,414
31,37,421
31,38,539
31,39,411
31,40,440
31,41,403
31,42,444
31,43,417
31,44,425
31,45,342
31,46,346
31,47,287
31,48,253
31,49,271
31,50,234
31,51,318
31,52,328
31,53,242
31,54,271
31,55,273
31,56,266
31,57,242
31,58,263
31,59,388
31,60,262
31,61,273
31,62,259
31,63,234
31,64,312
31,65,233
31,66,248
31,67,252
31,68,280
31,69,238
31,70,250
31,71,414
31,72,242
31,73,353
31,74,245
31,75,251
31,76,275
31,77,258
31,78,250
31,79,240
31,80,261
31,81,231
31,82,225
31,83,233
31,84,227
31,85,214
31,86,227
31,87,224
31,88,282
31,89,218
31,90,232
31,91,231
31,92,272
31,93,218
31,94,219
31,95,233
31,96,215
31,97,231
31,98,216
31,99,233
31,100,221
31,101,217
31,102,213
31,103,281
31,104,216
31,105,211
31,106,203
31,107,210
31,108,214
31,109,210
31,110,203
31,111,211
31,112,208
31,113,196
31,114,210
31,115,201
31,116,207
31,117,198
31,118,207
31,119,225
31,120,203
31,121,190
31,122,207
31,123,182
31,124,226
31,125,178
31,126,199
31,127,189
31,128,195
31,129,164
31,130,190
31,131,162
31,132,176
31,133,157
31,134,138
31,135,165
31,136,118
31,137,143
31,138,138
31,139,158
31,140,133
31,141,139
31,142,123
31,143,1521
31,144,424
31,145,160
31,146,127
31,147,144
31,148,212
31,149,146
31,150,141
31,151,145
31,152,140
31,153,146
31,154,134
31,155,187
31,156,147
31,157,185
31,158,159
31,159,165
31,160,199
31,161,181
31,162,149
31,163,155
31,164,149
31,165,157
31,166,156
31,167,159
31,168,151
31,169,163
31,170,173
31,171,188
31,172,157
31,173,170
31,174,188
31,175,161
31,176,155
31,177,173
31,178,195
31,179,1852
31,180,165
31,181,197
31,182,166
31,183,215
31,184,176
31,185,200
31,186,150
31,187,174
31,188,192
31,189,188
31,190,150
31,191,210
31,192,164
31,193,187
31,194,152
31,195,187
31,196,160
31,197,214
31,198,190
31,199,184
31,200,169
31,201,202
31,202,178
31,203,199
31,204,165
31,205,207
31,206,174
31,207,213
31,208,174
31,209,222
31,210,1514
31,211,255
31,212,177
31,213,332
31,214,204
31,215,349
31,216,177
31,217,246
31,218,191
31,219,275
31,220,203
31,221,720
31,222,203
31,223,279
31,224,213
31,225,298
31,226,218
31,227,308
31,228,220
31,229,311
31,230,244
31,231,307
31,232,248
31,233,340
31,234,263
31,235,3467
31,236,283
31,237,366
31,238,358
31,239,389
31,240,331
31,241,399
31,242,366
31,243,429
31,244,372
31,245,629
31,246,458
31,247,468
31,248,419
31,249,504
31,250,439
31,251,513
31,252,475
31,253,520
31,254,540
31,255,506
31,256,425
32,1,285
32,2,325
32,3,304
32,4,329
32,5,304
32,6,330
32,7,334
32,8,568
32,9,326
32,10,366
32,11,323
32,12,352
32,13,387
32,14,363
32,15,342
32,16,368
32,17,325
32,18,361
32,19,323
32,20,355
32,21,314
32,22,368
32,23,2411
32,24,363
32,25,337
32,26,364
32,27,356
32,28,813
32,29,345
32,30,459
32,31,363
32,32,393
32,33,364
32,34,412
32,35,382
32,36,414
32,37,421
32,38,539
32,39,411
32,40,440
32,41,403
32,42,444
32,43,417
32,44,425
32,45,342
32,46,346
32,47,287
32,48,253
32,49,271
32,50,234
32,51,318
32,52,328
32,53,242
32,54,271
32,55,273
32,56,266
32,57,242
32,58,263
32,59,388
32,60,262
32,61,273
32,62,259
32,63,234
32,64,312
32,65,233
32,66,248
32,67,252
32,68,280
32,69,238
32,70,250
32,71,414
32,72,242
32,73,353
32,74,245
32,75,251
32,76,275
32,77,258
32,78,250
32,79,240
32,80,261
32,81,231
32,82,225
32,83,233
32,84,227
32,85,214
32,86,227
32,87,224
32,88,282
32,89,218
32,90,232
32,91,231
32,92,272
32,93,218
32,94,219
32,95,233
32,96,215
32,97,231
32,98,216
32,99,233
32,100,221
32,101,217
32,102,213
32,103,281
32,104,216
32,105,211
32,106,203
32,107,210
32,108,214
32,109,210
32,110,203
32,111,211
32,112,208
32,113,196
32,114,210
32,115,201
32,116,207
32,117,198
32,118,207
32,119,225
32,120,203
32,121,190
32,122,207
32,123,182
32,124,226
32,125,178
32,126,199
32,127,189
32,128,195
32,129,164
32,130,190
32,131,162
32,132,176
32,133,157
32,134,138
32,135,165
32,136,118
32,137,143
32,138,138
32,139,158
32,140,133
32,141,139
32,142,123
32,143,1521
32,144,424
32,145,160
32,146,127
32,147,144
32,148,212
32,149,146
32,150,141
32,151,145
32,152,140
32,153,146
32,154,134
32,155,187
32,156,147
32,157,185
32,158,159
32,159,165
32,160,199
32,161,181
32,162,149
32,163,155
32,164,149
32,165,157
32,166,156
32,167,159
32,168,151
32,169,163
32,170,173
32,171,188
32,172,157
32,173,170
32,174,188
32,175,161
32,176,155
32,177,173
32,178,195
32,179,1852
32,180,165
32,181,197
32,182,166
32,183,215
32,184,176
32,185,200
32,186,150
32,187,174
32,188,192
32,189,188
32,190,150
32,191,210
32,192,164
32,193,187
32,194,152
32,195,187
32,196,160
32,197,214
32,198,190
32,199,184
32,200,169
32,201,202
32,202,178
32,203,199
32,204,165
32,205,207
32,206,174
32,207,213
32,208,174
32,209,222
32,210,1514
32,211,255
32,212,177
32,213,332
32,214,204
32,215,349
32,216,177
32,217,246
32,218,191
32,219,275
32,220,203
32,221,720
32,222,203
32,223,279
32,224,213
32,225,298
32,226,218
32,227,308
32,228,220
32,229,311
32,230,244
32,231,307
32,232,248
32,233,340
32,234,263
32,235,3467
32,236,283
32,237,366
32,238,358
32,239,389
32,240,331
32,241,399
32,242,366
32,243,429
32,244,372
32,245,629
32,246,458
32,247,468
32,248,419
32,249,504
32,250,439
32,251,513
32,252,475
32,253,520
32,254,540
32,255,506
32,256,425
