Line,Band,Value
1,1,157
1,2,197
1,3,166
1,4,187
1,5,160
1,6,219
1,7,179
1,8,273
1,9,332
1,10,199
1,11,177
1,12,200
1,13,191
1,14,205
1,15,175
1,16,207
1,17,165
1,18,199
1,19,167
1,20,209
1,21,156
1,22,198
1,23,982
1,24,200
1,25,168
1,26,200
1,27,183
1,28,391
1,29,174
1,30,222
1,31,174
1,32,209
1,33,164
1,34,217
1,35,198
1,36,194
1,37,185
1,38,249
1,39,170
1,40,218
1,41,170
1,42,208
1,43,171
1,44,193
1,45,168
1,46,171
1,47,137
1,48,160
1,49,164
1,50,158
1,51,232
1,52,167
1,53,154
1,54,155
1,55,135
1,56,156
1,57,134
1,58,151
1,59,193
1,60,156
1,61,152
1,62,158
1,63,130
1,64,176
1,65,133
1,66,147
1,67,145
1,68,168
1,69,126
1,70,154
1,71,222
1,72,230
1,73,184
1,74,154
1,75,143
1,76,157
1,77,191
1,78,155
1,79,144
1,80,154
1,81,146
1,82,139
1,83,148
1,84,137
1,85,133
1,86,149
1,87,153
1,88,165
1,89,140
1,90,148
1,91,144
1,92,170
1,93,149
1,94,139
1,95,149
1,96,135
1,97,168
1,98,137
1,99,149
1,100,155
1,101,143
1,102,136
1,103,168
1,104,149
1,105,142
1,106,129
1,107,140
1,108,141
1,109,139
1,110,133
1,111,143
1,112,140
1,113,133
1,114,160
1,115,153
1,116,133
1,117,131
1,118,136
1,119,144
1,120,136
1,121,129
1,122,139
1,123,123
1,124,160
1,125,125
1,126,144
1,127,130
1,128,149
1,129,111
1,130,114
1,131,110
1,132,107
1,133,114
1,134,93
1,135,131
1,136,78
1,137,109
1,138,105
1,139,123
1,140,97
1,141,109
1,142,88
1,143,714
1,144,226
1,145,134
1,146,96
1,147,116
1,148,133
1,149,117
1,150,111
1,151,118
1,152,110
1,153,128
1,154,106
1,155,140
1,156,118
1,157,135
1,158,126
1,159,137
1,160,143
1,161,133
1,162,122
1,163,146
1,164,123
1,165,129
1,166,125
1,167,129
1,168,125
1,169,133
1,170,145
1,171,147
1,172,128
1,173,140
1,174,138
1,175,136
1,176,126
1,177,144
1,178,132
1,179,869
1,180,127
1,181,153
1,182,128
1,183,166
1,184,142
1,185,165
1,186,119
1,187,145
1,188,138
1,189,160
1,190,120
1,191,163
1,192,126
1,193,156
1,194,119
1,195,161
1,196,123
1,197,168
1,198,146
1,199,151
1,200,135
1,201,165
1,202,133
1,203,157
1,204,119
1,205,171
1,206,127
1,207,170
1,208,126
1,209,172
1,210,704
1,211,194
1,212,122
1,213,215
1,214,138
1,215,210
1,216,112
1,217,182
1,218,130
1,219,194
1,220,134
1,221,534
1,222,126
1,223,196
1,224,124
1,225,307
1,226,124
1,227,218
1,228,118
1,229,207
1,230,133
1,231,194
1,232,126
1,233,208
1,234,130
1,235,1434
1,236,143
1,237,215
1,238,174
1,239,212
1,240,147
1,241,215
1,242,156
1,243,223
1,244,159
1,245,306
1,246,193
1,247,293
1,248,167
1,249,243
1,250,176
1,251,242
1,252,190
1,253,238
1,254,219
1,255,227
1,256,177
2,1,157
2,2,197
2,3,166
2,4,187
2,5,160
2,6,219
2,7,179
2,8,273
2,9,332
2,10,199
2,11,177
2,12,200
2,13,191
2,14,205
2,15,175
2,16,207
2,17,165
2,18,199
2,19,167
2,20,209
2,21,156
2,22,198
2,23,982
2,24,200
2,25,168
2,26,200
2,27,183
2,28,391
2,29,174
2,30,222
2,31,174
2,32,209
2,33,164
2,34,217
2,35,198
2,36,194
2,37,185
2,38,249
2,39,170
2,40,218
2,41,170
2,42,208
2,43,171
2,44,193
2,45,168
2,46,171
2,47,137
2,48,160
2,49,164
2,50,158
2,51,232
2,52,167
2,53,154
2,54,155
2,55,135
2,56,156
2,57,134
2,58,151
2,59,193
2,60,156
2,61,152
2,62,158
2,63,130
2,64,176
2,65,133
2,66,147
2,67,145
2,68,168
2,69,126
2,70,154
2,71,222
2,72,230
2,73,184
2,74,154
2,75,143
2,76,157
2,77,191
2,78,155
2,79,144
2,80,154
2,81,146
2,82,139
2,83,148
2,84,137
2,85,133
2,86,149
2,87,153
2,88,165
2,89,140
2,90,148
2,91,144
2,92,170
2,93,149
2,94,139
2,95,149
2,96,135
2,97,168
2,98,137
2,99,149
2,100,155
2,101,143
2,102,136
2,103,168
2,104,149
2,105,142
2,106,129
2,107,140
2,108,141
2,109,139
2,110,133
2,111,143
2,112,140
2,113,133
2,114,160
2,115,153
2,116,133
2,117,131
2,118,136
2,119,144
2,120,136
2,121,129
2,122,139
2,123,123
2,124,160
2,125,125
2,126,144
2,127,130
2,128,149
2,129,111
2,130,114
2,131,110
2,132,107
2,133,114
2,134,93
2,135,131
2,136,78
2,137,109
2,138,105
2,139,123
2,140,97
2,141,109
2,142,88
2,143,714
2,144,226
2,145,134
2,146,96
2,147,116
2,148,133
2,149,117
2,150,111
2,151,118
2,152,110
2,153,128
2,154,106
2,155,140
2,156,118
2,157,135
2,158,126
2,159,137
2,160,143
2,161,133
2,162,122
2,163,146
2,164,123
2,165,129
2,166,125
2,167,129
2,168,125
2,169,133
2,170,145
2,171,147
2,172,128
2,173,140
2,174,138
2,175,136
2,176,126
2,177,144
2,178,132
2,179,869
2,180,127
2,181,153
2,182,128
2,183,166
2,184,142
2,185,165
2,186,119
2,187,145
2,188,138
2,189,160
2,190,120
2,191,163
2,192,126
2,193,156
2,194,119
2,195,161
2,196,123
2,197,168
2,198,146
2,199,151
2,200,135
2,201,165
2,202,133
2,203,157
2,204,119
2,205,171
2,206,127
2,207,170
2,208,126
2,209,172
2,210,704
2,211,194
2,212,122
2,213,215
2,214,138
2,215,210
2,216,112
2,217,182
2,218,130
2,219,194
2,220,134
2,221,534
2,222,126
2,223,196
2,224,124
2,225,307
2,226,124
2,227,218
2,228,118
2,229,207
2,230,133
2,231,194
2,232,126
2,233,208
2,234,130
2,235,1434
2,236,143
2,237,215
2,238,174
2,239,212
2,240,147
2,241,215
2,242,156
2,243,223
2,244,159
2,245,306
2,246,193
2,247,293
2,248,167
2,249,243
2,250,176
2,251,242
2,252,190
2,253,238
2,254,219
2,255,227
2,256,177
3,1,157
3,2,197
3,3,166
3,4,187
3,5,160
3,6,219
3,7,179
3,8,273
3,9,332
3,10,199
3,11,177
3,12,200
3,13,191
3,14,205
3,15,175
3,16,207
3,17,165
3,18,199
3,19,167
3,20,209
3,21,156
3,22,198
3,23,982
3,24,200
3,25,168
3,26,200
3,27,183
3,28,391
3,29,174
3,30,222
3,31,174
3,32,209
3,33,164
3,34,217
3,35,198
3,36,194
3,37,185
3,38,249
3,39,170
3,40,218
3,41,170
3,42,208
3,43,171
3,44,193
3,45,168
3,46,171
3,47,137
3,48,160
3,49,164
3,50,158
3,51,232
3,52,167
3,53,154
3,54,155
3,55,135
3,56,156
3,57,134
3,58,151
3,59,193
3,60,156
3,61,152
3,62,158
3,63,130
3,64,176
3,65,133
3,66,147
3,67,145
3,68,168
3,69,126
3,70,154
3,71,222
3,72,230
3,73,184
3,74,154
3,75,143
3,76,157
3,77,191
3,78,155
3,79,144
3,80,154
3,81,146
3,82,139
3,83,148
3,84,137
3,85,133
3,86,149
3,87,153
3,88,165
3,89,140
3,90,148
3,91,144
3,92,170
3,93,149
3,94,139
3,95,149
3,96,135
3,97,168
3,98,137
3,99,149
3,100,155
3,101,143
3,102,136
3,103,168
3,104,149
3,105,142
3,106,129
3,107,140
3,108,141
3,109,139
3,110,133
3,111,143
3,112,140
3,113,133
3,114,160
3,115,153
3,116,133
3,117,131
3,118,136
3,119,144
3,120,136
3,121,129
3,122,139
3,123,123
3,124,160
3,125,125
3,126,144
3,127,130
3,128,149
3,129,111
3,130,114
3,131,110
3,132,107
3,133,114
3,134,93
3,135,131
3,136,78
3,137,109
3,138,105
3,139,123
3,140,97
3,141,109
3,142,88
3,143,714
3,144,226
3,145,134
3,146,96
3,147,116
3,148,133
3,149,117
3,150,111
3,151,118
3,152,110
3,153,128
3,154,106
3,155,140
3,156,118
3,157,135
3,158,126
3,159,137
3,160,143
3,161,133
3,162,122
3,163,146
3,164,123
3,165,129
3,166,125
3,167,129
3,168,125
3,169,133
3,170,145
3,171,147
3,172,128
3,173,140
3,174,138
3,175,136
3,176,126
3,177,144
3,178,132
3,179,869
3,180,127
3,181,153
3,182,128
3,183,166
3,184,142
3,185,165
3,186,119
3,187,145
3,188,138
3,189,160
3,190,120
3,191,163
3,192,126
3,193,156
3,194,119
3,195,161
3,196,123
3,197,168
3,198,146
3,199,151
3,200,135
3,201,165
3,202,133
3,203,157
3,204,119
3,205,171
3,206,127
3,207,170
3,208,126
3,209,172
3,210,704
3,211,194
3,212,122
3,213,215
3,214,138
3,215,210
3,216,112
3,217,182
3,218,130
3,219,194
3,220,134
3,221,534
3,222,126
3,223,196
3,224,124
3,225,307
3,226,124
3,227,218
3,228,118
3,229,207
3,230,133
3,231,194
3,232,126
3,233,208
3,234,130
3,235,1434
3,236,143
3,237,215
3,238,174
3,239,212
3,240,147
3,241,215
3,242,156
3,243,223
3,244,159
3,245,306
3,246,193
3,247,293
3,248,167
3,249,243
3,250,176
3,251,242
3,252,190
3,253,238
3,254,219
3,255,227
3,256,177
4,1,157
4,2,197
4,3,166
4,4,187
4,5,160
4,6,219
4,7,179
4,8,273
4,9,332
4,10,199
4,11,177
4,12,200
4,13,191
4,14,205
4,15,175
4,16,207
4,17,165
4,18,199
4,19,167
4,20,209
4,21,156
4,22,198
4,23,982
4,24,200
4,25,168
4,26,200
4,27,183
4,28,391
4,29,174
4,30,222
4,31,174
4,32,209
4,33,164
4,34,217
4,35,198
4,36,194
4,37,185
4,38,249
4,39,170
4,40,218
4,41,170
4,42,208
4,43,171
4,44,193
4,45,168
4,46,171
4,47,137
4,48,160
4,49,164
4,50,158
4,51,232
4,52,167
4,53,154
4,54,155
4,55,135
4,56,156
4,57,134
4,58,151
4,59,193
4,60,156
4,61,152
4,62,158
4,63,130
4,64,176
4,65,133
4,66,147
4,67,145
4,68,168
4,69,126
4,70,154
4,71,222
4,72,230
4,73,184
4,74,154
4,75,143
4,76,157
4,77,191
4,78,155
4,79,144
4,80,154
4,81,146
4,82,139
4,83,148
4,84,137
4,85,133
4,86,149
4,87,153
4,88,165
4,89,140
4,90,148
4,91,144
4,92,170
4,93,149
4,94,139
4,95,149
4,96,135
4,97,168
4,98,137
4,99,149
4,100,155
4,101,143
4,102,136
4,103,168
4,104,149
4,105,142
4,106,129
4,107,140
4,108,141
4,109,139
4,110,133
4,111,143
4,112,140
4,113,133
4,114,160
4,115,153
4,116,133
4,117,131
4,118,136
4,119,144
4,120,136
4,121,129
4,122,139
4,123,123
4,124,160
4,125,125
4,126,144
4,127,130
4,128,149
4,129,111
4,130,114
4,131,110
4,132,107
4,133,114
4,134,93
4,135,131
4,136,78
4,137,109
4,138,105
4,139,123
4,140,97
4,141,109
4,142,88
4,143,714
4,144,226
4,145,134
4,146,96
4,147,116
4,148,133
4,149,117
4,150,111
4,151,118
4,152,110
4,153,128
4,154,106
4,155,140
4,156,118
4,157,135
4,158,126
4,159,137
4,160,143
4,161,133
4,162,122
4,163,146
4,164,123
4,165,129
4,166,125
4,167,129
4,168,125
4,169,133
4,170,145
4,171,147
4,172,128
4,173,140
4,174,138
4,175,136
4,176,126
4,177,144
4,178,132
4,179,869
4,180,127
4,181,153
4,182,128
4,183,166
4,184,142
4,185,165
4,186,119
4,187,145
4,188,138
4,189,160
4,190,120
4,191,163
4,192,126
4,193,156
4,194,119
4,195,161
4,196,123
4,197,168
4,198,146
4,199,151
4,200,135
4,201,165
4,202,133
4,203,157
4,204,119
4,205,171
4,206,127
4,207,170
4,208,126
4,209,172
4,210,704
4,211,194
4,212,122
4,213,215
4,214,138
4,215,210
4,216,112
4,217,182
4,218,130
4,219,194
4,220,134
4,221,534
4,222,126
4,223,196
4,224,124
4,225,307
4,226,124
4,227,218
4,228,118
4,229,207
4,230,133
4,231,194
4,232,126
4,233,208
4,234,130
4,235,1434
4,236,143
4,237,215
4,238,174
4,239,212
4,240,147
4,241,215
4,242,156
4,243,223
4,244,159
4,245,306
4,246,193
4,247,293
4,248,167
4,249,243
4,250,176
4,251,242
4,252,190
4,253,238
4,254,219
4,255,227
4,256,177
5,1,158
5,2,198
5,3,166
5,4,186
5,5,158
5,6,219
5,7,179
5,8,271
5,9,322
5,10,200
5,11,179
5,12,200
5,13,190
5,14,204
5,15,177
5,16,205
5,17,166
5,18,198
5,19,167
5,20,210
5,21,157
5,22,197
5,23,974
5,24,199
5,25,168
5,26,199
5,27,181
5,28,389
5,29,175
5,30,221
5,31,175
5,32,209
5,33,165
5,34,217
5,35,198
5,36,195
5,37,184
5,38,248
5,39,169
5,40,218
5,41,170
5,42,208
5,43,171
5,44,192
5,45,171
5,46,171
5,47,137
5,48,161
5,49,162
5,50,158
5,51,234
5,52,166
5,53,154
5,54,154
5,55,136
5,56,155
5,57,134
5,58,151
5,59,194
5,60,155
5,61,152
5,62,157
5,63,130
5,64,175
5,65,133
5,66,146
5,67,145
5,68,167
5,69,125
5,70,152
5,71,222
5,72,227
5,73,184
5,74,154
5,75,143
5,76,157
5,77,191
5,78,153
5,79,144
5,80,154
5,81,146
5,82,138
5,83,148
5,84,136
5,85,133
5,86,150
5,87,153
5,88,165
5,89,140
5,90,147
5,91,143
5,92,168
5,93,149
5,94,138
5,95,151
5,96,136
5,97,170
5,98,136
5,99,149
5,100,155
5,101,144
5,102,136
5,103,168
5,104,147
5,105,142
5,106,130
5,107,141
5,108,141
5,109,140
5,110,133
5,111,143
5,112,139
5,113,134
5,114,162
5,115,153
5,116,133
5,117,132
5,118,135
5,119,143
5,120,136
5,121,130
5,122,139
5,123,122
5,124,159
5,125,125
5,126,144
5,127,130
5,128,150
5,129,110
5,130,112
5,131,109
5,132,105
5,133,113
5,134,93
5,135,131
5,136,77
5,137,108
5,138,104
5,139,123
5,140,97
5,141,110
5,142,87
5,143,714
5,144,225
5,145,135
5,146,95
5,147,118
5,148,133
5,149,117
5,150,111
5,151,118
5,152,109
5,153,129
5,154,105
5,155,142
5,156,119
5,157,136
5,158,125
5,159,138
5,160,144
5,161,132
5,162,122
5,163,146
5,164,123
5,165,130
5,166,124
5,167,130
5,168,126
5,169,133
5,170,145
5,171,147
5,172,128
5,173,139
5,174,138
5,175,136
5,176,126
5,177,145
5,178,132
5,179,871
5,180,127
5,181,153
5,182,127
5,183,166
5,184,140
5,185,165
5,186,119
5,187,145
5,188,137
5,189,161
5,190,119
5,191,163
5,192,123
5,193,156
5,194,118
5,195,162
5,196,124
5,197,167
5,198,147
5,199,152
5,200,133
5,201,165
5,202,133
5,203,158
5,204,120
5,205,170
5,206,127
5,207,170
5,208,126
5,209,172
5,210,701
5,211,195
5,212,122
5,213,216
5,214,139
5,215,211
5,216,111
5,217,181
5,218,132
5,219,193
5,220,134
5,221,538
5,222,124
5,223,197
5,224,125
5,225,309
5,226,124
5,227,219
5,228,118
5,229,207
5,230,133
5,231,194
5,232,126
5,233,207
5,234,129
5,235,1440
5,236,141
5,237,216
5,238,174
5,239,211
5,240,145
5,241,215
5,242,154
5,243,223
5,244,159
5,245,307
5,246,192
5,247,294
5,248,165
5,249,243
5,250,175
5,251,243
5,252,191
5,253,239
5,254,220
5,255,227
5,256,177
6,1,158
6,2,198
6,3,166
6,4,186
6,5,158
6,6,219
6,7,179
6,8,271
6,9,322
6,10,200
6,11,179
6,12,200
6,13,190
6,14,204
6,15,177
6,16,205
6,17,166
6,18,198
6,19,167
6,20,210
6,21,157
6,22,197
6,23,974
6,24,199
6,25,168
6,26,199
6,27,181
6,28,389
6,29,175
6,30,221
6,31,175
6,32,209
6,33,165
6,34,217
6,35,198
6,36,195
6,37,184
6,38,248
6,39,169
6,40,218
6,41,170
6,42,208
6,43,171
6,44,192
6,45,171
6,46,171
6,47,137
6,48,161
6,49,162
6,50,158
6,51,234
6,52,166
6,53,154
6,54,154
6,55,136
6,56,155
6,57,134
6,58,151
6,59,194
6,60,155
6,61,152
6,62,157
6,63,130
6,64,175
6,65,133
6,66,146
6,67,145
6,68,167
6,69,125
6,70,152
6,71,222
6,72,227
6,73,184
6,74,154
6,75,143
6,76,157
6,77,191
6,78,153
6,79,144
6,80,154
6,81,146
6,82,138
6,83,148
6,84,136
6,85,133
6,86,150
6,87,153
6,88,165
6,89,140
6,90,147
6,91,143
6,92,168
6,93,149
6,94,138
6,95,151
6,96,136
6,97,170
6,98,136
6,99,149
6,100,155
6,101,144
6,102,136
6,103,168
6,104,147
6,105,142
6,106,130
6,107,141
6,108,141
6,109,140
6,110,133
6,111,143
6,112,139
6,113,134
6,114,162
6,115,153
6,116,133
6,117,132
6,118,135
6,119,143
6,120,136
6,121,130
6,122,139
6,123,122
6,124,159
6,125,125
6,126,144
6,127,130
6,128,150
6,129,110
6,130,112
6,131,109
6,132,105
6,133,113
6,134,93
6,135,131
6,136,77
6,137,108
6,138,104
6,139,123
6,140,97
6,141,110
6,142,87
6,143,714
6,144,225
6,145,135
6,146,95
6,147,118
6,148,133
6,149,117
6,150,111
6,151,118
6,152,109
6,153,129
6,154,105
6,155,142
6,156,119
6,157,136
6,158,125
6,159,138
6,160,144
6,161,132
6,162,122
6,163,146
6,164,123
6,165,130
6,166,124
6,167,130
6,168,126
6,169,133
6,170,145
6,171,147
6,172,128
6,173,139
6,174,138
6,175,136
6,176,126
6,177,145
6,178,132
6,179,871
6,180,127
6,181,153
6,182,127
6,183,166
6,184,140
6,185,165
6,186,119
6,187,145
6,188,137
6,189,161
6,190,119
6,191,163
6,192,123
6,193,156
6,194,118
6,195,162
6,196,124
6,197,167
6,198,147
6,199,152
6,200,133
6,201,165
6,202,133
6,203,158
6,204,120
6,205,170
6,206,127
6,207,170
6,208,126
6,209,172
6,210,701
6,211,195
6,212,122
6,213,216
6,214,139
6,215,211
6,216,111
6,217,181
6,218,132
6,219,193
6,220,134
6,221,538
6,222,124
6,223,197
6,224,125
6,225,309
6,226,124
6,227,219
6,228,118
6,229,207
6,230,133
6,231,194
6,232,126
6,233,207
6,234,129
6,235,1440
6,236,141
6,237,216
6,238,174
6,239,211
6,240,145
6,241,215
6,242,154
6,243,223
6,244,159
6,245,307
6,246,192
6,247,294
6,248,165
6,249,243
6,250,175
6,251,243
6,252,191
6,253,239
6,254,220
6,255,227
6,256,177
7,1,158
7,2,198
7,3,166
7,4,186
7,5,158
7,6,219
7,7,179
7,8,271
7,9,322
7,10,200
7,11,179
7,12,200
7,13,190
7,14,204
7,15,177
7,16,205
7,17,166
7,18,198
7,19,167
7,20,210
7,21,157
7,22,197
7,23,974
7,24,199
7,25,168
7,26,199
7,27,181
7,28,389
7,29,175
7,30,221
7,31,175
7,32,209
7,33,165
7,34,217
7,35,198
7,36,195
7,37,184
7,38,248
7,39,169
7,40,218
7,41,170
7,42,208
7,43,171
7,44,192
7,45,171
7,46,171
7,47,137
7,48,161
7,49,162
7,50,158
7,51,234
7,52,166
7,53,154
7,54,154
7,55,136
7,56,155
7,57,134
7,58,151
7,59,194
7,60,155
7,61,152
7,62,157
7,63,130
7,64,175
7,65,133
7,66,146
7,67,145
7,68,167
7,69,125
7,70,152
7,71,222
7,72,227
7,73,184
7,74,154
7,75,143
7,76,157
7,77,191
7,78,153
7,79,144
7,80,154
7,81,146
7,82,138
7,83,148
7,84,136
7,85,133
7,86,150
7,87,153
7,88,165
7,89,140
7,90,147
7,91,143
7,92,168
7,93,149
7,94,138
7,95,151
7,96,136
7,97,170
7,98,136
7,99,149
7,100,155
7,101,144
7,102,136
7,103,168
7,104,147
7,105,142
7,106,130
7,107,141
7,108,141
7,109,140
7,110,133
7,111,143
7,112,139
7,113,134
7,114,162
7,115,153
7,116,133
7,117,132
7,118,135
7,119,143
7,120,136
7,121,130
7,122,139
7,123,122
7,124,159
7,125,125
7,126,144
7,127,130
7,128,150
7,129,110
7,130,112
7,131,109
7,132,105
7,133,113
7,134,93
7,135,131
7,136,77
7,137,108
7,138,104
7,139,123
7,140,97
7,141,110
7,142,87
7,143,714
7,144,225
7,145,135
7,146,95
7,147,118
7,148,133
7,149,117
7,150,111
7,151,118
7,152,109
7,153,129
7,154,105
7,155,142
7,156,119
7,157,136
7,158,125
7,159,138
7,160,144
7,161,132
7,162,122
7,163,146
7,164,123
7,165,130
7,166,124
7,167,130
7,168,126
7,169,133
7,170,145
7,171,147
7,172,128
7,173,139
7,174,138
7,175,136
7,176,126
7,177,145
7,178,132
7,179,871
7,180,127
7,181,153
7,182,127
7,183,166
7,184,140
7,185,165
7,186,119
7,187,145
7,188,137
7,189,161
7,190,119
7,191,163
7,192,123
7,193,156
7,194,118
7,195,162
7,196,124
7,197,167
7,198,147
7,199,152
7,200,133
7,201,165
7,202,133
7,203,158
7,204,120
7,205,170
7,206,127
7,207,170
7,208,126
7,209,172
7,210,701
7,211,195
7,212,122
7,213,216
7,214,139
7,215,211
7,216,111
7,217,181
7,218,132
7,219,193
7,220,134
7,221,538
7,222,124
7,223,197
7,224,125
7,225,309
7,226,124
7,227,219
7,228,118
7,229,207
7,230,133
7,231,194
7,232,126
7,233,207
7,234,129
7,235,1440
7,236,141
7,237,216
7,238,174
7,239,211
7,240,145
7,241,215
7,242,154
7,243,223
7,244,159
7,245,307
7,246,192
7,247,294
7,248,165
7,249,243
7,250,175
7,251,243
7,252,191
7,253,239
7,254,220
7,255,227
7,256,177
8,1,158
8,2,198
8,3,166
8,4,186
8,5,158
8,6,219
8,7,179
8,8,271
8,9,322
8,10,200
8,11,179
8,12,200
8,13,190
8,14,204
8,15,177
8,16,205
8,17,166
8,18,198
8,19,167
8,20,210
8,21,157
8,22,197
8,23,974
8,24,199
8,25,168
8,26,199
8,27,181
8,28,389
8,29,175
8,30,221
8,31,175
8,32,209
8,33,165
8,34,217
8,35,198
8,36,195
8,37,184
8,38,248
8,39,169
8,40,218
8,41,170
8,42,208
8,43,171
8,44,192
8,45,171
8,46,171
8,47,137
8,48,161
8,49,162
8,50,158
8,51,234
8,52,166
8,53,154
8,54,154
8,55,136
8,56,155
8,57,134
8,58,151
8,59,194
8,60,155
8,61,152
8,62,157
8,63,130
8,64,175
8,65,133
8,66,146
8,67,145
8,68,167
8,69,125
8,70,152
8,71,222
8,72,227
8,73,184
8,74,154
8,75,143
8,76,157
8,77,191
8,78,153
8,79,144
8,80,154
8,81,146
8,82,138
8,83,148
8,84,136
8,85,133
8,86,150
8,87,153
8,88,165
8,89,140
8,90,147
8,91,143
8,92,168
8,93,149
8,94,138
8,95,151
8,96,136
8,97,170
8,98,136
8,99,149
8,100,155
8,101,144
8,102,136
8,103,168
8,104,147
8,105,142
8,106,130
8,107,141
8,108,141
8,109,140
8,110,133
8,111,143
8,112,139
8,113,134
8,114,162
8,115,153
8,116,133
8,117,132
8,118,135
8,119,143
8,120,136
8,121,130
8,122,139
8,123,122
8,124,159
8,125,125
8,126,144
8,127,130
8,128,150
8,129,110
8,130,112
8,131,109
8,132,105
8,133,113
8,134,93
8,135,131
8,136,77
8,137,108
8,138,104
8,139,123
8,140,97
8,141,110
8,142,87
8,143,714
8,144,225
8,145,135
8,146,95
8,147,118
8,148,133
8,149,117
8,150,111
8,151,118
8,152,109
8,153,129
8,154,105
8,155,142
8,156,119
8,157,136
8,158,125
8,159,138
8,160,144
8,161,132
8,162,122
8,163,146
8,164,123
8,165,130
8,166,124
8,167,130
8,168,126
8,169,133
8,170,145
8,171,147
8,172,128
8,173,139
8,174,138
8,175,136
8,176,126
8,177,145
8,178,132
8,179,871
8,180,127
8,181,153
8,182,127
8,183,166
8,184,140
8,185,165
8,186,119
8,187,145
8,188,137
8,189,161
8,190,119
8,191,163
8,192,123
8,193,156
8,194,118
8,195,162
8,196,124
8,197,167
8,198,147
8,199,152
8,200,133
8,201,165
8,202,133
8,203,158
8,204,120
8,205,170
8,206,127
8,207,170
8,208,126
8,209,172
8,210,701
8,211,195
8,212,122
8,213,216
8,214,139
8,215,211
8,216,111
8,217,181
8,218,132
8,219,193
8,220,134
8,221,538
8,222,124
8,223,197
8,224,125
8,225,309
8,226,124
8,227,219
8,228,118
8,229,207
8,230,133
8,231,194
8,232,126
8,233,207
8,234,129
8,235,1440
8,236,141
8,237,216
8,238,174
8,239,211
8,240,145
8,241,215
8,242,154
8,243,223
8,244,159
8,245,307
8,246,192
8,247,294
8,248,165
8,249,243
8,250,175
8,251,243
8,252,191
8,253,239
8,254,220
8,255,227
8,256,177
9,1,158
9,2,198
9,3,167
9,4,187
9,5,158
9,6,219
9,7,180
9,8,273
9,9,320
9,10,200
9,11,178
9,12,200
9,13,191
9,14,205
9,15,175
9,16,206
9,17,164
9,18,199
9,19,167
9,20,209
9,21,156
9,22,198
9,23,974
9,24,200
9,25,168
9,26,200
9,27,183
9,28,392
9,29,173
9,30,222
9,31,174
9,32,210
9,33,165
9,34,217
9,35,196
9,36,194
9,37,183
9,38,247
9,39,169
9,40,217
9,41,172
9,42,208
9,43,172
9,44,193
9,45,169
9,46,172
9,47,136
9,48,161
9,49,163
9,50,158
9,51,230
9,52,167
9,53,153
9,54,155
9,55,135
9,56,155
9,57,133
9,58,153
9,59,191
9,60,155
9,61,153
9,62,157
9,63,127
9,64,175
9,65,134
9,66,146
9,67,145
9,68,168
9,69,126
9,70,154
9,71,222
9,72,228
9,73,183
9,74,154
9,75,142
9,76,158
9,77,191
9,78,155
9,79,143
9,80,155
9,81,147
9,82,139
9,83,148
9,84,138
9,85,132
9,86,150
9,87,152
9,88,166
9,89,140
9,90,148
9,91,145
9,92,172
9,93,150
9,94,138
9,95,149
9,96,135
9,97,167
9,98,137
9,99,149
9,100,157
9,101,143
9,102,137
9,103,169
9,104,149
9,105,142
9,106,129
9,107,140
9,108,142
9,109,139
9,110,134
9,111,142
9,112,140
9,113,133
9,114,161
9,115,152
9,116,133
9,117,131
9,118,137
9,119,144
9,120,136
9,121,128
9,122,139
9,123,123
9,124,163
9,125,124
9,126,146
9,127,131
9,128,150
9,129,111
9,130,113
9,131,110
9,132,106
9,133,113
9,134,93
9,135,131
9,136,77
9,137,108
9,138,105
9,139,122
9,140,97
9,141,109
9,142,87
9,143,714
9,144,226
9,145,135
9,146,97
9,147,117
9,148,134
9,149,116
9,150,112
9,151,117
9,152,109
9,153,128
9,154,106
9,155,141
9,156,119
9,157,135
9,158,126
9,159,137
9,160,143
9,161,131
9,162,123
9,163,146
9,164,124
9,165,128
9,166,126
9,167,128
9,168,125
9,169,133
9,170,145
9,171,146
9,172,127
9,173,139
9,174,139
9,175,135
9,176,127
9,177,145
9,178,133
9,179,877
9,180,127
9,181,154
9,182,128
9,183,165
9,184,141
9,185,164
9,186,119
9,187,144
9,188,140
9,189,160
9,190,120
9,191,163
9,192,125
9,193,156
9,194,118
9,195,161
9,196,124
9,197,167
9,198,149
9,199,151
9,200,135
9,201,164
9,202,134
9,203,158
9,204,122
9,205,170
9,206,127
9,207,170
9,208,126
9,209,171
9,210,705
9,211,194
9,212,123
9,213,217
9,214,140
9,215,210
9,216,112
9,217,180
9,218,131
9,219,194
9,220,134
9,221,537
9,222,125
9,223,196
9,224,125
9,225,312
9,226,124
9,227,217
9,228,119
9,229,207
9,230,133
9,231,194
9,232,126
9,233,207
9,234,132
9,235,1431
9,236,144
9,237,214
9,238,175
9,239,212
9,240,146
9,241,215
9,242,157
9,243,223
9,244,160
9,245,306
9,246,193
9,247,298
9,248,166
9,249,241
9,250,175
9,251,243
9,252,193
9,253,240
9,254,217
9,255,227
9,256,178
10,1,158
10,2,198
10,3,167
10,4,187
10,5,158
10,6,219
10,7,180
10,8,273
10,9,320
10,10,200
10,11,178
10,12,200
10,13,191
10,14,205
10,15,175
10,16,206
10,17,164
10,18,199
10,19,167
10,20,209
10,21,156
10,22,198
10,23,974
10,24,200
10,25,168
10,26,200
10,27,183
10,28,392
10,29,173
10,30,222
10,31,174
10,32,210
10,33,165
10,34,217
10,35,196
10,36,194
10,37,183
10,38,247
10,39,169
10,40,217
10,41,172
10,42,208
10,43,172
10,44,193
10,45,169
10,46,172
10,47,136
10,48,161
10,49,163
10,50,158
10,51,230
10,52,167
10,53,153
10,54,155
10,55,135
10,56,155
10,57,133
10,58,153
10,59,191
10,60,155
10,61,153
10,62,157
10,63,127
10,64,175
10,65,134
10,66,146
10,67,145
10,68,168
10,69,126
10,70,154
10,71,222
10,72,228
10,73,183
10,74,154
10,75,142
10,76,158
10,77,191
10,78,155
10,79,143
10,80,155
10,81,147
10,82,139
10,83,148
10,84,138
10,85,132
10,86,150
10,87,152
10,88,166
10,89,140
10,90,148
10,91,145
10,92,172
10,93,150
10,94,138
10,95,149
10,96,135
10,97,167
10,98,137
10,99,149
10,100,157
10,101,143
10,102,137
10,103,169
10,104,149
10,105,142
10,106,129
10,107,140
10,108,142
10,109,139
10,110,134
10,111,142
10,112,140
10,113,133
10,114,161
10,115,152
10,116,133
10,117,131
10,118,137
10,119,144
10,120,136
10,121,128
10,122,139
10,123,123
10,124,163
10,125,124
10,126,146
10,127,131
10,128,150
10,129,111
10,130,113
10,131,110
10,132,106
10,133,113
10,134,93
10,135,131
10,136,77
10,137,108
10,138,105
10,139,122
10,140,97
10,141,109
10,142,87
10,143,714
10,144,226
10,145,135
10,146,97
10,147,117
10,148,134
10,149,116
10,150,112
10,151,117
10,152,109
10,153,128
10,154,106
10,155,141
10,156,119
10,157,135
10,158,126
10,159,137
10,160,143
10,161,131
10,162,123
10,163,146
10,164,124
10,165,128
10,166,126
10,167,128
10,168,125
10,169,133
10,170,145
10,171,146
10,172,127
10,173,139
10,174,139
10,175,135
10,176,127
10,177,145
10,178,133
10,179,877
10,180,127
10,181,154
10,182,128
10,183,165
10,184,141
10,185,164
10,186,119
10,187,144
10,188,140
10,189,160
10,190,120
10,191,163
10,192,125
10,193,156
10,194,118
10,195,161
10,196,124
10,197,167
10,198,149
10,199,151
10,200,135
10,201,164
10,202,134
10,203,158
10,204,122
10,205,170
10,206,127
10,207,170
10,208,126
10,209,171
10,210,705
10,211,194
10,212,123
10,213,217
10,214,140
10,215,210
10,216,112
10,217,180
10,218,131
10,219,194
10,220,134
10,221,537
10,222,125
10,223,196
10,224,125
10,225,312
10,226,124
10,227,217
10,228,119
10,229,207
10,230,133
10,231,194
10,232,126
10,233,207
10,234,132
10,235,1431
10,236,144
10,237,214
10,238,175
10,239,212
10,240,146
10,241,215
10,242,157
10,243,223
10,244,160
10,245,306
10,246,193
10,247,298
10,248,166
10,249,241
10,250,175
10,251,243
10,252,193
10,253,240
10,254,217
10,255,227
10,256,178
11,1,158
11,2,198
11,3,167
11,4,187
11,5,158
11,6,219
11,7,180
11,8,273
11,9,320
11,10,200
11,11,178
11,12,200
11,13,191
11,14,205
11,15,175
11,16,206
11,17,164
11,18,199
11,19,167
11,20,209
11,21,156
11,22,198
11,23,974
11,24,200
11,25,168
11,26,200
11,27,183
11,28,392
11,29,173
11,30,222
11,31,174
11,32,210
11,33,165
11,34,217
11,35,196
11,36,194
11,37,183
11,38,247
11,39,169
11,40,217
11,41,172
11,42,208
11,43,172
11,44,193
11,45,169
11,46,172
11,47,136
11,48,161
11,49,163
11,50,158
11,51,230
11,52,167
11,53,153
11,54,155
11,55,135
11,56,155
11,57,133
11,58,153
11,59,191
11,60,155
11,61,153
11,62,157
11,63,127
11,64,175
11,65,134
11,66,146
11,67,145
11,68,168
11,69,126
11,70,154
11,71,222
11,72,228
11,73,183
11,74,154
11,75,142
11,76,158
11,77,191
11,78,155
11,79,143
11,80,155
11,81,147
11,82,139
11,83,148
11,84,138
11,85,132
11,86,150
11,87,152
11,88,166
11,89,140
11,90,148
11,91,145
11,92,172
11,93,150
11,94,138
11,95,149
11,96,135
11,97,167
11,98,137
11,99,149
11,100,157
11,101,143
11,102,137
11,103,169
11,104,149
11,105,142
11,106,129
11,107,140
11,108,142
11,109,139
11,110,134
11,111,142
11,112,140
11,113,133
11,114,161
11,115,152
11,116,133
11,117,131
11,118,137
11,119,144
11,120,136
11,121,128
11,122,139
11,123,123
11,124,163
11,125,124
11,126,146
11,127,131
11,128,150
11,129,111
11,130,113
11,131,110
11,132,106
11,133,113
11,134,93
11,135,131
11,136,77
11,137,108
11,138,105
11,139,122
11,140,97
11,141,109
11,142,87
11,143,714
11,144,226
11,145,135
11,146,97
11,147,117
11,148,134
11,149,116
11,150,112
11,151,117
11,152,109
11,153,128
11,154,106
11,155,141
11,156,119
11,157,135
11,158,126
11,159,137
11,160,143
11,161,131
11,162,123
11,163,146
11,164,124
11,165,128
11,166,126
11,167,128
11,168,125
11,169,133
11,170,145
11,171,146
11,172,127
11,173,139
11,174,139
11,175,135
11,176,127
11,177,145
11,178,133
11,179,877
11,180,127
11,181,154
11,182,128
11,183,165
11,184,141
11,185,164
11,186,119
11,187,144
11,188,140
11,189,160
11,190,120
11,191,163
11,192,125
11,193,156
11,194,118
11,195,161
11,196,124
11,197,167
11,198,149
11,199,151
11,200,135
11,201,164
11,202,134
11,203,158
11,204,122
11,205,170
11,206,127
11,207,170
11,208,126
11,209,171
11,210,705
11,211,194
11,212,123
11,213,217
11,214,140
11,215,210
11,216,112
11,217,180
11,218,131
11,219,194
11,220,134
11,221,537
11,222,125
11,223,196
11,224,125
11,225,312
11,226,124
11,227,217
11,228,119
11,229,207
11,230,133
11,231,194
11,232,126
11,233,207
11,234,132
11,235,1431
11,236,144
11,237,214
11,238,175
11,239,212
11,240,146
11,241,215
11,242,157
11,243,223
11,244,160
11,245,306
11,246,193
11,247,298
11,248,166
11,249,241
11,250,175
11,251,243
11,252,193
11,253,240
11,254,217
11,255,227
11,256,178
12,1,158
12,2,198
12,3,167
12,4,187
12,5,158
12,6,219
12,7,180
12,8,273
12,9,320
12,10,200
12,11,178
12,12,200
12,13,191
12,14,205
12,15,175
12,16,206
12,17,164
12,18,199
12,19,167
12,20,209
12,21,156
12,22,198
12,23,974
12,24,200
12,25,168
12,26,200
12,27,183
12,28,392
12,29,173
12,30,222
12,31,174
12,32,210
12,33,165
12,34,217
12,35,196
12,36,194
12,37,183
12,38,247
12,39,169
12,40,217
12,41,172
12,42,208
12,43,172
12,44,193
12,45,169
12,46,172
12,47,136
12,48,161
12,49,163
12,50,158
12,51,230
12,52,167
12,53,153
12,54,155
12,55,135
12,56,155
12,57,133
12,58,153
12,59,191
12,60,155
12,61,153
12,62,157
12,63,127
12,64,175
12,65,134
12,66,146
12,67,145
12,68,168
12,69,126
12,70,154
12,71,222
12,72,228
12,73,183
12,74,154
12,75,142
12,76,158
12,77,191
12,78,155
12,79,143
12,80,155
12,81,147
12,82,139
12,83,148
12,84,138
12,85,132
12,86,150
12,87,152
12,88,166
12,89,140
12,90,148
12,91,145
12,92,172
12,93,150
12,94,138
12,95,149
12,96,135
12,97,167
12,98,137
12,99,149
12,100,157
12,101,143
12,102,137
12,103,169
12,104,149
12,105,142
12,106,129
12,107,140
12,108,142
12,109,139
12,110,134
12,111,142
12,112,140
12,113,133
12,114,161
12,115,152
12,116,133
12,117,131
12,118,137
12,119,144
12,120,136
12,121,128
12,122,139
12,123,123
12,124,163
12,125,124
12,126,146
12,127,131
12,128,150
12,129,111
12,130,113
12,131,110
12,132,106
12,133,113
12,134,93
12,135,131
12,136,77
12,137,108
12,138,105
12,139,122
12,140,97
12,141,109
12,142,87
12,143,714
12,144,226
12,145,135
12,146,97
12,147,117
12,148,134
12,149,116
12,150,112
12,151,117
12,152,109
12,153,128
12,154,106
12,155,141
12,156,119
12,157,135
12,158,126
12,159,137
12,160,143
12,161,131
12,162,123
12,163,146
12,164,124
12,165,128
12,166,126
12,167,128
12,168,125
12,169,133
12,170,145
12,171,146
12,172,127
12,173,139
12,174,139
12,175,135
12,176,127
12,177,145
12,178,133
12,179,877
12,180,127
12,181,154
12,182,128
12,183,165
12,184,141
12,185,164
12,186,119
12,187,144
12,188,140
12,189,160
12,190,120
12,191,163
12,192,125
12,193,156
12,194,118
12,195,161
12,196,124
12,197,167
12,198,149
12,199,151
12,200,135
12,201,164
12,202,134
12,203,158
12,204,122
12,205,170
12,206,127
12,207,170
12,208,126
12,209,171
12,210,705
12,211,194
12,212,123
12,213,217
12,214,140
12,215,210
12,216,112
12,217,180
12,218,131
12,219,194
12,220,134
12,221,537
12,222,125
12,223,196
12,224,125
12,225,312
12,226,124
12,227,217
12,228,119
12,229,207
12,230,133
12,231,194
12,232,126
12,233,207
12,234,132
12,235,1431
12,236,144
12,237,214
12,238,175
12,239,212
12,240,146
12,241,215
12,242,157
12,243,223
12,244,160
12,245,306
12,246,193
12,247,298
12,248,166
12,249,241
12,250,175
12,251,243
12,252,193
12,253,240
12,254,217
12,255,227
12,256,178
13,1,158
13,2,198
13,3,167
13,4,187
13,5,158
13,6,219
13,7,180
13,8,274
13,9,327
13,10,202
13,11,177
13,12,201
13,13,191
13,14,205
13,15,175
13,16,207
13,17,165
13,18,199
13,19,165
13,20,209
13,21,156
13,22,198
13,23,975
13,24,199
13,25,168
13,26,200
13,27,182
13,28,391
13,29,174
13,30,222
13,31,174
13,32,210
13,33,164
13,34,218
13,35,199
13,36,195
13,37,183
13,38,249
13,39,170
13,40,218
13,41,171
13,42,208
13,43,171
13,44,194
13,45,170
13,46,170
13,47,136
13,48,161
13,49,161
13,50,158
13,51,232
13,52,168
13,53,154
13,54,155
13,55,136
13,56,156
13,57,133
13,58,151
13,59,193
13,60,155
13,61,153
13,62,158
13,63,128
13,64,176
13,65,133
13,66,147
13,67,145
13,68,167
13,69,126
13,70,153
13,71,221
13,72,235
13,73,184
13,74,153
13,75,142
13,76,158
13,77,189
13,78,155
13,79,143
13,80,155
13,81,146
13,82,139
13,83,148
13,84,137
13,85,132
13,86,150
13,87,153
13,88,165
13,89,140
13,90,149
13,91,146
13,92,171
13,93,148
13,94,139
13,95,149
13,96,137
13,97,169
13,98,137
13,99,148
13,100,155
13,101,143
13,102,137
13,103,168
13,104,148
13,105,143
13,106,130
13,107,140
13,108,142
13,109,138
13,110,134
13,111,143
13,112,141
13,113,133
13,114,161
13,115,151
13,116,133
13,117,131
13,118,137
13,119,145
13,120,138
13,121,129
13,122,140
13,123,122
13,124,160
13,125,125
13,126,145
13,127,129
13,128,149
13,129,112
13,130,114
13,131,109
13,132,107
13,133,114
13,134,94
13,135,131
13,136,78
13,137,109
13,138,105
13,139,122
13,140,99
13,141,110
13,142,89
13,143,714
13,144,225
13,145,134
13,146,96
13,147,117
13,148,133
13,149,117
13,150,113
13,151,117
13,152,110
13,153,129
13,154,105
13,155,141
13,156,119
13,157,135
13,158,126
13,159,138
13,160,146
13,161,132
13,162,122
13,163,146
13,164,124
13,165,128
13,166,124
13,167,129
13,168,123
13,169,134
13,170,146
13,171,147
13,172,128
13,173,139
13,174,138
13,175,137
13,176,127
13,177,144
13,178,133
13,179,868
13,180,128
13,181,154
13,182,128
13,183,165
13,184,142
13,185,164
13,186,119
13,187,145
13,188,138
13,189,160
13,190,119
13,191,164
13,192,125
13,193,156
13,194,118
13,195,161
13,196,125
13,197,167
13,198,149
13,199,151
13,200,135
13,201,164
13,202,134
13,203,157
13,204,121
13,205,171
13,206,127
13,207,170
13,208,127
13,209,172
13,210,705
13,211,195
13,212,123
13,213,216
13,214,141
13,215,209
13,216,113
13,217,180
13,218,132
13,219,193
13,220,135
13,221,534
13,222,126
13,223,196
13,224,124
13,225,306
13,226,125
13,227,219
13,228,118
13,229,207
13,230,134
13,231,193
13,232,127
13,233,207
13,234,131
13,235,1431
13,236,142
13,237,214
13,238,175
13,239,213
13,240,147
13,241,215
13,242,155
13,243,223
13,244,159
13,245,305
13,246,194
13,247,298
13,248,167
13,249,241
13,250,175
13,251,242
13,252,191
13,253,239
13,254,221
13,255,228
13,256,177
14,1,158
14,2,198
14,3,167
14,4,187
14,5,158
14,6,219
14,7,180
14,8,274
14,9,327
14,10,202
14,11,177
14,12,201
14,13,191
14,14,205
14,15,175
14,16,207
14,17,165
14,18,199
14,19,165
14,20,209
14,21,156
14,22,198
14,23,975
14,24,199
14,25,168
14,26,200
14,27,182
14,28,391
14,29,174
14,30,222
14,31,174
14,32,210
14,33,164
14,34,218
14,35,199
14,36,195
14,37,183
14,38,249
14,39,170
14,40,218
14,41,171
14,42,208
14,43,171
14,44,194
14,45,170
14,46,170
14,47,136
14,48,161
14,49,161
14,50,158
14,51,232
14,52,168
14,53,154
14,54,155
14,55,136
14,56,156
14,57,133
14,58,151
14,59,193
14,60,155
14,61,153
14,62,158
14,63,128
14,64,176
14,65,133
14,66,147
14,67,145
14,68,167
14,69,126
14,70,153
14,71,221
14,72,235
14,73,184
14,74,153
14,75,142
14,76,158
14,77,189
14,78,155
14,79,143
14,80,155
14,81,146
14,82,139
14,83,148
14,84,137
14,85,132
14,86,150
14,87,153
14,88,165
14,89,140
14,90,149
14,91,146
14,92,171
14,93,148
14,94,139
14,95,149
14,96,137
14,97,169
14,98,137
14,99,148
14,100,155
14,101,143
14,102,137
14,103,168
14,104,148
14,105,143
14,106,130
14,107,140
14,108,142
14,109,138
14,110,134
14,111,143
14,112,141
14,113,133
14,114,161
14,115,151
14,116,133
14,117,131
14,118,137
14,119,145
14,120,138
14,121,129
14,122,140
14,123,122
14,124,160
14,125,125
14,126,145
14,127,129
14,128,149
14,129,112
14,130,114
14,131,109
14,132,107
14,133,114
14,134,94
14,135,131
14,136,78
14,137,109
14,138,105
14,139,122
14,140,99
14,141,110
14,142,89
14,143,714
14,144,225
14,145,134
14,146,96
14,147,117
14,148,133
14,149,117
14,150,113
14,151,117
14,152,110
14,153,129
14,154,105
14,155,141
14,156,119
14,157,135
14,158,126
14,159,138
14,160,146
14,161,132
14,162,122
14,163,146
14,164,124
14,165,128
14,166,124
14,167,129
14,168,123
14,169,134
14,170,146
14,171,147
14,172,128
14,173,139
14,174,138
14,175,137
14,176,127
14,177,144
14,178,133
14,179,868
14,180,128
14,181,154
14,182,128
14,183,165
14,184,142
14,185,164
14,186,119
14,187,145
14,188,138
14,189,160
14,190,119
14,191,164
14,192,125
14,193,156
14,194,118
14,195,161
14,196,125
14,197,167
14,198,149
14,199,151
14,200,135
14,201,164
14,202,134
14,203,157
14,204,121
14,205,171
14,206,127
14,207,170
14,208,127
14,209,172
14,210,705
14,211,195
14,212,123
14,213,216
14,214,141
14,215,209
14,216,113
14,217,180
14,218,132
14,219,193
14,220,135
14,221,534
14,222,126
14,223,196
14,224,124
14,225,306
14,226,125
14,227,219
14,228,118
14,229,207
14,230,134
14,231,193
14,232,127
14,233,207
14,234,131
14,235,1431
14,236,142
14,237,214
14,238,175
14,239,213
14,240,147
14,241,215
14,242,155
14,243,223
14,244,159
14,245,305
14,246,194
14,247,298
14,248,167
14,249,241
14,250,175
14,251,242
14,252,191
14,253,239
14,254,221
14,255,228
14,256,177
15,1,158
15,2,198
15,3,167
15,4,187
15,5,158
15,6,219
15,7,180
15,8,274
15,9,327
15,10,202
15,11,177
15,12,201
15,13,191
15,14,205
15,15,175
15,16,207
15,17,165
15,18,199
15,19,165
15,20,209
15,21,156
15,22,198
15,23,975
15,24,199
15,25,168
15,26,200
15,27,182
15,28,391
15,29,174
15,30,222
15,31,174
15,32,210
15,33,164
15,34,218
15,35,199
15,36,195
15,37,183
15,38,249
15,39,170
15,40,218
15,41,171
15,42,208
15,43,171
15,44,194
15,45,170
15,46,170
15,47,136
15,48,161
15,49,161
15,50,158
15,51,232
15,52,168
15,53,154
15,54,155
15,55,136
15,56,156
15,57,133
15,58,151
15,59,193
15,60,155
15,61,153
15,62,158
15,63,128
15,64,176
15,65,133
15,66,147
15,67,145
15,68,167
15,69,126
15,70,153
15,71,221
15,72,235
15,73,184
15,74,153
15,75,142
15,76,158
15,77,189
15,78,155
15,79,143
15,80,155
15,81,146
15,82,139
15,83,148
15,84,137
15,85,132
15,86,150
15,87,153
15,88,165
15,89,140
15,90,149
15,91,146
15,92,171
15,93,148
15,94,139
15,95,149
15,96,137
15,97,169
15,98,137
15,99,148
15,100,155
15,101,143
15,102,137
15,103,168
15,104,148
15,105,143
15,106,130
15,107,140
15,108,142
15,109,138
15,110,134
15,111,143
15,112,141
15,113,133
15,114,161
15,115,151
15,116,133
15,117,131
15,118,137
15,119,145
15,120,138
15,121,129
15,122,140
15,123,122
15,124,160
15,125,125
15,126,145
15,127,129
15,128,149
15,129,112
15,130,114
15,131,109
15,132,107
15,133,114
15,134,94
15,135,131
15,136,78
15,137,109
15,138,105
15,139,122
15,140,99
15,141,110
15,142,89
15,143,714
15,144,225
15,145,134
15,146,96
15,147,117
15,148,133
15,149,117
15,150,113
15,151,117
15,152,110
15,153,129
15,154,105
15,155,141
15,156,119
15,157,135
15,158,126
15,159,138
15,160,146
15,161,132
15,162,122
15,163,146
15,164,124
15,165,128
15,166,124
15,167,129
15,168,123
15,169,134
15,170,146
15,171,147
15,172,128
15,173,139
15,174,138
15,175,137
15,176,127
15,177,144
15,178,133
15,179,868
15,180,128
15,181,154
15,182,128
15,183,165
15,184,142
15,185,164
15,186,119
15,187,145
15,188,138
15,189,160
15,190,119
15,191,164
15,192,125
15,193,156
15,194,118
15,195,161
15,196,125
15,197,167
15,198,149
15,199,151
15,200,135
15,201,164
15,202,134
15,203,157
15,204,121
15,205,171
15,206,127
15,207,170
15,208,127
15,209,172
15,210,705
15,211,195
15,212,123
15,213,216
15,214,141
15,215,209
15,216,113
15,217,180
15,218,132
15,219,193
15,220,135
15,221,534
15,222,126
15,223,196
15,224,124
15,225,306
15,226,125
15,227,219
15,228,118
15,229,207
15,230,134
15,231,193
15,232,127
15,233,207
15,234,131
15,235,1431
15,236,142
15,237,214
15,238,175
15,239,213
15,240,147
15,241,215
15,242,155
15,243,223
15,244,159
15,245,305
15,246,194
15,247,298
15,248,167
15,249,241
15,250,175
15,251,242
15,252,191
15,253,239
15,254,221
15,255,228
15,256,177
16,1,158
16,2,198
16,3,167
16,4,187
16,5,158
16,6,219
16,7,180
16,8,274
16,9,327
16,10,202
16,11,177
16,12,201
16,13,191
16,14,205
16,15,175
16,16,207
16,17,165
16,18,199
16,19,165
16,20,209
16,21,156
16,22,198
16,23,975
16,24,199
16,25,168
16,26,200
16,27,182
16,28,391
16,29,174
16,30,222
16,31,174
16,32,210
16,33,164
16,34,218
16,35,199
16,36,195
16,37,183
16,38,249
16,39,170
16,40,218
16,41,171
16,42,208
16,43,171
16,44,194
16,45,170
16,46,170
16,47,136
16,48,161
16,49,161
16,50,158
16,51,232
16,52,168
16,53,154
16,54,155
16,55,136
16,56,156
16,57,133
16,58,151
16,59,193
16,60,155
16,61,153
16,62,158
16,63,128
16,64,176
16,65,133
16,66,147
16,67,145
16,68,167
16,69,126
16,70,153
16,71,221
16,72,235
16,73,184
16,74,153
16,75,142
16,76,158
16,77,189
16,78,155
16,79,143
16,80,155
16,81,146
16,82,139
16,83,148
16,84,137
16,85,132
16,86,150
16,87,153
16,88,165
16,89,140
16,90,149
16,91,146
16,92,171
16,93,148
16,94,139
16,95,149
16,96,137
16,97,169
16,98,137
16,99,148
16,100,155
16,101,143
16,102,137
16,103,168
16,104,148
16,105,143
16,106,130
16,107,140
16,108,142
16,109,138
16,110,134
16,111,143
16,112,141
16,113,133
16,114,161
16,115,151
16,116,133
16,117,131
16,118,137
16,119,145
16,120,138
16,121,129
16,122,140
16,123,122
16,124,160
16,125,125
16,126,145
16,127,129
16,128,149
16,129,112
16,130,114
16,131,109
16,132,107
16,133,114
16,134,94
16,135,131
16,136,78
16,137,109
16,138,105
16,139,122
16,140,99
16,141,110
16,142,89
16,143,714
16,144,225
16,145,134
16,146,96
16,147,117
16,148,133
16,149,117
16,150,113
16,151,117
16,152,110
16,153,129
16,154,105
16,155,141
16,156,119
16,157,135
16,158,126
16,159,138
16,160,146
16,161,132
16,162,122
16,163,146
16,164,124
16,165,128
16,166,124
16,167,129
16,168,123
16,169,134
16,170,146
16,171,147
16,172,128
16,173,139
16,174,138
16,175,137
16,176,127
16,177,144
16,178,133
16,179,868
16,180,128
16,181,154
16,182,128
16,183,165
16,184,142
16,185,164
16,186,119
16,187,145
16,188,138
16,189,160
16,190,119
16,191,164
16,192,125
16,193,156
16,194,118
16,195,161
16,196,125
16,197,167
16,198,149
16,199,151
16,200,135
16,201,164
16,202,134
16,203,157
16,204,121
16,205,171
16,206,127
16,207,170
16,208,127
16,209,172
16,210,705
16,211,195
16,212,123
16,213,216
16,214,141
16,215,209
16,216,113
16,217,180
16,218,132
16,219,193
16,220,135
16,221,534
16,222,126
16,223,196
16,224,124
16,225,306
16,226,125
16,227,219
16,228,118
16,229,207
16,230,134
16,231,193
16,232,127
16,233,207
16,234,131
16,235,1431
16,236,142
16,237,214
16,238,175
16,239,213
16,240,147
16,241,215
16,242,155
16,243,223
16,244,159
16,245,305
16,246,194
16,247,298
16,248,167
16,249,241
16,250,175
16,251,242
16,252,191
16,253,239
16,254,221
16,255,228
16,256,177
17,1,157
17,2,199
17,3,166
17,4,187
17,5,158
17,6,219
17,7,179
17,8,275
17,9,321
17,10,201
17,11,177
17,12,201
17,13,190
17,14,206
17,15,175
17,16,208
17,17,164
17,18,200
17,19,165
17,20,209
17,21,157
17,22,198
17,23,971
17,24,201
17,25,168
17,26,200
17,27,181
17,28,391
17,29,174
17,30,222
17,31,174
17,32,210
17,33,165
17,34,218
17,35,200
17,36,195
17,37,183
17,38,250
17,39,169
17,40,219
17,41,171
17,42,209
17,43,169
17,44,193
17,45,170
17,46,173
17,47,135
17,48,160
17,49,162
17,50,159
17,51,232
17,52,167
17,53,154
17,54,155
17,55,136
17,56,156
17,57,134
17,58,152
17,59,191
17,60,155
17,61,153
17,62,158
17,63,129
17,64,175
17,65,132
17,66,147
17,67,146
17,68,168
17,69,126
17,70,153
17,71,222
17,72,233
17,73,184
17,74,155
17,75,142
17,76,158
17,77,189
17,78,155
17,79,143
17,80,155
17,81,146
17,82,141
17,83,149
17,84,137
17,85,133
17,86,151
17,87,151
17,88,167
17,89,140
17,90,148
17,91,144
17,92,170
17,93,149
17,94,140
17,95,150
17,96,136
17,97,167
17,98,137
17,99,150
17,100,156
17,101,143
17,102,137
17,103,168
17,104,149
17,105,141
17,106,130
17,107,139
17,108,142
17,109,138
17,110,134
17,111,144
17,112,140
17,113,134
17,114,163
17,115,151
17,116,133
17,117,131
17,118,137
17,119,144
17,120,138
17,121,128
17,122,140
17,123,122
17,124,161
17,125,125
17,126,147
17,127,132
17,128,179
17,129,111
17,130,115
17,131,109
17,132,105
17,133,112
17,134,92
17,135,128
17,136,78
17,137,109
17,138,105
17,139,124
17,140,98
17,141,109
17,142,88
17,143,715
17,144,226
17,145,133
17,146,96
17,147,116
17,148,133
17,149,117
17,150,113
17,151,117
17,152,110
17,153,128
17,154,107
17,155,140
17,156,119
17,157,135
17,158,127
17,159,137
17,160,146
17,161,133
17,162,123
17,163,148
17,164,125
17,165,128
17,166,125
17,167,128
17,168,126
17,169,133
17,170,146
17,171,146
17,172,128
17,173,138
17,174,138
17,175,136
17,176,128
17,177,145
17,178,133
17,179,867
17,180,128
17,181,152
17,182,129
17,183,165
17,184,141
17,185,165
17,186,120
17,187,146
17,188,138
17,189,160
17,190,122
17,191,162
17,192,126
17,193,155
17,194,119
17,195,161
17,196,125
17,197,169
17,198,151
17,199,151
17,200,135
17,201,163
17,202,135
17,203,158
17,204,122
17,205,170
17,206,128
17,207,170
17,208,128
17,209,173
17,210,706
17,211,194
17,212,123
17,213,215
17,214,141
17,215,210
17,216,114
17,217,181
17,218,132
17,219,194
17,220,135
17,221,525
17,222,126
17,223,196
17,224,126
17,225,307
17,226,125
17,227,214
17,228,119
17,229,206
17,230,134
17,231,193
17,232,127
17,233,207
17,234,130
17,235,1435
17,236,142
17,237,215
17,238,176
17,239,211
17,240,147
17,241,213
17,242,157
17,243,223
17,244,162
17,245,305
17,246,195
17,247,295
17,248,167
17,249,243
17,250,176
17,251,243
17,252,191
17,253,240
17,254,221
17,255,227
17,256,178
18,1,157
18,2,199
18,3,166
18,4,187
18,5,158
18,6,219
18,7,179
18,8,275
18,9,321
18,10,201
18,11,177
18,12,201
18,13,190
18,14,206
18,15,175
18,16,208
18,17,164
18,18,200
18,19,165
18,20,209
18,21,157
18,22,198
18,23,971
18,24,201
18,25,168
18,26,200
18,27,181
18,28,391
18,29,174
18,30,222
18,31,174
18,32,210
18,33,165
18,34,218
18,35,200
18,36,195
18,37,183
18,38,250
18,39,169
18,40,219
18,41,171
18,42,209
18,43,169
18,44,193
18,45,170
18,46,173
18,47,135
18,48,160
18,49,162
18,50,159
18,51,232
18,52,167
18,53,154
18,54,155
18,55,136
18,56,156
18,57,134
18,58,152
18,59,191
18,60,155
18,61,153
18,62,158
18,63,129
18,64,175
18,65,132
18,66,147
18,67,146
18,68,168
18,69,126
18,70,153
18,71,222
18,72,233
18,73,184
18,74,155
18,75,142
18,76,158
18,77,189
18,78,155
18,79,143
18,80,155
18,81,146
18,82,141
18,83,149
18,84,137
18,85,133
18,86,151
18,87,151
18,88,167
18,89,140
18,90,148
18,91,144
18,92,170
18,93,149
18,94,140
18,95,150
18,96,136
18,97,167
18,98,137
18,99,150
18,100,156
18,101,143
18,102,137
18,103,168
18,104,149
18,105,141
18,106,130
18,107,139
18,108,142
18,109,138
18,110,134
18,111,144
18,112,140
18,113,134
18,114,163
18,115,151
18,116,133
18,117,131
18,118,137
18,119,144
18,120,138
18,121,128
18,122,140
18,123,122
18,124,161
18,125,125
18,126,147
18,127,132
18,128,179
18,129,111
18,130,115
18,131,109
18,132,105
18,133,112
18,134,92
18,135,128
18,136,78
18,137,109
18,138,105
18,139,124
18,140,98
18,141,109
18,142,88
18,143,715
18,144,226
18,145,133
18,146,96
18,147,116
18,148,133
18,149,117
18,150,113
18,151,117
18,152,110
18,153,128
18,154,107
18,155,140
18,156,119
18,157,135
18,158,127
18,159,137
18,160,146
18,161,133
18,162,123
18,163,148
18,164,125
18,165,128
18,166,125
18,167,128
18,168,126
18,169,133
18,170,146
18,171,146
18,172,128
18,173,138
18,174,138
18,175,136
18,176,128
18,177,145
18,178,133
18,179,867
18,180,128
18,181,152
18,182,129
18,183,165
18,184,141
18,185,165
18,186,120
18,187,146
18,188,138
18,189,160
18,190,122
18,191,162
18,192,126
18,193,155
18,194,119
18,195,161
18,196,125
18,197,169
18,198,151
18,199,151
18,200,135
18,201,163
18,202,135
18,203,158
18,204,122
18,205,170
18,206,128
18,207,170
18,208,128
18,209,173
18,210,706
18,211,194
18,212,123
18,213,215
18,214,141
18,215,210
18,216,114
18,217,181
18,218,132
18,219,194
18,220,135
18,221,525
18,222,126
18,223,196
18,224,126
18,225,307
18,226,125
18,227,214
18,228,119
18,229,206
18,230,134
18,231,193
18,232,127
18,233,207
18,234,130
18,235,1435
18,236,142
18,237,215
18,238,176
18,239,211
18,240,147
18,241,213
18,242,157
18,243,223
18,244,162
18,245,305
18,246,195
18,247,295
18,248,167
18,249,243
18,250,176
18,251,243
18,252,191
18,253,240
18,254,221
18,255,227
18,256,178
19,1,157
19,2,199
19,3,166
19,4,187
19,5,158
19,6,219
19,7,179
19,8,275
19,9,321
19,10,201
19,11,177
19,12,201
19,13,190
19,14,206
19,15,175
19,16,208
19,17,164
19,18,200
19,19,165
19,20,209
19,21,157
19,22,198
19,23,971
19,24,201
19,25,168
19,26,200
19,27,181
19,28,391
19,29,174
19,30,222
19,31,174
19,32,210
19,33,165
19,34,218
19,35,200
19,36,195
19,37,183
19,38,250
19,39,169
19,40,219
19,41,171
19,42,209
19,43,169
19,44,193
19,45,170
19,46,173
19,47,135
19,48,160
19,49,162
19,50,159
19,51,232
19,52,167
19,53,154
19,54,155
19,55,136
19,56,156
19,57,134
19,58,152
19,59,191
19,60,155
19,61,153
19,62,158
19,63,129
19,64,175
19,65,132
19,66,147
19,67,146
19,68,168
19,69,126
19,70,153
19,71,222
19,72,233
19,73,184
19,74,155
19,75,142
19,76,158
19,77,189
19,78,155
19,79,143
19,80,155
19,81,146
19,82,141
19,83,149
19,84,137
19,85,133
19,86,151
19,87,151
19,88,167
19,89,140
19,90,148
19,91,144
19,92,170
19,93,149
19,94,140
19,95,150
19,96,136
19,97,167
19,98,137
19,99,150
19,100,156
19,101,143
19,102,137
19,103,168
19,104,149
19,105,141
19,106,130
19,107,139
19,108,142
19,109,138
19,110,134
19,111,144
19,112,140
19,113,134
19,114,163
19,115,151
19,116,133
19,117,131
19,118,137
19,119,144
19,120,138
19,121,128
19,122,140
19,123,122
19,124,161
19,125,125
19,126,147
19,127,132
19,128,179
19,129,111
19,130,115
19,131,109
19,132,105
19,133,112
19,134,92
19,135,128
19,136,78
19,137,109
19,138,105
19,139,124
19,140,98
19,141,109
19,142,88
19,143,715
19,144,226
19,145,133
19,146,96
19,147,116
19,148,133
19,149,117
19,150,113
19,151,117
19,152,110
19,153,128
19,154,107
19,155,140
19,156,119
19,157,135
19,158,127
19,159,137
19,160,146
19,161,133
19,162,123
19,163,148
19,164,125
19,165,128
19,166,125
19,167,128
19,168,126
19,169,133
19,170,146
19,171,146
19,172,128
19,173,138
19,174,138
19,175,136
19,176,128
19,177,145
19,178,133
19,179,867
19,180,128
19,181,152
19,182,129
19,183,165
19,184,141
19,185,165
19,186,120
19,187,146
19,188,138
19,189,160
19,190,122
19,191,162
19,192,126
19,193,155
19,194,119
19,195,161
19,196,125
19,197,169
19,198,151
19,199,151
19,200,135
19,201,163
19,202,135
19,203,158
19,204,122
19,205,170
19,206,128
19,207,170
19,208,128
19,209,173
19,210,706
19,211,194
19,212,123
19,213,215
19,214,141
19,215,210
19,216,114
19,217,181
19,218,132
19,219,194
19,220,135
19,221,525
19,222,126
19,223,196
19,224,126
19,225,307
19,226,125
19,227,214
19,228,119
19,229,206
19,230,134
19,231,193
19,232,127
19,233,207
19,234,130
19,235,1435
19,236,142
19,237,215
19,238,176
19,239,211
19,240,147
19,241,213
19,242,157
19,243,223
19,244,162
19,245,305
19,246,195
19,247,295
19,248,167
19,249,243
19,250,176
19,251,243
19,252,191
19,253,240
19,254,221
19,255,227
19,256,178
20,1,157
20,2,199
20,3,166
20,4,187
20,5,158
20,6,219
20,7,179
20,8,275
20,9,321
20,10,201
20,11,177
20,12,201
20,13,190
20,14,206
20,15,175
20,16,208
20,17,164
20,18,200
20,19,165
20,20,209
20,21,157
20,22,198
20,23,971
20,24,201
20,25,168
20,26,200
20,27,181
20,28,391
20,29,174
20,30,222
20,31,174
20,32,210
20,33,165
20,34,218
20,35,200
20,36,195
20,37,183
20,38,250
20,39,169
20,40,219
20,41,171
20,42,209
20,43,169
20,44,193
20,45,170
20,46,173
20,47,135
20,48,160
20,49,162
20,50,159
20,51,232
20,52,167
20,53,154
20,54,155
20,55,136
20,56,156
20,57,134
20,58,152
20,59,191
20,60,155
20,61,153
20,62,158
20,63,129
20,64,175
20,65,132
20,66,147
20,67,146
20,68,168
20,69,126
20,70,153
20,71,222
20,72,233
20,73,184
20,74,155
20,75,142
20,76,158
20,77,189
20,78,155
20,79,143
20,80,155
20,81,146
20,82,141
20,83,149
20,84,137
20,85,133
20,86,151
20,87,151
20,88,167
20,89,140
20,90,148
20,91,144
20,92,170
20,93,149
20,94,140
20,95,150
20,96,136
20,97,167
20,98,137
20,99,150
20,100,156
20,101,143
20,102,137
20,103,168
20,104,149
20,105,141
20,106,130
20,107,139
20,108,142
20,109,138
20,110,134
20,111,144
20,112,140
20,113,134
20,114,163
20,115,151
20,116,133
20,117,131
20,118,137
20,119,144
20,120,138
20,121,128
20,122,140
20,123,122
20,124,161
20,125,125
20,126,147
20,127,132
20,128,179
20,129,111
20,130,115
20,131,109
20,132,105
20,133,112
20,134,92
20,135,128
20,136,78
20,137,109
20,138,105
20,139,124
20,140,98
20,141,109
20,142,88
20,143,715
20,144,226
20,145,133
20,146,96
20,147,116
20,148,133
20,149,117
20,150,113
20,151,117
20,152,110
20,153,128
20,154,107
20,155,140
20,156,119
20,157,135
20,158,127
20,159,137
20,160,146
20,161,133
20,162,123
20,163,148
20,164,125
20,165,128
20,166,125
20,167,128
20,168,126
20,169,133
20,170,146
20,171,146
20,172,128
20,173,138
20,174,138
20,175,136
20,176,128
20,177,145
20,178,133
20,179,867
20,180,128
20,181,152
20,182,129
20,183,165
20,184,141
20,185,165
20,186,120
20,187,146
20,188,138
20,189,160
20,190,122
20,191,162
20,192,126
20,193,155
20,194,119
20,195,161
20,196,125
20,197,169
20,198,151
20,199,151
20,200,135
20,201,163
20,202,135
20,203,158
20,204,122
20,205,170
20,206,128
20,207,170
20,208,128
20,209,173
20,210,706
20,211,194
20,212,123
20,213,215
20,214,141
20,215,210
20,216,114
20,217,181
20,218,132
20,219,194
20,220,135
20,221,525
20,222,126
20,223,196
20,224,126
20,225,307
20,226,125
20,227,214
20,228,119
20,229,206
20,230,134
20,231,193
20,232,127
20,233,207
20,234,130
20,235,1435
20,236,142
20,237,215
20,238,176
20,239,211
20,240,147
20,241,213
20,242,157
20,243,223
20,244,162
20,245,305
20,246,195
20,247,295
20,248,167
20,249,243
20,250,176
20,251,243
20,252,191
20,253,240
20,254,221
20,255,227
20,256,178
21,1,158
21,2,198
21,3,167
21,4,187
21,5,159
21,6,219
21,7,179
21,8,274
21,9,315
21,10,200
21,11,178
21,12,201
21,13,191
21,14,206
21,15,177
21,16,207
21,17,165
21,18,200
21,19,167
21,20,209
21,21,157
21,22,198
21,23,973
21,24,200
21,25,170
21,26,200
21,27,183
21,28,391
21,29,173
21,30,221
21,31,174
21,32,208
21,33,166
21,34,218
21,35,200
21,36,204
21,37,186
21,38,249
21,39,170
21,40,217
21,41,171
21,42,208
21,43,171
21,44,194
21,45,170
21,46,171
21,47,137
21,48,160
21,49,162
21,50,158
21,51,235
21,52,167
21,53,155
21,54,155
21,55,137
21,56,155
21,57,134
21,58,151
21,59,192
21,60,156
21,61,152
21,62,158
21,63,130
21,64,176
21,65,134
21,66,146
21,67,145
21,68,167
21,69,126
21,70,154
21,71,223
21,72,233
21,73,187
21,74,154
21,75,143
21,76,158
21,77,190
21,78,154
21,79,144
21,80,154
21,81,147
21,82,139
21,83,149
21,84,135
21,85,133
21,86,149
21,87,153
21,88,167
21,89,141
21,90,148
21,91,145
21,92,169
21,93,149
21,94,139
21,95,151
21,96,136
21,97,170
21,98,137
21,99,149
21,100,156
21,101,143
21,102,136
21,103,168
21,104,148
21,105,144
21,106,129
21,107,141
21,108,141
21,109,139
21,110,133
21,111,144
21,112,139
21,113,134
21,114,162
21,115,153
21,116,134
21,117,131
21,118,136
21,119,144
21,120,138
21,121,130
21,122,139
21,123,123
21,124,160
21,125,126
21,126,145
21,127,131
21,128,150
21,129,113
21,130,114
21,131,110
21,132,106
21,133,114
21,134,93
21,135,132
21,136,77
21,137,110
21,138,106
21,139,125
21,140,99
21,141,111
21,142,87
21,143,714
21,144,226
21,145,135
21,146,95
21,147,118
21,148,132
21,149,119
21,150,113
21,151,118
21,152,110
21,153,128
21,154,106
21,155,142
21,156,118
21,157,136
21,158,126
21,159,138
21,160,145
21,161,132
21,162,122
21,163,145
21,164,124
21,165,129
21,166,126
21,167,129
21,168,125
21,169,133
21,170,145
21,171,147
21,172,128
21,173,140
21,174,139
21,175,136
21,176,126
21,177,145
21,178,133
21,179,873
21,180,128
21,181,153
21,182,128
21,183,165
21,184,141
21,185,165
21,186,119
21,187,146
21,188,138
21,189,161
21,190,120
21,191,163
21,192,126
21,193,156
21,194,119
21,195,163
21,196,125
21,197,168
21,198,150
21,199,152
21,200,134
21,201,165
21,202,135
21,203,158
21,204,121
21,205,171
21,206,127
21,207,171
21,208,126
21,209,174
21,210,706
21,211,195
21,212,122
21,213,215
21,214,139
21,215,211
21,216,114
21,217,182
21,218,131
21,219,194
21,220,134
21,221,520
21,222,126
21,223,197
21,224,125
21,225,304
21,226,124
21,227,215
21,228,119
21,229,209
21,230,133
21,231,194
21,232,127
21,233,207
21,234,131
21,235,1434
21,236,142
21,237,217
21,238,177
21,239,212
21,240,146
21,241,215
21,242,156
21,243,223
21,244,159
21,245,306
21,246,192
21,247,297
21,248,165
21,249,243
21,250,176
21,251,243
21,252,190
21,253,240
21,254,222
21,255,228
21,256,178
22,1,158
22,2,198
22,3,167
22,4,187
22,5,159
22,6,219
22,7,179
22,8,274
22,9,315
22,10,200
22,11,178
22,12,201
22,13,191
22,14,206
22,15,177
22,16,207
22,17,165
22,18,200
22,19,167
22,20,209
22,21,157
22,22,198
22,23,973
22,24,200
22,25,170
22,26,200
22,27,183
22,28,391
22,29,173
22,30,221
22,31,174
22,32,208
22,33,166
22,34,218
22,35,200
22,36,204
22,37,186
22,38,249
22,39,170
22,40,217
22,41,171
22,42,208
22,43,171
22,44,194
22,45,170
22,46,171
22,47,137
22,48,160
22,49,162
22,50,158
22,51,235
22,52,167
22,53,155
22,54,155
22,55,137
22,56,155
22,57,134
22,58,151
22,59,192
22,60,156
22,61,152
22,62,158
22,63,130
22,64,176
22,65,134
22,66,146
22,67,145
22,68,167
22,69,126
22,70,154
22,71,223
22,72,233
22,73,187
22,74,154
22,75,143
22,76,158
22,77,190
22,78,154
22,79,144
22,80,154
22,81,147
22,82,139
22,83,149
22,84,135
22,85,133
22,86,149
22,87,153
22,88,167
22,89,141
22,90,148
22,91,145
22,92,169
22,93,149
22,94,139
22,95,151
22,96,136
22,97,170
22,98,137
22,99,149
22,100,156
22,101,143
22,102,136
22,103,168
22,104,148
22,105,144
22,106,129
22,107,141
22,108,141
22,109,139
22,110,133
22,111,144
22,112,139
22,113,134
22,114,162
22,115,153
22,116,134
22,117,131
22,118,136
22,119,144
22,120,138
22,121,130
22,122,139
22,123,123
22,124,160
22,125,126
22,126,145
22,127,131
22,128,150
22,129,113
22,130,114
22,131,110
22,132,106
22,133,114
22,134,93
22,135,132
22,136,77
22,137,110
22,138,106
22,139,125
22,140,99
22,141,111
22,142,87
22,143,714
22,144,226
22,145,135
22,146,95
22,147,118
22,148,132
22,149,119
22,150,113
22,151,118
22,152,110
22,153,128
22,154,106
22,155,142
22,156,118
22,157,136
22,158,126
22,159,138
22,160,145
22,161,132
22,162,122
22,163,145
22,164,124
22,165,129
22,166,126
22,167,129
22,168,125
22,169,133
22,170,145
22,171,147
22,172,128
22,173,140
22,174,139
22,175,136
22,176,126
22,177,145
22,178,133
22,179,873
22,180,128
22,181,153
22,182,128
22,183,165
22,184,141
22,185,165
22,186,119
22,187,146
22,188,138
22,189,161
22,190,120
22,191,163
22,192,126
22,193,156
22,194,119
22,195,163
22,196,125
22,197,168
22,198,150
22,199,152
22,200,134
22,201,165
22,202,135
22,203,158
22,204,121
22,205,171
22,206,127
22,207,171
22,208,126
22,209,174
22,210,706
22,211,195
22,212,122
22,213,215
22,214,139
22,215,211
22,216,114
22,217,182
22,218,131
22,219,194
22,220,134
22,221,520
22,222,126
22,223,197
22,224,125
22,225,304
22,226,124
22,227,215
22,228,119
22,229,209
22,230,133
22,231,194
22,232,127
22,233,207
22,234,131
22,235,1434
22,236,142
22,237,217
22,238,177
22,239,212
22,240,146
22,241,215
22,242,156
22,243,223
22,244,159
22,245,306
22,246,192
22,247,297
22,248,165
22,249,243
22,250,176
22,251,243
22,252,190
22,253,240
22,254,222
22,255,228
22,256,178
23,1,158
23,2,198
23,3,167
23,4,187
23,5,159
23,6,219
23,7,179
23,8,274
23,9,315
23,10,200
23,11,178
23,12,201
23,13,191
23,14,206
23,15,177
23,16,207
23,17,165
23,18,200
23,19,167
23,20,209
23,21,157
23,22,198
23,23,973
23,24,200
23,25,170
23,26,200
23,27,183
23,28,391
23,29,173
23,30,221
23,31,174
23,32,208
23,33,166
23,34,218
23,35,200
23,36,204
23,37,186
23,38,249
23,39,170
23,40,217
23,41,171
23,42,208
23,43,171
23,44,194
23,45,170
23,46,171
23,47,137
23,48,160
23,49,162
23,50,158
23,51,235
23,52,167
23,53,155
23,54,155
23,55,137
23,56,155
23,57,134
23,58,151
23,59,192
23,60,156
23,61,152
23,62,158
23,63,130
23,64,176
23,65,134
23,66,146
23,67,145
23,68,167
23,69,126
23,70,154
23,71,223
23,72,233
23,73,187
23,74,154
23,75,143
23,76,158
23,77,190
23,78,154
23,79,144
23,80,154
23,81,147
23,82,139
23,83,149
23,84,135
23,85,133
23,86,149
23,87,153
23,88,167
23,89,141
23,90,148
23,91,145
23,92,169
23,93,149
23,94,139
23,95,151
23,96,136
23,97,170
23,98,137
23,99,149
23,100,156
23,101,143
23,102,136
23,103,168
23,104,148
23,105,144
23,106,129
23,107,141
23,108,141
23,109,139
23,110,133
23,111,144
23,112,139
23,113,134
23,114,162
23,115,153
23,116,134
23,117,131
23,118,136
23,119,144
23,120,138
23,121,130
23,122,139
23,123,123
23,124,160
23,125,126
23,126,145
23,127,131
23,128,150
23,129,113
23,130,114
23,131,110
23,132,106
23,133,114
23,134,93
23,135,132
23,136,77
23,137,110
23,138,106
23,139,125
23,140,99
23,141,111
23,142,87
23,143,714
23,144,226
23,145,135
23,146,95
23,147,118
23,148,132
23,149,119
23,150,113
23,151,118
23,152,110
23,153,128
23,154,106
23,155,142
23,156,118
23,157,136
23,158,126
23,159,138
23,160,145
23,161,132
23,162,122
23,163,145
23,164,124
23,165,129
23,166,126
23,167,129
23,168,125
23,169,133
23,170,145
23,171,147
23,172,128
23,173,140
23,174,139
23,175,136
23,176,126
23,177,145
23,178,133
23,179,873
23,180,128
23,181,153
23,182,128
23,183,165
23,184,141
23,185,165
23,186,119
23,187,146
23,188,138
23,189,161
23,190,120
23,191,163
23,192,126
23,193,156
23,194,119
23,195,163
23,196,125
23,197,168
23,198,150
23,199,152
23,200,134
23,201,165
23,202,135
23,203,158
23,204,121
23,205,171
23,206,127
23,207,171
23,208,126
23,209,174
23,210,706
23,211,195
23,212,122
23,213,215
23,214,139
23,215,211
23,216,114
23,217,182
23,218,131
23,219,194
23,220,134
23,221,520
23,222,126
23,223,197
23,224,125
23,225,304
23,226,124
23,227,215
23,228,119
23,229,209
23,230,133
23,231,194
23,232,127
23,233,207
23,234,131
23,235,1434
23,236,142
23,237,217
23,238,177
23,239,212
23,240,146
23,241,215
23,242,156
23,243,223
23,244,159
23,245,306
23,246,192
23,247,297
23,248,165
23,249,243
23,250,176
23,251,243
23,252,190
23,253,240
23,254,222
23,255,228
23,256,178
24,1,158
24,2,198
24,3,167
24,4,187
24,5,159
24,6,219
24,7,179
24,8,274
24,9,315
24,10,200
24,11,178
24,12,201
24,13,191
24,14,206
24,15,177
24,16,207
24,17,165
24,18,200
24,19,167
24,20,209
24,21,157
24,22,198
24,23,973
24,24,200
24,25,170
24,26,200
24,27,183
24,28,391
24,29,173
24,30,221
24,31,174
24,32,208
24,33,166
24,34,218
24,35,200
24,36,204
24,37,186
24,38,249
24,39,170
24,40,217
24,41,171
24,42,208
24,43,171
24,44,194
24,45,170
24,46,171
24,47,137
24,48,160
24,49,162
24,50,158
24,51,235
24,52,167
24,53,155
24,54,155
24,55,137
24,56,155
24,57,134
24,58,151
24,59,192
24,60,156
24,61,152
24,62,158
24,63,130
24,64,176
24,65,134
24,66,146
24,67,145
24,68,167
24,69,126
24,70,154
24,71,223
24,72,233
24,73,187
24,74,154
24,75,143
24,76,158
24,77,190
24,78,154
24,79,144
24,80,154
24,81,147
24,82,139
24,83,149
24,84,135
24,85,133
24,86,149
24,87,153
24,88,167
24,89,141
24,90,148
24,91,145
24,92,169
24,93,149
24,94,139
24,95,151
24,96,136
24,97,170
24,98,137
24,99,149
24,100,156
24,101,143
24,102,136
24,103,168
24,104,148
24,105,144
24,106,129
24,107,141
24,108,141
24,109,139
24,110,133
24,111,144
24,112,139
24,113,134
24,114,162
24,115,153
24,116,134
24,117,131
24,118,136
24,119,144
24,120,138
24,121,130
24,122,139
24,123,123
24,124,160
24,125,126
24,126,145
24,127,131
24,128,150
24,129,113
24,130,114
24,131,110
24,132,106
24,133,114
24,134,93
24,135,132
24,136,77
24,137,110
24,138,106
24,139,125
24,140,99
24,141,111
24,142,87
24,143,714
24,144,226
24,145,135
24,146,95
24,147,118
24,148,132
24,149,119
24,150,113
24,151,118
24,152,110
24,153,128
24,154,106
24,155,142
24,156,118
24,157,136
24,158,126
24,159,138
24,160,145
24,161,132
24,162,122
24,163,145
24,164,124
24,165,129
24,166,126
24,167,129
24,168,125
24,169,133
24,170,145
24,171,147
24,172,128
24,173,140
24,174,139
24,175,136
24,176,126
24,177,145
24,178,133
24,179,873
24,180,128
24,181,153
24,182,128
24,183,165
24,184,141
24,185,165
24,186,119
24,187,146
24,188,138
24,189,161
24,190,120
24,191,163
24,192,126
24,193,156
24,194,119
24,195,163
24,196,125
24,197,168
24,198,150
24,199,152
24,200,134
24,201,165
24,202,135
24,203,158
24,204,121
24,205,171
24,206,127
24,207,171
24,208,126
24,209,174
24,210,706
24,211,195
24,212,122
24,213,215
24,214,139
24,215,211
24,216,114
24,217,182
24,218,131
24,219,194
24,220,134
24,221,520
24,222,126
24,223,197
24,224,125
24,225,304
24,226,124
24,227,215
24,228,119
24,229,209
24,230,133
24,231,194
24,232,127
24,233,207
24,234,131
24,235,1434
24,236,142
24,237,217
24,238,177
24,239,212
24,240,146
24,241,215
24,242,156
24,243,223
24,244,159
24,245,306
24,246,192
24,247,297
24,248,165
24,249,243
24,250,176
24,251,243
24,252,190
24,253,240
24,254,222
24,255,228
24,256,178
