Line,Band,Value
1,1,356
1,2,396
1,3,374
1,4,391
1,5,365
1,6,523
1,7,396
1,8,739
1,9,1011
1,10,452
1,11,399
1,12,411
1,13,492
1,14,434
1,15,424
1,16,445
1,17,388
1,18,424
1,19,387
1,20,468
1,21,368
1,22,433
1,23,3655
1,24,417
1,25,390
1,26,416
1,27,433
1,28,1198
1,29,396
1,30,486
1,31,416
1,32,461
1,33,384
1,34,471
1,35,502
1,36,412
1,37,445
1,38,639
1,39,401
1,40,448
1,41,397
1,42,413
1,43,363
1,44,388
1,45,378
1,46,301
1,47,227
1,48,253
1,49,310
1,50,230
1,51,603
1,52,319
1,53,295
1,54,228
1,55,229
1,56,227
1,57,214
1,58,242
1,59,459
1,60,244
1,61,248
1,62,242
1,63,208
1,64,327
1,65,214
1,66,230
1,67,242
1,68,286
1,69,225
1,70,231
1,71,566
1,72,559
1,73,408
1,74,234
1,75,242
1,76,274
1,77,376
1,78,241
1,79,215
1,80,271
1,81,231
1,82,225
1,83,220
1,84,225
1,85,197
1,86,251
1,87,235
1,88,299
1,89,205
1,90,221
1,91,225
1,92,333
1,93,235
1,94,228
1,95,224
1,96,208
1,97,303
1,98,210
1,99,247
1,100,264
1,101,209
1,102,205
1,103,309
1,104,240
1,105,205
1,106,199
1,107,207
1,108,212
1,109,213
1,110,205
1,111,208
1,112,209
1,113,217
1,114,311
1,115,272
1,116,207
1,117,201
1,118,211
1,119,229
1,120,207
1,121,198
1,122,218
1,123,180
1,124,282
1,125,189
1,126,223
1,127,194
1,128,234
1,129,165
1,130,238
1,131,171
1,132,207
1,133,164
1,134,144
1,135,233
1,136,129
1,137,154
1,138,173
1,139,183
1,140,150
1,141,152
1,142,138
1,143,2613
1,144,675
1,145,227
1,146,138
1,147,157
1,148,299
1,149,161
1,150,161
1,151,168
1,152,174
1,153,193
1,154,153
1,155,239
1,156,169
1,157,221
1,158,181
1,159,181
1,160,269
1,161,218
1,162,169
1,163,247
1,164,181
1,165,172
1,166,183
1,167,178
1,168,182
1,169,181
1,170,245
1,171,220
1,172,178
1,173,190
1,174,226
1,175,187
1,176,175
1,177,192
1,178,212
1,179,3112
1,180,195
1,181,219
1,182,192
1,183,270
1,184,203
1,185,235
1,186,174
1,187,198
1,188,224
1,189,226
1,190,175
1,191,261
1,192,199
1,193,211
1,194,177
1,195,232
1,196,188
1,197,256
1,198,283
1,199,212
1,200,211
1,201,238
1,202,213
1,203,229
1,204,199
1,205,254
1,206,212
1,207,246
1,208,210
1,209,252
1,210,2561
1,211,338
1,212,210
1,213,421
1,214,289
1,215,421
1,216,211
1,217,283
1,218,265
1,219,324
1,220,265
1,221,1685
1,222,257
1,223,335
1,224,266
1,225,814
1,226,270
1,227,422
1,228,274
1,229,371
1,230,303
1,231,371
1,232,316
1,233,433
1,234,331
1,235,4095
1,236,381
1,237,463
1,238,487
1,239,475
1,240,422
1,241,492
1,242,455
1,243,531
1,244,473
1,245,887
1,246,647
1,247,869
1,248,544
1,249,661
1,250,572
1,251,646
1,252,612
1,253,675
1,254,739
1,255,645
1,256,610
2,1,356
2,2,396
2,3,374
2,4,391
2,5,365
2,6,523
2,7,396
2,8,739
2,9,1011
2,10,452
2,11,399
2,12,411
2,13,492
2,14,434
2,15,424
2,16,445
2,17,388
2,18,424
2,19,387
2,20,468
2,21,368
2,22,433
2,23,3655
2,24,417
2,25,390
2,26,416
2,27,433
2,28,1198
2,29,396
2,30,486
2,31,416
2,32,461
2,33,384
2,34,471
2,35,502
2,36,412
2,37,445
2,38,639
2,39,401
2,40,448
2,41,397
2,42,413
2,43,363
2,44,388
2,45,378
2,46,301
2,47,227
2,48,253
2,49,310
2,50,230
2,51,603
2,52,319
2,53,295
2,54,228
2,55,229
2,56,227
2,57,214
2,58,242
2,59,459
2,60,244
2,61,248
2,62,242
2,63,208
2,64,327
2,65,214
2,66,230
2,67,242
2,68,286
2,69,225
2,70,231
2,71,566
2,72,559
2,73,408
2,74,234
2,75,242
2,76,274
2,77,376
2,78,241
2,79,215
2,80,271
2,81,231
2,82,225
2,83,220
2,84,225
2,85,197
2,86,251
2,87,235
2,88,299
2,89,205
2,90,221
2,91,225
2,92,333
2,93,235
2,94,228
2,95,224
2,96,208
2,97,303
2,98,210
2,99,247
2,100,264
2,101,209
2,102,205
2,103,309
2,104,240
2,105,205
2,106,199
2,107,207
2,108,212
2,109,213
2,110,205
2,111,208
2,112,209
2,113,217
2,114,311
2,115,272
2,116,207
2,117,201
2,118,211
2,119,229
2,120,207
2,121,198
2,122,218
2,123,180
2,124,282
2,125,189
2,126,223
2,127,194
2,128,234
2,129,165
2,130,238
2,131,171
2,132,207
2,133,164
2,134,144
2,135,233
2,136,129
2,137,154
2,138,173
2,139,183
2,140,150
2,141,152
2,142,138
2,143,2613
2,144,675
2,145,227
2,146,138
2,147,157
2,148,299
2,149,161
2,150,161
2,151,168
2,152,174
2,153,193
2,154,153
2,155,239
2,156,169
2,157,221
2,158,181
2,159,181
2,160,269
2,161,218
2,162,169
2,163,247
2,164,181
2,165,172
2,166,183
2,167,178
2,168,182
2,169,181
2,170,245
2,171,220
2,172,178
2,173,190
2,174,226
2,175,187
2,176,175
2,177,192
2,178,212
2,179,3112
2,180,195
2,181,219
2,182,192
2,183,270
2,184,203
2,185,235
2,186,174
2,187,198
2,188,224
2,189,226
2,190,175
2,191,261
2,192,199
2,193,211
2,194,177
2,195,232
2,196,188
2,197,256
2,198,283
2,199,212
2,200,211
2,201,238
2,202,213
2,203,229
2,204,199
2,205,254
2,206,212
2,207,246
2,208,210
2,209,252
2,210,2561
2,211,338
2,212,210
2,213,421
2,214,289
2,215,421
2,216,211
2,217,283
2,218,265
2,219,324
2,220,265
2,221,1685
2,222,257
2,223,335
2,224,266
2,225,814
2,226,270
2,227,422
2,228,274
2,229,371
2,230,303
2,231,371
2,232,316
2,233,433
2,234,331
2,235,4095
2,236,381
2,237,463
2,238,487
2,239,475
2,240,422
2,241,492
2,242,455
2,243,531
2,244,473
2,245,887
2,246,647
2,247,869
2,248,544
2,249,661
2,250,572
2,251,646
2,252,612
2,253,675
2,254,739
2,255,645
2,256,610
3,1,356
3,2,396
3,3,374
3,4,391
3,5,365
3,6,523
3,7,396
3,8,739
3,9,1011
3,10,452
3,11,399
3,12,411
3,13,492
3,14,434
3,15,424
3,16,445
3,17,388
3,18,424
3,19,387
3,20,468
3,21,368
3,22,433
3,23,3655
3,24,417
3,25,390
3,26,416
3,27,433
3,28,1198
3,29,396
3,30,486
3,31,416
3,32,461
3,33,384
3,34,471
3,35,502
3,36,412
3,37,445
3,38,639
3,39,401
3,40,448
3,41,397
3,42,413
3,43,363
3,44,388
3,45,378
3,46,301
3,47,227
3,48,253
3,49,310
3,50,230
3,51,603
3,52,319
3,53,295
3,54,228
3,55,229
3,56,227
3,57,214
3,58,242
3,59,459
3,60,244
3,61,248
3,62,242
3,63,208
3,64,327
3,65,214
3,66,230
3,67,242
3,68,286
3,69,225
3,70,231
3,71,566
3,72,559
3,73,408
3,74,234
3,75,242
3,76,274
3,77,376
3,78,241
3,79,215
3,80,271
3,81,231
3,82,225
3,83,220
3,84,225
3,85,197
3,86,251
3,87,235
3,88,299
3,89,205
3,90,221
3,91,225
3,92,333
3,93,235
3,94,228
3,95,224
3,96,208
3,97,303
3,98,210
3,99,247
3,100,264
3,101,209
3,102,205
3,103,309
3,104,240
3,105,205
3,106,199
3,107,207
3,108,212
3,109,213
3,110,205
3,111,208
3,112,209
3,113,217
3,114,311
3,115,272
3,116,207
3,117,201
3,118,211
3,119,229
3,120,207
3,121,198
3,122,218
3,123,180
3,124,282
3,125,189
3,126,223
3,127,194
3,128,234
3,129,165
3,130,238
3,131,171
3,132,207
3,133,164
3,134,144
3,135,233
3,136,129
3,137,154
3,138,173
3,139,183
3,140,150
3,141,152
3,142,138
3,143,2613
3,144,675
3,145,227
3,146,138
3,147,157
3,148,299
3,149,161
3,150,161
3,151,168
3,152,174
3,153,193
3,154,153
3,155,239
3,156,169
3,157,221
3,158,181
3,159,181
3,160,269
3,161,218
3,162,169
3,163,247
3,164,181
3,165,172
3,166,183
3,167,178
3,168,182
3,169,181
3,170,245
3,171,220
3,172,178
3,173,190
3,174,226
3,175,187
3,176,175
3,177,192
3,178,212
3,179,3112
3,180,195
3,181,219
3,182,192
3,183,270
3,184,203
3,185,235
3,186,174
3,187,198
3,188,224
3,189,226
3,190,175
3,191,261
3,192,199
3,193,211
3,194,177
3,195,232
3,196,188
3,197,256
3,198,283
3,199,212
3,200,211
3,201,238
3,202,213
3,203,229
3,204,199
3,205,254
3,206,212
3,207,246
3,208,210
3,209,252
3,210,2561
3,211,338
3,212,210
3,213,421
3,214,289
3,215,421
3,216,211
3,217,283
3,218,265
3,219,324
3,220,265
3,221,1685
3,222,257
3,223,335
3,224,266
3,225,814
3,226,270
3,227,422
3,228,274
3,229,371
3,230,303
3,231,371
3,232,316
3,233,433
3,234,331
3,235,4095
3,236,381
3,237,463
3,238,487
3,239,475
3,240,422
3,241,492
3,242,455
3,243,531
3,244,473
3,245,887
3,246,647
3,247,869
3,248,544
3,249,661
3,250,572
3,251,646
3,252,612
3,253,675
3,254,739
3,255,645
3,256,610
4,1,356
4,2,396
4,3,374
4,4,391
4,5,365
4,6,523
4,7,396
4,8,739
4,9,1011
4,10,452
4,11,399
4,12,411
4,13,492
4,14,434
4,15,424
4,16,445
4,17,388
4,18,424
4,19,387
4,20,468
4,21,368
4,22,433
4,23,3655
4,24,417
4,25,390
4,26,416
4,27,433
4,28,1198
4,29,396
4,30,486
4,31,416
4,32,461
4,33,384
4,34,471
4,35,502
4,36,412
4,37,445
4,38,639
4,39,401
4,40,448
4,41,397
4,42,413
4,43,363
4,44,388
4,45,378
4,46,301
4,47,227
4,48,253
4,49,310
4,50,230
4,51,603
4,52,319
4,53,295
4,54,228
4,55,229
4,56,227
4,57,214
4,58,242
4,59,459
4,60,244
4,61,248
4,62,242
4,63,208
4,64,327
4,65,214
4,66,230
4,67,242
4,68,286
4,69,225
4,70,231
4,71,566
4,72,559
4,73,408
4,74,234
4,75,242
4,76,274
4,77,376
4,78,241
4,79,215
4,80,271
4,81,231
4,82,225
4,83,220
4,84,225
4,85,197
4,86,251
4,87,235
4,88,299
4,89,205
4,90,221
4,91,225
4,92,333
4,93,235
4,94,228
4,95,224
4,96,208
4,97,303
4,98,210
4,99,247
4,100,264
4,101,209
4,102,205
4,103,309
4,104,240
4,105,205
4,106,199
4,107,207
4,108,212
4,109,213
4,110,205
4,111,208
4,112,209
4,113,217
4,114,311
4,115,272
4,116,207
4,117,201
4,118,211
4,119,229
4,120,207
4,121,198
4,122,218
4,123,180
4,124,282
4,125,189
4,126,223
4,127,194
4,128,234
4,129,165
4,130,238
4,131,171
4,132,207
4,133,164
4,134,144
4,135,233
4,136,129
4,137,154
4,138,173
4,139,183
4,140,150
4,141,152
4,142,138
4,143,2613
4,144,675
4,145,227
4,146,138
4,147,157
4,148,299
4,149,161
4,150,161
4,151,168
4,152,174
4,153,193
4,154,153
4,155,239
4,156,169
4,157,221
4,158,181
4,159,181
4,160,269
4,161,218
4,162,169
4,163,247
4,164,181
4,165,172
4,166,183
4,167,178
4,168,182
4,169,181
4,170,245
4,171,220
4,172,178
4,173,190
4,174,226
4,175,187
4,176,175
4,177,192
4,178,212
4,179,3112
4,180,195
4,181,219
4,182,192
4,183,270
4,184,203
4,185,235
4,186,174
4,187,198
4,188,224
4,189,226
4,190,175
4,191,261
4,192,199
4,193,211
4,194,177
4,195,232
4,196,188
4,197,256
4,198,283
4,199,212
4,200,211
4,201,238
4,202,213
4,203,229
4,204,199
4,205,254
4,206,212
4,207,246
4,208,210
4,209,252
4,210,2561
4,211,338
4,212,210
4,213,421
4,214,289
4,215,421
4,216,211
4,217,283
4,218,265
4,219,324
4,220,265
4,221,1685
4,222,257
4,223,335
4,224,266
4,225,814
4,226,270
4,227,422
4,228,274
4,229,371
4,230,303
4,231,371
4,232,316
4,233,433
4,234,331
4,235,4095
4,236,381
4,237,463
4,238,487
4,239,475
4,240,422
4,241,492
4,242,455
4,243,531
4,244,473
4,245,887
4,246,647
4,247,869
4,248,544
4,249,661
4,250,572
4,251,646
4,252,612
4,253,675
4,254,739
4,255,645
4,256,610
5,1,357
5,2,396
5,3,372
5,4,391
5,5,365
5,6,521
5,7,396
5,8,742
5,9,983
5,10,451
5,11,399
5,12,410
5,13,490
5,14,435
5,15,421
5,16,447
5,17,389
5,18,425
5,19,387
5,20,468
5,21,367
5,22,435
5,23,3652
5,24,417
5,25,390
5,26,415
5,27,431
5,28,1197
5,29,397
5,30,487
5,31,415
5,32,462
5,33,383
5,34,473
5,35,495
5,36,413
5,37,442
5,38,640
5,39,400
5,40,449
5,41,394
5,42,414
5,43,363
5,44,387
5,45,375
5,46,302
5,47,226
5,48,254
5,49,311
5,50,231
5,51,611
5,52,317
5,53,292
5,54,228
5,55,230
5,56,228
5,57,213
5,58,241
5,59,458
5,60,244
5,61,251
5,62,242
5,63,204
5,64,327
5,65,214
5,66,230
5,67,243
5,68,290
5,69,225
5,70,231
5,71,567
5,72,569
5,73,416
5,74,236
5,75,242
5,76,277
5,77,376
5,78,239
5,79,214
5,80,273
5,81,230
5,82,223
5,83,219
5,84,227
5,85,197
5,86,252
5,87,234
5,88,299
5,89,206
5,90,224
5,91,225
5,92,333
5,93,236
5,94,228
5,95,225
5,96,207
5,97,305
5,98,210
5,99,247
5,100,266
5,101,212
5,102,206
5,103,308
5,104,241
5,105,205
5,106,199
5,107,207
5,108,213
5,109,211
5,110,206
5,111,207
5,112,210
5,113,217
5,114,315
5,115,273
5,116,207
5,117,202
5,118,210
5,119,230
5,120,206
5,121,200
5,122,219
5,123,181
5,124,282
5,125,190
5,126,223
5,127,196
5,128,238
5,129,166
5,130,239
5,131,172
5,132,206
5,133,163
5,134,146
5,135,233
5,136,129
5,137,154
5,138,167
5,139,173
5,140,151
5,141,152
5,142,141
5,143,2610
5,144,675
5,145,229
5,146,139
5,147,157
5,148,308
5,149,161
5,150,161
5,151,167
5,152,175
5,153,193
5,154,154
5,155,243
5,156,171
5,157,221
5,158,181
5,159,181
5,160,262
5,161,218
5,162,170
5,163,247
5,164,181
5,165,173
5,166,185
5,167,179
5,168,182
5,169,181
5,170,244
5,171,218
5,172,178
5,173,190
5,174,229
5,175,187
5,176,176
5,177,192
5,178,211
5,179,3104
5,180,196
5,181,217
5,182,193
5,183,267
5,184,204
5,185,235
5,186,175
5,187,198
5,188,225
5,189,226
5,190,176
5,191,260
5,192,198
5,193,212
5,194,177
5,195,227
5,196,188
5,197,255
5,198,277
5,199,211
5,200,212
5,201,239
5,202,215
5,203,228
5,204,200
5,205,254
5,206,212
5,207,246
5,208,211
5,209,254
5,210,2563
5,211,339
5,212,211
5,213,422
5,214,287
5,215,419
5,216,213
5,217,284
5,218,265
5,219,323
5,220,266
5,221,1703
5,222,255
5,223,335
5,224,267
5,225,821
5,226,269
5,227,421
5,228,276
5,229,371
5,230,303
5,231,369
5,232,316
5,233,432
5,234,330
5,235,4095
5,236,380
5,237,464
5,238,497
5,239,474
5,240,424
5,241,491
5,242,457
5,243,530
5,244,475
5,245,890
5,246,650
5,247,866
5,248,544
5,249,670
5,250,571
5,251,647
5,252,613
5,253,668
5,254,739
5,255,644
5,256,609
6,1,357
6,2,396
6,3,372
6,4,391
6,5,365
6,6,521
6,7,396
6,8,742
6,9,983
6,10,451
6,11,399
6,12,410
6,13,490
6,14,435
6,15,421
6,16,447
6,17,389
6,18,425
6,19,387
6,20,468
6,21,367
6,22,435
6,23,3652
6,24,417
6,25,390
6,26,415
6,27,431
6,28,1197
6,29,397
6,30,487
6,31,415
6,32,462
6,33,383
6,34,473
6,35,495
6,36,413
6,37,442
6,38,640
6,39,400
6,40,449
6,41,394
6,42,414
6,43,363
6,44,387
6,45,375
6,46,302
6,47,226
6,48,254
6,49,311
6,50,231
6,51,611
6,52,317
6,53,292
6,54,228
6,55,230
6,56,228
6,57,213
6,58,241
6,59,458
6,60,244
6,61,251
6,62,242
6,63,204
6,64,327
6,65,214
6,66,230
6,67,243
6,68,290
6,69,225
6,70,231
6,71,567
6,72,569
6,73,416
6,74,236
6,75,242
6,76,277
6,77,376
6,78,239
6,79,214
6,80,273
6,81,230
6,82,223
6,83,219
6,84,227
6,85,197
6,86,252
6,87,234
6,88,299
6,89,206
6,90,224
6,91,225
6,92,333
6,93,236
6,94,228
6,95,225
6,96,207
6,97,305
6,98,210
6,99,247
6,100,266
6,101,212
6,102,206
6,103,308
6,104,241
6,105,205
6,106,199
6,107,207
6,108,213
6,109,211
6,110,206
6,111,207
6,112,210
6,113,217
6,114,315
6,115,273
6,116,207
6,117,202
6,118,210
6,119,230
6,120,206
6,121,200
6,122,219
6,123,181
6,124,282
6,125,190
6,126,223
6,127,196
6,128,238
6,129,166
6,130,239
6,131,172
6,132,206
6,133,163
6,134,146
6,135,233
6,136,129
6,137,154
6,138,167
6,139,173
6,140,151
6,141,152
6,142,141
6,143,2610
6,144,675
6,145,229
6,146,139
6,147,157
6,148,308
6,149,161
6,150,161
6,151,167
6,152,175
6,153,193
6,154,154
6,155,243
6,156,171
6,157,221
6,158,181
6,159,181
6,160,262
6,161,218
6,162,170
6,163,247
6,164,181
6,165,173
6,166,185
6,167,179
6,168,182
6,169,181
6,170,244
6,171,218
6,172,178
6,173,190
6,174,229
6,175,187
6,176,176
6,177,192
6,178,211
6,179,3104
6,180,196
6,181,217
6,182,193
6,183,267
6,184,204
6,185,235
6,186,175
6,187,198
6,188,225
6,189,226
6,190,176
6,191,260
6,192,198
6,193,212
6,194,177
6,195,227
6,196,188
6,197,255
6,198,277
6,199,211
6,200,212
6,201,239
6,202,215
6,203,228
6,204,200
6,205,254
6,206,212
6,207,246
6,208,211
6,209,254
6,210,2563
6,211,339
6,212,211
6,213,422
6,214,287
6,215,419
6,216,213
6,217,284
6,218,265
6,219,323
6,220,266
6,221,1703
6,222,255
6,223,335
6,224,267
6,225,821
6,226,269
6,227,421
6,228,276
6,229,371
6,230,303
6,231,369
6,232,316
6,233,432
6,234,330
6,235,4095
6,236,380
6,237,464
6,238,497
6,239,474
6,240,424
6,241,491
6,242,457
6,243,530
6,244,475
6,245,890
6,246,650
6,247,866
6,248,544
6,249,670
6,250,571
6,251,647
6,252,613
6,253,668
6,254,739
6,255,644
6,256,609
7,1,357
7,2,396
7,3,372
7,4,391
7,5,365
7,6,521
7,7,396
7,8,742
7,9,983
7,10,451
7,11,399
7,12,410
7,13,490
7,14,435
7,15,421
7,16,447
7,17,389
7,18,425
7,19,387
7,20,468
7,21,367
7,22,435
7,23,3652
7,24,417
7,25,390
7,26,415
7,27,431
7,28,1197
7,29,397
7,30,487
7,31,415
7,32,462
7,33,383
7,34,473
7,35,495
7,36,413
7,37,442
7,38,640
7,39,400
7,40,449
7,41,394
7,42,414
7,43,363
7,44,387
7,45,375
7,46,302
7,47,226
7,48,254
7,49,311
7,50,231
7,51,611
7,52,317
7,53,292
7,54,228
7,55,230
7,56,228
7,57,213
7,58,241
7,59,458
7,60,244
7,61,251
7,62,242
7,63,204
7,64,327
7,65,214
7,66,230
7,67,243
7,68,290
7,69,225
7,70,231
7,71,567
7,72,569
7,73,416
7,74,236
7,75,242
7,76,277
7,77,376
7,78,239
7,79,214
7,80,273
7,81,230
7,82,223
7,83,219
7,84,227
7,85,197
7,86,252
7,87,234
7,88,299
7,89,206
7,90,224
7,91,225
7,92,333
7,93,236
7,94,228
7,95,225
7,96,207
7,97,305
7,98,210
7,99,247
7,100,266
7,101,212
7,102,206
7,103,308
7,104,241
7,105,205
7,106,199
7,107,207
7,108,213
7,109,211
7,110,206
7,111,207
7,112,210
7,113,217
7,114,315
7,115,273
7,116,207
7,117,202
7,118,210
7,119,230
7,120,206
7,121,200
7,122,219
7,123,181
7,124,282
7,125,190
7,126,223
7,127,196
7,128,238
7,129,166
7,130,239
7,131,172
7,132,206
7,133,163
7,134,146
7,135,233
7,136,129
7,137,154
7,138,167
7,139,173
7,140,151
7,141,152
7,142,141
7,143,2610
7,144,675
7,145,229
7,146,139
7,147,157
7,148,308
7,149,161
7,150,161
7,151,167
7,152,175
7,153,193
7,154,154
7,155,243
7,156,171
7,157,221
7,158,181
7,159,181
7,160,262
7,161,218
7,162,170
7,163,247
7,164,181
7,165,173
7,166,185
7,167,179
7,168,182
7,169,181
7,170,244
7,171,218
7,172,178
7,173,190
7,174,229
7,175,187
7,176,176
7,177,192
7,178,211
7,179,3104
7,180,196
7,181,217
7,182,193
7,183,267
7,184,204
7,185,235
7,186,175
7,187,198
7,188,225
7,189,226
7,190,176
7,191,260
7,192,198
7,193,212
7,194,177
7,195,227
7,196,188
7,197,255
7,198,277
7,199,211
7,200,212
7,201,239
7,202,215
7,203,228
7,204,200
7,205,254
7,206,212
7,207,246
7,208,211
7,209,254
7,210,2563
7,211,339
7,212,211
7,213,422
7,214,287
7,215,419
7,216,213
7,217,284
7,218,265
7,219,323
7,220,266
7,221,1703
7,222,255
7,223,335
7,224,267
7,225,821
7,226,269
7,227,421
7,228,276
7,229,371
7,230,303
7,231,369
7,232,316
7,233,432
7,234,330
7,235,4095
7,236,380
7,237,464
7,238,497
7,239,474
7,240,424
7,241,491
7,242,457
7,243,530
7,244,475
7,245,890
7,246,650
7,247,866
7,248,544
7,249,670
7,250,571
7,251,647
7,252,613
7,253,668
7,254,739
7,255,644
7,256,609
8,1,357
8,2,396
8,3,372
8,4,391
8,5,365
8,6,521
8,7,396
8,8,742
8,9,983
8,10,451
8,11,399
8,12,410
8,13,490
8,14,435
8,15,421
8,16,447
8,17,389
8,18,425
8,19,387
8,20,468
8,21,367
8,22,435
8,23,3652
8,24,417
8,25,390
8,26,415
8,27,431
8,28,1197
8,29,397
8,30,487
8,31,415
8,32,462
8,33,383
8,34,473
8,35,495
8,36,413
8,37,442
8,38,640
8,39,400
8,40,449
8,41,394
8,42,414
8,43,363
8,44,387
8,45,375
8,46,302
8,47,226
8,48,254
8,49,311
8,50,231
8,51,611
8,52,317
8,53,292
8,54,228
8,55,230
8,56,228
8,57,213
8,58,241
8,59,458
8,60,244
8,61,251
8,62,242
8,63,204
8,64,327
8,65,214
8,66,230
8,67,243
8,68,290
8,69,225
8,70,231
8,71,567
8,72,569
8,73,416
8,74,236
8,75,242
8,76,277
8,77,376
8,78,239
8,79,214
8,80,273
8,81,230
8,82,223
8,83,219
8,84,227
8,85,197
8,86,252
8,87,234
8,88,299
8,89,206
8,90,224
8,91,225
8,92,333
8,93,236
8,94,228
8,95,225
8,96,207
8,97,305
8,98,210
8,99,247
8,100,266
8,101,212
8,102,206
8,103,308
8,104,241
8,105,205
8,106,199
8,107,207
8,108,213
8,109,211
8,110,206
8,111,207
8,112,210
8,113,217
8,114,315
8,115,273
8,116,207
8,117,202
8,118,210
8,119,230
8,120,206
8,121,200
8,122,219
8,123,181
8,124,282
8,125,190
8,126,223
8,127,196
8,128,238
8,129,166
8,130,239
8,131,172
8,132,206
8,133,163
8,134,146
8,135,233
8,136,129
8,137,154
8,138,167
8,139,173
8,140,151
8,141,152
8,142,141
8,143,2610
8,144,675
8,145,229
8,146,139
8,147,157
8,148,308
8,149,161
8,150,161
8,151,167
8,152,175
8,153,193
8,154,154
8,155,243
8,156,171
8,157,221
8,158,181
8,159,181
8,160,262
8,161,218
8,162,170
8,163,247
8,164,181
8,165,173
8,166,185
8,167,179
8,168,182
8,169,181
8,170,244
8,171,218
8,172,178
8,173,190
8,174,229
8,175,187
8,176,176
8,177,192
8,178,211
8,179,3104
8,180,196
8,181,217
8,182,193
8,183,267
8,184,204
8,185,235
8,186,175
8,187,198
8,188,225
8,189,226
8,190,176
8,191,260
8,192,198
8,193,212
8,194,177
8,195,227
8,196,188
8,197,255
8,198,277
8,199,211
8,200,212
8,201,239
8,202,215
8,203,228
8,204,200
8,205,254
8,206,212
8,207,246
8,208,211
8,209,254
8,210,2563
8,211,339
8,212,211
8,213,422
8,214,287
8,215,419
8,216,213
8,217,284
8,218,265
8,219,323
8,220,266
8,221,1703
8,222,255
8,223,335
8,224,267
8,225,821
8,226,269
8,227,421
8,228,276
8,229,371
8,230,303
8,231,369
8,232,316
8,233,432
8,234,330
8,235,4095
8,236,380
8,237,464
8,238,497
8,239,474
8,240,424
8,241,491
8,242,457
8,243,530
8,244,475
8,245,890
8,246,650
8,247,866
8,248,544
8,249,670
8,250,571
8,251,647
8,252,613
8,253,668
8,254,739
8,255,644
8,256,609
9,1,356
9,2,396
9,3,369
9,4,389
9,5,364
9,6,523
9,7,396
9,8,736
9,9,992
9,10,452
9,11,398
9,12,408
9,13,492
9,14,436
9,15,425
9,16,445
9,17,388
9,18,426
9,19,387
9,20,467
9,21,368
9,22,433
9,23,3659
9,24,416
9,25,389
9,26,417
9,27,435
9,28,1197
9,29,397
9,30,486
9,31,415
9,32,465
9,33,387
9,34,473
9,35,494
9,36,414
9,37,444
9,38,639
9,39,399
9,40,450
9,41,395
9,42,413
9,43,363
9,44,388
9,45,379
9,46,300
9,47,229
9,48,253
9,49,310
9,50,230
9,51,606
9,52,319
9,53,294
9,54,228
9,55,230
9,56,226
9,57,213
9,58,239
9,59,461
9,60,243
9,61,249
9,62,241
9,63,205
9,64,325
9,65,213
9,66,230
9,67,242
9,68,288
9,69,224
9,70,231
9,71,567
9,72,563
9,73,418
9,74,236
9,75,244
9,76,277
9,77,368
9,78,238
9,79,215
9,80,271
9,81,230
9,82,226
9,83,219
9,84,227
9,85,196
9,86,250
9,87,235
9,88,299
9,89,204
9,90,222
9,91,226
9,92,334
9,93,234
9,94,228
9,95,224
9,96,207
9,97,301
9,98,211
9,99,247
9,100,263
9,101,210
9,102,206
9,103,311
9,104,241
9,105,205
9,106,199
9,107,207
9,108,212
9,109,213
9,110,205
9,111,209
9,112,210
9,113,218
9,114,313
9,115,273
9,116,205
9,117,201
9,118,209
9,119,230
9,120,207
9,121,199
9,122,220
9,123,182
9,124,280
9,125,190
9,126,224
9,127,196
9,128,235
9,129,166
9,130,238
9,131,172
9,132,208
9,133,165
9,134,145
9,135,237
9,136,129
9,137,155
9,138,167
9,139,172
9,140,148
9,141,153
9,142,139
9,143,2615
9,144,675
9,145,233
9,146,139
9,147,157
9,148,305
9,149,159
9,150,162
9,151,167
9,152,174
9,153,194
9,154,153
9,155,246
9,156,170
9,157,222
9,158,181
9,159,181
9,160,269
9,161,218
9,162,169
9,163,246
9,164,177
9,165,173
9,166,185
9,167,181
9,168,181
9,169,182
9,170,244
9,171,218
9,172,178
9,173,190
9,174,226
9,175,188
9,176,175
9,177,191
9,178,211
9,179,3104
9,180,197
9,181,216
9,182,192
9,183,265
9,184,203
9,185,237
9,186,175
9,187,198
9,188,225
9,189,227
9,190,175
9,191,276
9,192,199
9,193,212
9,194,178
9,195,231
9,196,188
9,197,253
9,198,275
9,199,213
9,200,212
9,201,238
9,202,214
9,203,229
9,204,201
9,205,252
9,206,212
9,207,246
9,208,210
9,209,253
9,210,2559
9,211,339
9,212,211
9,213,422
9,214,288
9,215,419
9,216,212
9,217,283
9,218,266
9,219,324
9,220,265
9,221,1687
9,222,257
9,223,335
9,224,267
9,225,824
9,226,270
9,227,422
9,228,276
9,229,373
9,230,305
9,231,371
9,232,316
9,233,432
9,234,331
9,235,4095
9,236,379
9,237,463
9,238,495
9,239,475
9,240,422
9,241,494
9,242,456
9,243,530
9,244,474
9,245,886
9,246,650
9,247,866
9,248,544
9,249,667
9,250,571
9,251,644
9,252,611
9,253,669
9,254,732
9,255,643
9,256,611
10,1,356
10,2,396
10,3,369
10,4,389
10,5,364
10,6,523
10,7,396
10,8,736
10,9,992
10,10,452
10,11,398
10,12,408
10,13,492
10,14,436
10,15,425
10,16,445
10,17,388
10,18,426
10,19,387
10,20,467
10,21,368
10,22,433
10,23,3659
10,24,416
10,25,389
10,26,417
10,27,435
10,28,1197
10,29,397
10,30,486
10,31,415
10,32,465
10,33,387
10,34,473
10,35,494
10,36,414
10,37,444
10,38,639
10,39,399
10,40,450
10,41,395
10,42,413
10,43,363
10,44,388
10,45,379
10,46,300
10,47,229
10,48,253
10,49,310
10,50,230
10,51,606
10,52,319
10,53,294
10,54,228
10,55,230
10,56,226
10,57,213
10,58,239
10,59,461
10,60,243
10,61,249
10,62,241
10,63,205
10,64,325
10,65,213
10,66,230
10,67,242
10,68,288
10,69,224
10,70,231
10,71,567
10,72,563
10,73,418
10,74,236
10,75,244
10,76,277
10,77,368
10,78,238
10,79,215
10,80,271
10,81,230
10,82,226
10,83,219
10,84,227
10,85,196
10,86,250
10,87,235
10,88,299
10,89,204
10,90,222
10,91,226
10,92,334
10,93,234
10,94,228
10,95,224
10,96,207
10,97,301
10,98,211
10,99,247
10,100,263
10,101,210
10,102,206
10,103,311
10,104,241
10,105,205
10,106,199
10,107,207
10,108,212
10,109,213
10,110,205
10,111,209
10,112,210
10,113,218
10,114,313
10,115,273
10,116,205
10,117,201
10,118,209
10,119,230
10,120,207
10,121,199
10,122,220
10,123,182
10,124,280
10,125,190
10,126,224
10,127,196
10,128,235
10,129,166
10,130,238
10,131,172
10,132,208
10,133,165
10,134,145
10,135,237
10,136,129
10,137,155
10,138,167
10,139,172
10,140,148
10,141,153
10,142,139
10,143,2615
10,144,675
10,145,233
10,146,139
10,147,157
10,148,305
10,149,159
10,150,162
10,151,167
10,152,174
10,153,194
10,154,153
10,155,246
10,156,170
10,157,222
10,158,181
10,159,181
10,160,269
10,161,218
10,162,169
10,163,246
10,164,177
10,165,173
10,166,185
10,167,181
10,168,181
10,169,182
10,170,244
10,171,218
10,172,178
10,173,190
10,174,226
10,175,188
10,176,175
10,177,191
10,178,211
10,179,3104
10,180,197
10,181,216
10,182,192
10,183,265
10,184,203
10,185,237
10,186,175
10,187,198
10,188,225
10,189,227
10,190,175
10,191,276
10,192,199
10,193,212
10,194,178
10,195,231
10,196,188
10,197,253
10,198,275
10,199,213
10,200,212
10,201,238
10,202,214
10,203,229
10,204,201
10,205,252
10,206,212
10,207,246
10,208,210
10,209,253
10,210,2559
10,211,339
10,212,211
10,213,422
10,214,288
10,215,419
10,216,212
10,217,283
10,218,266
10,219,324
10,220,265
10,221,1687
10,222,257
10,223,335
10,224,267
10,225,824
10,226,270
10,227,422
10,228,276
10,229,373
10,230,305
10,231,371
10,232,316
10,233,432
10,234,331
10,235,4095
10,236,379
10,237,463
10,238,495
10,239,475
10,240,422
10,241,494
10,242,456
10,243,530
10,244,474
10,245,886
10,246,650
10,247,866
10,248,544
10,249,667
10,250,571
10,251,644
10,252,611
10,253,669
10,254,732
10,255,643
10,256,611
11,1,356
11,2,396
11,3,369
11,4,389
11,5,364
11,6,523
11,7,396
11,8,736
11,9,992
11,10,452
11,11,398
11,12,408
11,13,492
11,14,436
11,15,425
11,16,445
11,17,388
11,18,426
11,19,387
11,20,467
11,21,368
11,22,433
11,23,3659
11,24,416
11,25,389
11,26,417
11,27,435
11,28,1197
11,29,397
11,30,486
11,31,415
11,32,465
11,33,387
11,34,473
11,35,494
11,36,414
11,37,444
11,38,639
11,39,399
11,40,450
11,41,395
11,42,413
11,43,363
11,44,388
11,45,379
11,46,300
11,47,229
11,48,253
11,49,310
11,50,230
11,51,606
11,52,319
11,53,294
11,54,228
11,55,230
11,56,226
11,57,213
11,58,239
11,59,461
11,60,243
11,61,249
11,62,241
11,63,205
11,64,325
11,65,213
11,66,230
11,67,242
11,68,288
11,69,224
11,70,231
11,71,567
11,72,563
11,73,418
11,74,236
11,75,244
11,76,277
11,77,368
11,78,238
11,79,215
11,80,271
11,81,230
11,82,226
11,83,219
11,84,227
11,85,196
11,86,250
11,87,235
11,88,299
11,89,204
11,90,222
11,91,226
11,92,334
11,93,234
11,94,228
11,95,224
11,96,207
11,97,301
11,98,211
11,99,247
11,100,263
11,101,210
11,102,206
11,103,311
11,104,241
11,105,205
11,106,199
11,107,207
11,108,212
11,109,213
11,110,205
11,111,209
11,112,210
11,113,218
11,114,313
11,115,273
11,116,205
11,117,201
11,118,209
11,119,230
11,120,207
11,121,199
11,122,220
11,123,182
11,124,280
11,125,190
11,126,224
11,127,196
11,128,235
11,129,166
11,130,238
11,131,172
11,132,208
11,133,165
11,134,145
11,135,237
11,136,129
11,137,155
11,138,167
11,139,172
11,140,148
11,141,153
11,142,139
11,143,2615
11,144,675
11,145,233
11,146,139
11,147,157
11,148,305
11,149,159
11,150,162
11,151,167
11,152,174
11,153,194
11,154,153
11,155,246
11,156,170
11,157,222
11,158,181
11,159,181
11,160,269
11,161,218
11,162,169
11,163,246
11,164,177
11,165,173
11,166,185
11,167,181
11,168,181
11,169,182
11,170,244
11,171,218
11,172,178
11,173,190
11,174,226
11,175,188
11,176,175
11,177,191
11,178,211
11,179,3104
11,180,197
11,181,216
11,182,192
11,183,265
11,184,203
11,185,237
11,186,175
11,187,198
11,188,225
11,189,227
11,190,175
11,191,276
11,192,199
11,193,212
11,194,178
11,195,231
11,196,188
11,197,253
11,198,275
11,199,213
11,200,212
11,201,238
11,202,214
11,203,229
11,204,201
11,205,252
11,206,212
11,207,246
11,208,210
11,209,253
11,210,2559
11,211,339
11,212,211
11,213,422
11,214,288
11,215,419
11,216,212
11,217,283
11,218,266
11,219,324
11,220,265
11,221,1687
11,222,257
11,223,335
11,224,267
11,225,824
11,226,270
11,227,422
11,228,276
11,229,373
11,230,305
11,231,371
11,232,316
11,233,432
11,234,331
11,235,4095
11,236,379
11,237,463
11,238,495
11,239,475
11,240,422
11,241,494
11,242,456
11,243,530
11,244,474
11,245,886
11,246,650
11,247,866
11,248,544
11,249,667
11,250,571
11,251,644
11,252,611
11,253,669
11,254,732
11,255,643
11,256,611
12,1,356
12,2,396
12,3,369
12,4,389
12,5,364
12,6,523
12,7,396
12,8,736
12,9,992
12,10,452
12,11,398
12,12,408
12,13,492
12,14,436
12,15,425
12,16,445
12,17,388
12,18,426
12,19,387
12,20,467
12,21,368
12,22,433
12,23,3659
12,24,416
12,25,389
12,26,417
12,27,435
12,28,1197
12,29,397
12,30,486
12,31,415
12,32,465
12,33,387
12,34,473
12,35,494
12,36,414
12,37,444
12,38,639
12,39,399
12,40,450
12,41,395
12,42,413
12,43,363
12,44,388
12,45,379
12,46,300
12,47,229
12,48,253
12,49,310
12,50,230
12,51,606
12,52,319
12,53,294
12,54,228
12,55,230
12,56,226
12,57,213
12,58,239
12,59,461
12,60,243
12,61,249
12,62,241
12,63,205
12,64,325
12,65,213
12,66,230
12,67,242
12,68,288
12,69,224
12,70,231
12,71,567
12,72,563
12,73,418
12,74,236
12,75,244
12,76,277
12,77,368
12,78,238
12,79,215
12,80,271
12,81,230
12,82,226
12,83,219
12,84,227
12,85,196
12,86,250
12,87,235
12,88,299
12,89,204
12,90,222
12,91,226
12,92,334
12,93,234
12,94,228
12,95,224
12,96,207
12,97,301
12,98,211
12,99,247
12,100,263
12,101,210
12,102,206
12,103,311
12,104,241
12,105,205
12,106,199
12,107,207
12,108,212
12,109,213
12,110,205
12,111,209
12,112,210
12,113,218
12,114,313
12,115,273
12,116,205
12,117,201
12,118,209
12,119,230
12,120,207
12,121,199
12,122,220
12,123,182
12,124,280
12,125,190
12,126,224
12,127,196
12,128,235
12,129,166
12,130,238
12,131,172
12,132,208
12,133,165
12,134,145
12,135,237
12,136,129
12,137,155
12,138,167
12,139,172
12,140,148
12,141,153
12,142,139
12,143,2615
12,144,675
12,145,233
12,146,139
12,147,157
12,148,305
12,149,159
12,150,162
12,151,167
12,152,174
12,153,194
12,154,153
12,155,246
12,156,170
12,157,222
12,158,181
12,159,181
12,160,269
12,161,218
12,162,169
12,163,246
12,164,177
12,165,173
12,166,185
12,167,181
12,168,181
12,169,182
12,170,244
12,171,218
12,172,178
12,173,190
12,174,226
12,175,188
12,176,175
12,177,191
12,178,211
12,179,3104
12,180,197
12,181,216
12,182,192
12,183,265
12,184,203
12,185,237
12,186,175
12,187,198
12,188,225
12,189,227
12,190,175
12,191,276
12,192,199
12,193,212
12,194,178
12,195,231
12,196,188
12,197,253
12,198,275
12,199,213
12,200,212
12,201,238
12,202,214
12,203,229
12,204,201
12,205,252
12,206,212
12,207,246
12,208,210
12,209,253
12,210,2559
12,211,339
12,212,211
12,213,422
12,214,288
12,215,419
12,216,212
12,217,283
12,218,266
12,219,324
12,220,265
12,221,1687
12,222,257
12,223,335
12,224,267
12,225,824
12,226,270
12,227,422
12,228,276
12,229,373
12,230,305
12,231,371
12,232,316
12,233,432
12,234,331
12,235,4095
12,236,379
12,237,463
12,238,495
12,239,475
12,240,422
12,241,494
12,242,456
12,243,530
12,244,474
12,245,886
12,246,650
12,247,866
12,248,544
12,249,667
12,250,571
12,251,644
12,252,611
12,253,669
12,254,732
12,255,643
12,256,611
13,1,356
13,2,397
13,3,369
13,4,390
13,5,365
13,6,521
13,7,396
13,8,742
13,9,979
13,10,451
13,11,399
13,12,409
13,13,492
13,14,435
13,15,424
13,16,446
13,17,389
13,18,425
13,19,387
13,20,467
13,21,366
13,22,431
13,23,3654
13,24,417
13,25,391
13,26,416
13,27,432
13,28,1197
13,29,397
13,30,485
13,31,416
13,32,463
13,33,386
13,34,475
13,35,490
13,36,413
13,37,446
13,38,638
13,39,399
13,40,451
13,41,394
13,42,413
13,43,362
13,44,390
13,45,382
13,46,301
13,47,227
13,48,253
13,49,312
13,50,230
13,51,598
13,52,322
13,53,295
13,54,229
13,55,229
13,56,228
13,57,213
13,58,241
13,59,458
13,60,244
13,61,252
13,62,241
13,63,205
13,64,328
13,65,214
13,66,230
13,67,243
13,68,289
13,69,225
13,70,231
13,71,567
13,72,576
13,73,416
13,74,235
13,75,242
13,76,275
13,77,371
13,78,238
13,79,214
13,80,270
13,81,230
13,82,225
13,83,220
13,84,226
13,85,198
13,86,251
13,87,234
13,88,299
13,89,206
13,90,223
13,91,226
13,92,336
13,93,236
13,94,227
13,95,224
13,96,207
13,97,306
13,98,211
13,99,248
13,100,265
13,101,210
13,102,206
13,103,315
13,104,241
13,105,205
13,106,199
13,107,207
13,108,213
13,109,215
13,110,205
13,111,209
13,112,209
13,113,217
13,114,315
13,115,274
13,116,207
13,117,201
13,118,211
13,119,232
13,120,207
13,121,198
13,122,219
13,123,182
13,124,280
13,125,190
13,126,224
13,127,198
13,128,235
13,129,167
13,130,237
13,131,173
13,132,208
13,133,166
13,134,144
13,135,237
13,136,129
13,137,155
13,138,168
13,139,173
13,140,150
13,141,153
13,142,140
13,143,2607
13,144,677
13,145,237
13,146,139
13,147,157
13,148,301
13,149,160
13,150,162
13,151,168
13,152,173
13,153,195
13,154,154
13,155,243
13,156,170
13,157,222
13,158,179
13,159,182
13,160,269
13,161,220
13,162,170
13,163,247
13,164,181
13,165,173
13,166,183
13,167,180
13,168,183
13,169,182
13,170,244
13,171,220
13,172,179
13,173,192
13,174,226
13,175,187
13,176,175
13,177,191
13,178,210
13,179,3105
13,180,196
13,181,220
13,182,193
13,183,272
13,184,204
13,185,235
13,186,174
13,187,199
13,188,227
13,189,226
13,190,176
13,191,260
13,192,199
13,193,212
13,194,176
13,195,231
13,196,189
13,197,253
13,198,290
13,199,213
13,200,210
13,201,239
13,202,213
13,203,229
13,204,201
13,205,254
13,206,213
13,207,247
13,208,211
13,209,252
13,210,2558
13,211,339
13,212,211
13,213,417
13,214,287
13,215,421
13,216,212
13,217,284
13,218,264
13,219,323
13,220,265
13,221,1694
13,222,258
13,223,335
13,224,268
13,225,839
13,226,270
13,227,422
13,228,275
13,229,372
13,230,304
13,231,372
13,232,317
13,233,434
13,234,331
13,235,4095
13,236,382
13,237,465
13,238,497
13,239,474
13,240,422
13,241,492
13,242,457
13,243,531
13,244,475
13,245,885
13,246,647
13,247,871
13,248,545
13,249,664
13,250,573
13,251,646
13,252,613
13,253,672
13,254,740
13,255,644
13,256,610
14,1,356
14,2,397
14,3,369
14,4,390
14,5,365
14,6,521
14,7,396
14,8,742
14,9,979
14,10,451
14,11,399
14,12,409
14,13,492
14,14,435
14,15,424
14,16,446
14,17,389
14,18,425
14,19,387
14,20,467
14,21,366
14,22,431
14,23,3654
14,24,417
14,25,391
14,26,416
14,27,432
14,28,1197
14,29,397
14,30,485
14,31,416
14,32,463
14,33,386
14,34,475
14,35,490
14,36,413
14,37,446
14,38,638
14,39,399
14,40,451
14,41,394
14,42,413
14,43,362
14,44,390
14,45,382
14,46,301
14,47,227
14,48,253
14,49,312
14,50,230
14,51,598
14,52,322
14,53,295
14,54,229
14,55,229
14,56,228
14,57,213
14,58,241
14,59,458
14,60,244
14,61,252
14,62,241
14,63,205
14,64,328
14,65,214
14,66,230
14,67,243
14,68,289
14,69,225
14,70,231
14,71,567
14,72,576
14,73,416
14,74,235
14,75,242
14,76,275
14,77,371
14,78,238
14,79,214
14,80,270
14,81,230
14,82,225
14,83,220
14,84,226
14,85,198
14,86,251
14,87,234
14,88,299
14,89,206
14,90,223
14,91,226
14,92,336
14,93,236
14,94,227
14,95,224
14,96,207
14,97,306
14,98,211
14,99,248
14,100,265
14,101,210
14,102,206
14,103,315
14,104,241
14,105,205
14,106,199
14,107,207
14,108,213
14,109,215
14,110,205
14,111,209
14,112,209
14,113,217
14,114,315
14,115,274
14,116,207
14,117,201
14,118,211
14,119,232
14,120,207
14,121,198
14,122,219
14,123,182
14,124,280
14,125,190
14,126,224
14,127,198
14,128,235
14,129,167
14,130,237
14,131,173
14,132,208
14,133,166
14,134,144
14,135,237
14,136,129
14,137,155
14,138,168
14,139,173
14,140,150
14,141,153
14,142,140
14,143,2607
14,144,677
14,145,237
14,146,139
14,147,157
14,148,301
14,149,160
14,150,162
14,151,168
14,152,173
14,153,195
14,154,154
14,155,243
14,156,170
14,157,222
14,158,179
14,159,182
14,160,269
14,161,220
14,162,170
14,163,247
14,164,181
14,165,173
14,166,183
14,167,180
14,168,183
14,169,182
14,170,244
14,171,220
14,172,179
14,173,192
14,174,226
14,175,187
14,176,175
14,177,191
14,178,210
14,179,3105
14,180,196
14,181,220
14,182,193
14,183,272
14,184,204
14,185,235
14,186,174
14,187,199
14,188,227
14,189,226
14,190,176
14,191,260
14,192,199
14,193,212
14,194,176
14,195,231
14,196,189
14,197,253
14,198,290
14,199,213
14,200,210
14,201,239
14,202,213
14,203,229
14,204,201
14,205,254
14,206,213
14,207,247
14,208,211
14,209,252
14,210,2558
14,211,339
14,212,211
14,213,417
14,214,287
14,215,421
14,216,212
14,217,284
14,218,264
14,219,323
14,220,265
14,221,1694
14,222,258
14,223,335
14,224,268
14,225,839
14,226,270
14,227,422
14,228,275
14,229,372
14,230,304
14,231,372
14,232,317
14,233,434
14,234,331
14,235,4095
14,236,382
14,237,465
14,238,497
14,239,474
14,240,422
14,241,492
14,242,457
14,243,531
14,244,475
14,245,885
14,246,647
14,247,871
14,248,545
14,249,664
14,250,573
14,251,646
14,252,613
14,253,672
14,254,740
14,255,644
14,256,610
15,1,356
15,2,397
15,3,369
15,4,390
15,5,365
15,6,521
15,7,396
15,8,742
15,9,979
15,10,451
15,11,399
15,12,409
15,13,492
15,14,435
15,15,424
15,16,446
15,17,389
15,18,425
15,19,387
15,20,467
15,21,366
15,22,431
15,23,3654
15,24,417
15,25,391
15,26,416
15,27,432
15,28,1197
15,29,397
15,30,485
15,31,416
15,32,463
15,33,386
15,34,475
15,35,490
15,36,413
15,37,446
15,38,638
15,39,399
15,40,451
15,41,394
15,42,413
15,43,362
15,44,390
15,45,382
15,46,301
15,47,227
15,48,253
15,49,312
15,50,230
15,51,598
15,52,322
15,53,295
15,54,229
15,55,229
15,56,228
15,57,213
15,58,241
15,59,458
15,60,244
15,61,252
15,62,241
15,63,205
15,64,328
15,65,214
15,66,230
15,67,243
15,68,289
15,69,225
15,70,231
15,71,567
15,72,576
15,73,416
15,74,235
15,75,242
15,76,275
15,77,371
15,78,238
15,79,214
15,80,270
15,81,230
15,82,225
15,83,220
15,84,226
15,85,198
15,86,251
15,87,234
15,88,299
15,89,206
15,90,223
15,91,226
15,92,336
15,93,236
15,94,227
15,95,224
15,96,207
15,97,306
15,98,211
15,99,248
15,100,265
15,101,210
15,102,206
15,103,315
15,104,241
15,105,205
15,106,199
15,107,207
15,108,213
15,109,215
15,110,205
15,111,209
15,112,209
15,113,217
15,114,315
15,115,274
15,116,207
15,117,201
15,118,211
15,119,232
15,120,207
15,121,198
15,122,219
15,123,182
15,124,280
15,125,190
15,126,224
15,127,198
15,128,235
15,129,167
15,130,237
15,131,173
15,132,208
15,133,166
15,134,144
15,135,237
15,136,129
15,137,155
15,138,168
15,139,173
15,140,150
15,141,153
15,142,140
15,143,2607
15,144,677
15,145,237
15,146,139
15,147,157
15,148,301
15,149,160
15,150,162
15,151,168
15,152,173
15,153,195
15,154,154
15,155,243
15,156,170
15,157,222
15,158,179
15,159,182
15,160,269
15,161,220
15,162,170
15,163,247
15,164,181
15,165,173
15,166,183
15,167,180
15,168,183
15,169,182
15,170,244
15,171,220
15,172,179
15,173,192
15,174,226
15,175,187
15,176,175
15,177,191
15,178,210
15,179,3105
15,180,196
15,181,220
15,182,193
15,183,272
15,184,204
15,185,235
15,186,174
15,187,199
15,188,227
15,189,226
15,190,176
15,191,260
15,192,199
15,193,212
15,194,176
15,195,231
15,196,189
15,197,253
15,198,290
15,199,213
15,200,210
15,201,239
15,202,213
15,203,229
15,204,201
15,205,254
15,206,213
15,207,247
15,208,211
15,209,252
15,210,2558
15,211,339
15,212,211
15,213,417
15,214,287
15,215,421
15,216,212
15,217,284
15,218,264
15,219,323
15,220,265
15,221,1694
15,222,258
15,223,335
15,224,268
15,225,839
15,226,270
15,227,422
15,228,275
15,229,372
15,230,304
15,231,372
15,232,317
15,233,434
15,234,331
15,235,4095
15,236,382
15,237,465
15,238,497
15,239,474
15,240,422
15,241,492
15,242,457
15,243,531
15,244,475
15,245,885
15,246,647
15,247,871
15,248,545
15,249,664
15,250,573
15,251,646
15,252,613
15,253,672
15,254,740
15,255,644
15,256,610
16,1,356
16,2,397
16,3,369
16,4,390
16,5,365
16,6,521
16,7,396
16,8,742
16,9,979
16,10,451
16,11,399
16,12,409
16,13,492
16,14,435
16,15,424
16,16,446
16,17,389
16,18,425
16,19,387
16,20,467
16,21,366
16,22,431
16,23,3654
16,24,417
16,25,391
16,26,416
16,27,432
16,28,1197
16,29,397
16,30,485
16,31,416
16,32,463
16,33,386
16,34,475
16,35,490
16,36,413
16,37,446
16,38,638
16,39,399
16,40,451
16,41,394
16,42,413
16,43,362
16,44,390
16,45,382
16,46,301
16,47,227
16,48,253
16,49,312
16,50,230
16,51,598
16,52,322
16,53,295
16,54,229
16,55,229
16,56,228
16,57,213
16,58,241
16,59,458
16,60,244
16,61,252
16,62,241
16,63,205
16,64,328
16,65,214
16,66,230
16,67,243
16,68,289
16,69,225
16,70,231
16,71,567
16,72,576
16,73,416
16,74,235
16,75,242
16,76,275
16,77,371
16,78,238
16,79,214
16,80,270
16,81,230
16,82,225
16,83,220
16,84,226
16,85,198
16,86,251
16,87,234
16,88,299
16,89,206
16,90,223
16,91,226
16,92,336
16,93,236
16,94,227
16,95,224
16,96,207
16,97,306
16,98,211
16,99,248
16,100,265
16,101,210
16,102,206
16,103,315
16,104,241
16,105,205
16,106,199
16,107,207
16,108,213
16,109,215
16,110,205
16,111,209
16,112,209
16,113,217
16,114,315
16,115,274
16,116,207
16,117,201
16,118,211
16,119,232
16,120,207
16,121,198
16,122,219
16,123,182
16,124,280
16,125,190
16,126,224
16,127,198
16,128,235
16,129,167
16,130,237
16,131,173
16,132,208
16,133,166
16,134,144
16,135,237
16,136,129
16,137,155
16,138,168
16,139,173
16,140,150
16,141,153
16,142,140
16,143,2607
16,144,677
16,145,237
16,146,139
16,147,157
16,148,301
16,149,160
16,150,162
16,151,168
16,152,173
16,153,195
16,154,154
16,155,243
16,156,170
16,157,222
16,158,179
16,159,182
16,160,269
16,161,220
16,162,170
16,163,247
16,164,181
16,165,173
16,166,183
16,167,180
16,168,183
16,169,182
16,170,244
16,171,220
16,172,179
16,173,192
16,174,226
16,175,187
16,176,175
16,177,191
16,178,210
16,179,3105
16,180,196
16,181,220
16,182,193
16,183,272
16,184,204
16,185,235
16,186,174
16,187,199
16,188,227
16,189,226
16,190,176
16,191,260
16,192,199
16,193,212
16,194,176
16,195,231
16,196,189
16,197,253
16,198,290
16,199,213
16,200,210
16,201,239
16,202,213
16,203,229
16,204,201
16,205,254
16,206,213
16,207,247
16,208,211
16,209,252
16,210,2558
16,211,339
16,212,211
16,213,417
16,214,287
16,215,421
16,216,212
16,217,284
16,218,264
16,219,323
16,220,265
16,221,1694
16,222,258
16,223,335
16,224,268
16,225,839
16,226,270
16,227,422
16,228,275
16,229,372
16,230,304
16,231,372
16,232,317
16,233,434
16,234,331
16,235,4095
16,236,382
16,237,465
16,238,497
16,239,474
16,240,422
16,241,492
16,242,457
16,243,531
16,244,475
16,245,885
16,246,647
16,247,871
16,248,545
16,249,664
16,250,573
16,251,646
16,252,613
16,253,672
16,254,740
16,255,644
16,256,610
17,1,357
17,2,397
17,3,372
17,4,390
17,5,365
17,6,525
17,7,399
17,8,738
17,9,1024
17,10,456
17,11,399
17,12,409
17,13,491
17,14,434
17,15,422
17,16,448
17,17,388
17,18,423
17,19,387
17,20,467
17,21,366
17,22,434
17,23,3655
17,24,415
17,25,390
17,26,418
17,27,432
17,28,1197
17,29,397
17,30,485
17,31,415
17,32,462
17,33,386
17,34,472
17,35,490
17,36,414
17,37,444
17,38,639
17,39,401
17,40,448
17,41,396
17,42,413
17,43,361
17,44,388
17,45,376
17,46,300
17,47,229
17,48,255
17,49,311
17,50,230
17,51,611
17,52,314
17,53,293
17,54,227
17,55,227
17,56,227
17,57,211
17,58,240
17,59,457
17,60,245
17,61,250
17,62,240
17,63,205
17,64,329
17,65,213
17,66,229
17,67,242
17,68,290
17,69,224
17,70,231
17,71,567
17,72,561
17,73,414
17,74,235
17,75,244
17,76,277
17,77,374
17,78,235
17,79,214
17,80,268
17,81,229
17,82,225
17,83,220
17,84,227
17,85,197
17,86,252
17,87,233
17,88,299
17,89,206
17,90,222
17,91,226
17,92,342
17,93,234
17,94,226
17,95,224
17,96,207
17,97,300
17,98,211
17,99,245
17,100,263
17,101,211
17,102,205
17,103,311
17,104,242
17,105,203
17,106,199
17,107,207
17,108,212
17,109,213
17,110,205
17,111,207
17,112,210
17,113,218
17,114,314
17,115,272
17,116,207
17,117,202
17,118,208
17,119,231
17,120,206
17,121,198
17,122,220
17,123,182
17,124,279
17,125,189
17,126,223
17,127,197
17,128,235
17,129,165
17,130,237
17,131,173
17,132,209
17,133,164
17,134,146
17,135,238
17,136,130
17,137,154
17,138,166
17,139,171
17,140,150
17,141,153
17,142,140
17,143,2608
17,144,675
17,145,233
17,146,138
17,147,156
17,148,304
17,149,160
17,150,161
17,151,168
17,152,175
17,153,194
17,154,152
17,155,245
17,156,171
17,157,221
17,158,181
17,159,181
17,160,269
17,161,220
17,162,169
17,163,242
17,164,182
17,165,174
17,166,184
17,167,178
17,168,182
17,169,181
17,170,244
17,171,220
17,172,180
17,173,191
17,174,225
17,175,187
17,176,176
17,177,192
17,178,211
17,179,3104
17,180,196
17,181,219
17,182,191
17,183,268
17,184,203
17,185,235
17,186,175
17,187,198
17,188,226
17,189,226
17,190,176
17,191,258
17,192,198
17,193,211
17,194,178
17,195,226
17,196,187
17,197,251
17,198,279
17,199,213
17,200,212
17,201,237
17,202,215
17,203,230
17,204,201
17,205,253
17,206,213
17,207,246
17,208,210
17,209,253
17,210,2564
17,211,338
17,212,210
17,213,422
17,214,286
17,215,418
17,216,213
17,217,283
17,218,265
17,219,324
17,220,265
17,221,1672
17,222,258
17,223,335
17,224,265
17,225,802
17,226,270
17,227,422
17,228,276
17,229,371
17,230,304
17,231,371
17,232,315
17,233,431
17,234,331
17,235,4095
17,236,382
17,237,466
17,238,497
17,239,476
17,240,423
17,241,490
17,242,451
17,243,533
17,244,473
17,245,887
17,246,648
17,247,875
17,248,545
17,249,669
17,250,571
17,251,645
17,252,613
17,253,668
17,254,741
17,255,643
17,256,611
18,1,357
18,2,397
18,3,372
18,4,390
18,5,365
18,6,525
18,7,399
18,8,738
18,9,1024
18,10,456
18,11,399
18,12,409
18,13,491
18,14,434
18,15,422
18,16,448
18,17,388
18,18,423
18,19,387
18,20,467
18,21,366
18,22,434
18,23,3655
18,24,415
18,25,390
18,26,418
18,27,432
18,28,1197
18,29,397
18,30,485
18,31,415
18,32,462
18,33,386
18,34,472
18,35,490
18,36,414
18,37,444
18,38,639
18,39,401
18,40,448
18,41,396
18,42,413
18,43,361
18,44,388
18,45,376
18,46,300
18,47,229
18,48,255
18,49,311
18,50,230
18,51,611
18,52,314
18,53,293
18,54,227
18,55,227
18,56,227
18,57,211
18,58,240
18,59,457
18,60,245
18,61,250
18,62,240
18,63,205
18,64,329
18,65,213
18,66,229
18,67,242
18,68,290
18,69,224
18,70,231
18,71,567
18,72,561
18,73,414
18,74,235
18,75,244
18,76,277
18,77,374
18,78,235
18,79,214
18,80,268
18,81,229
18,82,225
18,83,220
18,84,227
18,85,197
18,86,252
18,87,233
18,88,299
18,89,206
18,90,222
18,91,226
18,92,342
18,93,234
18,94,226
18,95,224
18,96,207
18,97,300
18,98,211
18,99,245
18,100,263
18,101,211
18,102,205
18,103,311
18,104,242
18,105,203
18,106,199
18,107,207
18,108,212
18,109,213
18,110,205
18,111,207
18,112,210
18,113,218
18,114,314
18,115,272
18,116,207
18,117,202
18,118,208
18,119,231
18,120,206
18,121,198
18,122,220
18,123,182
18,124,279
18,125,189
18,126,223
18,127,197
18,128,235
18,129,165
18,130,237
18,131,173
18,132,209
18,133,164
18,134,146
18,135,238
18,136,130
18,137,154
18,138,166
18,139,171
18,140,150
18,141,153
18,142,140
18,143,2608
18,144,675
18,145,233
18,146,138
18,147,156
18,148,304
18,149,160
18,150,161
18,151,168
18,152,175
18,153,194
18,154,152
18,155,245
18,156,171
18,157,221
18,158,181
18,159,181
18,160,269
18,161,220
18,162,169
18,163,242
18,164,182
18,165,174
18,166,184
18,167,178
18,168,182
18,169,181
18,170,244
18,171,220
18,172,180
18,173,191
18,174,225
18,175,187
18,176,176
18,177,192
18,178,211
18,179,3104
18,180,196
18,181,219
18,182,191
18,183,268
18,184,203
18,185,235
18,186,175
18,187,198
18,188,226
18,189,226
18,190,176
18,191,258
18,192,198
18,193,211
18,194,178
18,195,226
18,196,187
18,197,251
18,198,279
18,199,213
18,200,212
18,201,237
18,202,215
18,203,230
18,204,201
18,205,253
18,206,213
18,207,246
18,208,210
18,209,253
18,210,2564
18,211,338
18,212,210
18,213,422
18,214,286
18,215,418
18,216,213
18,217,283
18,218,265
18,219,324
18,220,265
18,221,1672
18,222,258
18,223,335
18,224,265
18,225,802
18,226,270
18,227,422
18,228,276
18,229,371
18,230,304
18,231,371
18,232,315
18,233,431
18,234,331
18,235,4095
18,236,382
18,237,466
18,238,497
18,239,476
18,240,423
18,241,490
18,242,451
18,243,533
18,244,473
18,245,887
18,246,648
18,247,875
18,248,545
18,249,669
18,250,571
18,251,645
18,252,613
18,253,668
18,254,741
18,255,643
18,256,611
19,1,357
19,2,397
19,3,372
19,4,390
19,5,365
19,6,525
19,7,399
19,8,738
19,9,1024
19,10,456
19,11,399
19,12,409
19,13,491
19,14,434
19,15,422
19,16,448
19,17,388
19,18,423
19,19,387
19,20,467
19,21,366
19,22,434
19,23,3655
19,24,415
19,25,390
19,26,418
19,27,432
19,28,1197
19,29,397
19,30,485
19,31,415
19,32,462
19,33,386
19,34,472
19,35,490
19,36,414
19,37,444
19,38,639
19,39,401
19,40,448
19,41,396
19,42,413
19,43,361
19,44,388
19,45,376
19,46,300
19,47,229
19,48,255
19,49,311
19,50,230
19,51,611
19,52,314
19,53,293
19,54,227
19,55,227
19,56,227
19,57,211
19,58,240
19,59,457
19,60,245
19,61,250
19,62,240
19,63,205
19,64,329
19,65,213
19,66,229
19,67,242
19,68,290
19,69,224
19,70,231
19,71,567
19,72,561
19,73,414
19,74,235
19,75,244
19,76,277
19,77,374
19,78,235
19,79,214
19,80,268
19,81,229
19,82,225
19,83,220
19,84,227
19,85,197
19,86,252
19,87,233
19,88,299
19,89,206
19,90,222
19,91,226
19,92,342
19,93,234
19,94,226
19,95,224
19,96,207
19,97,300
19,98,211
19,99,245
19,100,263
19,101,211
19,102,205
19,103,311
19,104,242
19,105,203
19,106,199
19,107,207
19,108,212
19,109,213
19,110,205
19,111,207
19,112,210
19,113,218
19,114,314
19,115,272
19,116,207
19,117,202
19,118,208
19,119,231
19,120,206
19,121,198
19,122,220
19,123,182
19,124,279
19,125,189
19,126,223
19,127,197
19,128,235
19,129,165
19,130,237
19,131,173
19,132,209
19,133,164
19,134,146
19,135,238
19,136,130
19,137,154
19,138,166
19,139,171
19,140,150
19,141,153
19,142,140
19,143,2608
19,144,675
19,145,233
19,146,138
19,147,156
19,148,304
19,149,160
19,150,161
19,151,168
19,152,175
19,153,194
19,154,152
19,155,245
19,156,171
19,157,221
19,158,181
19,159,181
19,160,269
19,161,220
19,162,169
19,163,242
19,164,182
19,165,174
19,166,184
19,167,178
19,168,182
19,169,181
19,170,244
19,171,220
19,172,180
19,173,191
19,174,225
19,175,187
19,176,176
19,177,192
19,178,211
19,179,3104
19,180,196
19,181,219
19,182,191
19,183,268
19,184,203
19,185,235
19,186,175
19,187,198
19,188,226
19,189,226
19,190,176
19,191,258
19,192,198
19,193,211
19,194,178
19,195,226
19,196,187
19,197,251
19,198,279
19,199,213
19,200,212
19,201,237
19,202,215
19,203,230
19,204,201
19,205,253
19,206,213
19,207,246
19,208,210
19,209,253
19,210,2564
19,211,338
19,212,210
19,213,422
19,214,286
19,215,418
19,216,213
19,217,283
19,218,265
19,219,324
19,220,265
19,221,1672
19,222,258
19,223,335
19,224,265
19,225,802
19,226,270
19,227,422
19,228,276
19,229,371
19,230,304
19,231,371
19,232,315
19,233,431
19,234,331
19,235,4095
19,236,382
19,237,466
19,238,497
19,239,476
19,240,423
19,241,490
19,242,451
19,243,533
19,244,473
19,245,887
19,246,648
19,247,875
19,248,545
19,249,669
19,250,571
19,251,645
19,252,613
19,253,668
19,254,741
19,255,643
19,256,611
20,1,357
20,2,397
20,3,372
20,4,390
20,5,365
20,6,525
20,7,399
20,8,738
20,9,1024
20,10,456
20,11,399
20,12,409
20,13,491
20,14,434
20,15,422
20,16,448
20,17,388
20,18,423
20,19,387
20,20,467
20,21,366
20,22,434
20,23,3655
20,24,415
20,25,390
20,26,418
20,27,432
20,28,1197
20,29,397
20,30,485
20,31,415
20,32,462
20,33,386
20,34,472
20,35,490
20,36,414
20,37,444
20,38,639
20,39,401
20,40,448
20,41,396
20,42,413
20,43,361
20,44,388
20,45,376
20,46,300
20,47,229
20,48,255
20,49,311
20,50,230
20,51,611
20,52,314
20,53,293
20,54,227
20,55,227
20,56,227
20,57,211
20,58,240
20,59,457
20,60,245
20,61,250
20,62,240
20,63,205
20,64,329
20,65,213
20,66,229
20,67,242
20,68,290
20,69,224
20,70,231
20,71,567
20,72,561
20,73,414
20,74,235
20,75,244
20,76,277
20,77,374
20,78,235
20,79,214
20,80,268
20,81,229
20,82,225
20,83,220
20,84,227
20,85,197
20,86,252
20,87,233
20,88,299
20,89,206
20,90,222
20,91,226
20,92,342
20,93,234
20,94,226
20,95,224
20,96,207
20,97,300
20,98,211
20,99,245
20,100,263
20,101,211
20,102,205
20,103,311
20,104,242
20,105,203
20,106,199
20,107,207
20,108,212
20,109,213
20,110,205
20,111,207
20,112,210
20,113,218
20,114,314
20,115,272
20,116,207
20,117,202
20,118,208
20,119,231
20,120,206
20,121,198
20,122,220
20,123,182
20,124,279
20,125,189
20,126,223
20,127,197
20,128,235
20,129,165
20,130,237
20,131,173
20,132,209
20,133,164
20,134,146
20,135,238
20,136,130
20,137,154
20,138,166
20,139,171
20,140,150
20,141,153
20,142,140
20,143,2608
20,144,675
20,145,233
20,146,138
20,147,156
20,148,304
20,149,160
20,150,161
20,151,168
20,152,175
20,153,194
20,154,152
20,155,245
20,156,171
20,157,221
20,158,181
20,159,181
20,160,269
20,161,220
20,162,169
20,163,242
20,164,182
20,165,174
20,166,184
20,167,178
20,168,182
20,169,181
20,170,244
20,171,220
20,172,180
20,173,191
20,174,225
20,175,187
20,176,176
20,177,192
20,178,211
20,179,3104
20,180,196
20,181,219
20,182,191
20,183,268
20,184,203
20,185,235
20,186,175
20,187,198
20,188,226
20,189,226
20,190,176
20,191,258
20,192,198
20,193,211
20,194,178
20,195,226
20,196,187
20,197,251
20,198,279
20,199,213
20,200,212
20,201,237
20,202,215
20,203,230
20,204,201
20,205,253
20,206,213
20,207,246
20,208,210
20,209,253
20,210,2564
20,211,338
20,212,210
20,213,422
20,214,286
20,215,418
20,216,213
20,217,283
20,218,265
20,219,324
20,220,265
20,221,1672
20,222,258
20,223,335
20,224,265
20,225,802
20,226,270
20,227,422
20,228,276
20,229,371
20,230,304
20,231,371
20,232,315
20,233,431
20,234,331
20,235,4095
20,236,382
20,237,466
20,238,497
20,239,476
20,240,423
20,241,490
20,242,451
20,243,533
20,244,473
20,245,887
20,246,648
20,247,875
20,248,545
20,249,669
20,250,571
20,251,645
20,252,613
20,253,668
20,254,741
20,255,643
20,256,611
21,1,357
21,2,395
21,3,373
21,4,389
21,5,366
21,6,522
21,7,396
21,8,740
21,9,969
21,10,453
21,11,399
21,12,410
21,13,491
21,14,436
21,15,423
21,16,447
21,17,389
21,18,425
21,19,387
21,20,467
21,21,366
21,22,431
21,23,3655
21,24,416
21,25,389
21,26,417
21,27,434
21,28,1198
21,29,398
21,30,486
21,31,417
21,32,465
21,33,384
21,34,472
21,35,493
21,36,413
21,37,443
21,38,638
21,39,402
21,40,448
21,41,395
21,42,413
21,43,362
21,44,388
21,45,377
21,46,299
21,47,228
21,48,253
21,49,311
21,50,229
21,51,600
21,52,320
21,53,294
21,54,228
21,55,230
21,56,227
21,57,214
21,58,243
21,59,459
21,60,242
21,61,249
21,62,241
21,63,205
21,64,325
21,65,214
21,66,230
21,67,243
21,68,288
21,69,223
21,70,230
21,71,568
21,72,561
21,73,407
21,74,234
21,75,244
21,76,287
21,77,367
21,78,238
21,79,215
21,80,268
21,81,230
21,82,222
21,83,220
21,84,226
21,85,198
21,86,249
21,87,235
21,88,299
21,89,206
21,90,222
21,91,225
21,92,332
21,93,237
21,94,227
21,95,225
21,96,207
21,97,309
21,98,211
21,99,247
21,100,265
21,101,211
21,102,205
21,103,312
21,104,240
21,105,205
21,106,198
21,107,207
21,108,230
21,109,219
21,110,205
21,111,208
21,112,210
21,113,218
21,114,318
21,115,273
21,116,206
21,117,201
21,118,210
21,119,232
21,120,207
21,121,199
21,122,219
21,123,181
21,124,281
21,125,192
21,126,223
21,127,196
21,128,234
21,129,166
21,130,238
21,131,174
21,132,207
21,133,164
21,134,143
21,135,240
21,136,129
21,137,155
21,138,167
21,139,172
21,140,150
21,141,153
21,142,139
21,143,2607
21,144,674
21,145,230
21,146,138
21,147,158
21,148,306
21,149,162
21,150,162
21,151,168
21,152,174
21,153,196
21,154,151
21,155,245
21,156,170
21,157,222
21,158,182
21,159,180
21,160,270
21,161,220
21,162,169
21,163,248
21,164,179
21,165,174
21,166,182
21,167,179
21,168,182
21,169,181
21,170,244
21,171,219
21,172,177
21,173,191
21,174,225
21,175,188
21,176,175
21,177,191
21,178,209
21,179,3132
21,180,196
21,181,219
21,182,190
21,183,266
21,184,204
21,185,234
21,186,173
21,187,198
21,188,225
21,189,226
21,190,176
21,191,258
21,192,198
21,193,212
21,194,177
21,195,231
21,196,188
21,197,251
21,198,285
21,199,214
21,200,210
21,201,238
21,202,214
21,203,229
21,204,199
21,205,254
21,206,211
21,207,246
21,208,211
21,209,252
21,210,2560
21,211,339
21,212,211
21,213,427
21,214,286
21,215,417
21,216,212
21,217,284
21,218,263
21,219,324
21,220,264
21,221,1685
21,222,259
21,223,347
21,224,266
21,225,801
21,226,269
21,227,421
21,228,273
21,229,370
21,230,303
21,231,369
21,232,319
21,233,434
21,234,330
21,235,4095
21,236,383
21,237,463
21,238,493
21,239,474
21,240,422
21,241,491
21,242,451
21,243,532
21,244,474
21,245,886
21,246,647
21,247,877
21,248,544
21,249,669
21,250,569
21,251,644
21,252,612
21,253,669
21,254,739
21,255,645
21,256,609
22,1,357
22,2,395
22,3,373
22,4,389
22,5,366
22,6,522
22,7,396
22,8,740
22,9,969
22,10,453
22,11,399
22,12,410
22,13,491
22,14,436
22,15,423
22,16,447
22,17,389
22,18,425
22,19,387
22,20,467
22,21,366
22,22,431
22,23,3655
22,24,416
22,25,389
22,26,417
22,27,434
22,28,1198
22,29,398
22,30,486
22,31,417
22,32,465
22,33,384
22,34,472
22,35,493
22,36,413
22,37,443
22,38,638
22,39,402
22,40,448
22,41,395
22,42,413
22,43,362
22,44,388
22,45,377
22,46,299
22,47,228
22,48,253
22,49,311
22,50,229
22,51,600
22,52,320
22,53,294
22,54,228
22,55,230
22,56,227
22,57,214
22,58,243
22,59,459
22,60,242
22,61,249
22,62,241
22,63,205
22,64,325
22,65,214
22,66,230
22,67,243
22,68,288
22,69,223
22,70,230
22,71,568
22,72,561
22,73,407
22,74,234
22,75,244
22,76,287
22,77,367
22,78,238
22,79,215
22,80,268
22,81,230
22,82,222
22,83,220
22,84,226
22,85,198
22,86,249
22,87,235
22,88,299
22,89,206
22,90,222
22,91,225
22,92,332
22,93,237
22,94,227
22,95,225
22,96,207
22,97,309
22,98,211
22,99,247
22,100,265
22,101,211
22,102,205
22,103,312
22,104,240
22,105,205
22,106,198
22,107,207
22,108,230
22,109,219
22,110,205
22,111,208
22,112,210
22,113,218
22,114,318
22,115,273
22,116,206
22,117,201
22,118,210
22,119,232
22,120,207
22,121,199
22,122,219
22,123,181
22,124,281
22,125,192
22,126,223
22,127,196
22,128,234
22,129,166
22,130,238
22,131,174
22,132,207
22,133,164
22,134,143
22,135,240
22,136,129
22,137,155
22,138,167
22,139,172
22,140,150
22,141,153
22,142,139
22,143,2607
22,144,674
22,145,230
22,146,138
22,147,158
22,148,306
22,149,162
22,150,162
22,151,168
22,152,174
22,153,196
22,154,151
22,155,245
22,156,170
22,157,222
22,158,182
22,159,180
22,160,270
22,161,220
22,162,169
22,163,248
22,164,179
22,165,174
22,166,182
22,167,179
22,168,182
22,169,181
22,170,244
22,171,219
22,172,177
22,173,191
22,174,225
22,175,188
22,176,175
22,177,191
22,178,209
22,179,3132
22,180,196
22,181,219
22,182,190
22,183,266
22,184,204
22,185,234
22,186,173
22,187,198
22,188,225
22,189,226
22,190,176
22,191,258
22,192,198
22,193,212
22,194,177
22,195,231
22,196,188
22,197,251
22,198,285
22,199,214
22,200,210
22,201,238
22,202,214
22,203,229
22,204,199
22,205,254
22,206,211
22,207,246
22,208,211
22,209,252
22,210,2560
22,211,339
22,212,211
22,213,427
22,214,286
22,215,417
22,216,212
22,217,284
22,218,263
22,219,324
22,220,264
22,221,1685
22,222,259
22,223,347
22,224,266
22,225,801
22,226,269
22,227,421
22,228,273
22,229,370
22,230,303
22,231,369
22,232,319
22,233,434
22,234,330
22,235,4095
22,236,383
22,237,463
22,238,493
22,239,474
22,240,422
22,241,491
22,242,451
22,243,532
22,244,474
22,245,886
22,246,647
22,247,877
22,248,544
22,249,669
22,250,569
22,251,644
22,252,612
22,253,669
22,254,739
22,255,645
22,256,609
23,1,357
23,2,395
23,3,373
23,4,389
23,5,366
23,6,522
23,7,396
23,8,740
23,9,969
23,10,453
23,11,399
23,12,410
23,13,491
23,14,436
23,15,423
23,16,447
23,17,389
23,18,425
23,19,387
23,20,467
23,21,366
23,22,431
23,23,3655
23,24,416
23,25,389
23,26,417
23,27,434
23,28,1198
23,29,398
23,30,486
23,31,417
23,32,465
23,33,384
23,34,472
23,35,493
23,36,413
23,37,443
23,38,638
23,39,402
23,40,448
23,41,395
23,42,413
23,43,362
23,44,388
23,45,377
23,46,299
23,47,228
23,48,253
23,49,311
23,50,229
23,51,600
23,52,320
23,53,294
23,54,228
23,55,230
23,56,227
23,57,214
23,58,243
23,59,459
23,60,242
23,61,249
23,62,241
23,63,205
23,64,325
23,65,214
23,66,230
23,67,243
23,68,288
23,69,223
23,70,230
23,71,568
23,72,561
23,73,407
23,74,234
23,75,244
23,76,287
23,77,367
23,78,238
23,79,215
23,80,268
23,81,230
23,82,222
23,83,220
23,84,226
23,85,198
23,86,249
23,87,235
23,88,299
23,89,206
23,90,222
23,91,225
23,92,332
23,93,237
23,94,227
23,95,225
23,96,207
23,97,309
23,98,211
23,99,247
23,100,265
23,101,211
23,102,205
23,103,312
23,104,240
23,105,205
23,106,198
23,107,207
23,108,230
23,109,219
23,110,205
23,111,208
23,112,210
23,113,218
23,114,318
23,115,273
23,116,206
23,117,201
23,118,210
23,119,232
23,120,207
23,121,199
23,122,219
23,123,181
23,124,281
23,125,192
23,126,223
23,127,196
23,128,234
23,129,166
23,130,238
23,131,174
23,132,207
23,133,164
23,134,143
23,135,240
23,136,129
23,137,155
23,138,167
23,139,172
23,140,150
23,141,153
23,142,139
23,143,2607
23,144,674
23,145,230
23,146,138
23,147,158
23,148,306
23,149,162
23,150,162
23,151,168
23,152,174
23,153,196
23,154,151
23,155,245
23,156,170
23,157,222
23,158,182
23,159,180
23,160,270
23,161,220
23,162,169
23,163,248
23,164,179
23,165,174
23,166,182
23,167,179
23,168,182
23,169,181
23,170,244
23,171,219
23,172,177
23,173,191
23,174,225
23,175,188
23,176,175
23,177,191
23,178,209
23,179,3132
23,180,196
23,181,219
23,182,190
23,183,266
23,184,204
23,185,234
23,186,173
23,187,198
23,188,225
23,189,226
23,190,176
23,191,258
23,192,198
23,193,212
23,194,177
23,195,231
23,196,188
23,197,251
23,198,285
23,199,214
23,200,210
23,201,238
23,202,214
23,203,229
23,204,199
23,205,254
23,206,211
23,207,246
23,208,211
23,209,252
23,210,2560
23,211,339
23,212,211
23,213,427
23,214,286
23,215,417
23,216,212
23,217,284
23,218,263
23,219,324
23,220,264
23,221,1685
23,222,259
23,223,347
23,224,266
23,225,801
23,226,269
23,227,421
23,228,273
23,229,370
23,230,303
23,231,369
23,232,319
23,233,434
23,234,330
23,235,4095
23,236,383
23,237,463
23,238,493
23,239,474
23,240,422
23,241,491
23,242,451
23,243,532
23,244,474
23,245,886
23,246,647
23,247,877
23,248,544
23,249,669
23,250,569
23,251,644
23,252,612
23,253,669
23,254,739
23,255,645
23,256,609
24,1,357
24,2,395
24,3,373
24,4,389
24,5,366
24,6,522
24,7,396
24,8,740
24,9,969
24,10,453
24,11,399
24,12,410
24,13,491
24,14,436
24,15,423
24,16,447
24,17,389
24,18,425
24,19,387
24,20,467
24,21,366
24,22,431
24,23,3655
24,24,416
24,25,389
24,26,417
24,27,434
24,28,1198
24,29,398
24,30,486
24,31,417
24,32,465
24,33,384
24,34,472
24,35,493
24,36,413
24,37,443
24,38,638
24,39,402
24,40,448
24,41,395
24,42,413
24,43,362
24,44,388
24,45,377
24,46,299
24,47,228
24,48,253
24,49,311
24,50,229
24,51,600
24,52,320
24,53,294
24,54,228
24,55,230
24,56,227
24,57,214
24,58,243
24,59,459
24,60,242
24,61,249
24,62,241
24,63,205
24,64,325
24,65,214
24,66,230
24,67,243
24,68,288
24,69,223
24,70,230
24,71,568
24,72,561
24,73,407
24,74,234
24,75,244
24,76,287
24,77,367
24,78,238
24,79,215
24,80,268
24,81,230
24,82,222
24,83,220
24,84,226
24,85,198
24,86,249
24,87,235
24,88,299
24,89,206
24,90,222
24,91,225
24,92,332
24,93,237
24,94,227
24,95,225
24,96,207
24,97,309
24,98,211
24,99,247
24,100,265
24,101,211
24,102,205
24,103,312
24,104,240
24,105,205
24,106,198
24,107,207
24,108,230
24,109,219
24,110,205
24,111,208
24,112,210
24,113,218
24,114,318
24,115,273
24,116,206
24,117,201
24,118,210
24,119,232
24,120,207
24,121,199
24,122,219
24,123,181
24,124,281
24,125,192
24,126,223
24,127,196
24,128,234
24,129,166
24,130,238
24,131,174
24,132,207
24,133,164
24,134,143
24,135,240
24,136,129
24,137,155
24,138,167
24,139,172
24,140,150
24,141,153
24,142,139
24,143,2607
24,144,674
24,145,230
24,146,138
24,147,158
24,148,306
24,149,162
24,150,162
24,151,168
24,152,174
24,153,196
24,154,151
24,155,245
24,156,170
24,157,222
24,158,182
24,159,180
24,160,270
24,161,220
24,162,169
24,163,248
24,164,179
24,165,174
24,166,182
24,167,179
24,168,182
24,169,181
24,170,244
24,171,219
24,172,177
24,173,191
24,174,225
24,175,188
24,176,175
24,177,191
24,178,209
24,179,3132
24,180,196
24,181,219
24,182,190
24,183,266
24,184,204
24,185,234
24,186,173
24,187,198
24,188,225
24,189,226
24,190,176
24,191,258
24,192,198
24,193,212
24,194,177
24,195,231
24,196,188
24,197,251
24,198,285
24,199,214
24,200,210
24,201,238
24,202,214
24,203,229
24,204,199
24,205,254
24,206,211
24,207,246
24,208,211
24,209,252
24,210,2560
24,211,339
24,212,211
24,213,427
24,214,286
24,215,417
24,216,212
24,217,284
24,218,263
24,219,324
24,220,264
24,221,1685
24,222,259
24,223,347
24,224,266
24,225,801
24,226,269
24,227,421
24,228,273
24,229,370
24,230,303
24,231,369
24,232,319
24,233,434
24,234,330
24,235,4095
24,236,383
24,237,463
24,238,493
24,239,474
24,240,422
24,241,491
24,242,451
24,243,532
24,244,474
24,245,886
24,246,647
24,247,877
24,248,544
24,249,669
24,250,569
24,251,644
24,252,612
24,253,669
24,254,739
24,255,645
24,256,609
