Line,Band,Value
1,1,156
1,2,197
1,3,165
1,4,186
1,5,157
1,6,218
1,7,178
1,8,269
1,9,322
1,10,200
1,11,176
1,12,200
1,13,190
1,14,206
1,15,175
1,16,207
1,17,165
1,18,197
1,19,165
1,20,207
1,21,156
1,22,198
1,23,974
1,24,198
1,25,168
1,26,200
1,27,181
1,28,389
1,29,173
1,30,221
1,31,173
1,32,207
1,33,163
1,34,217
1,35,196
1,36,193
1,37,181
1,38,248
1,39,168
1,40,216
1,41,169
1,42,207
1,43,170
1,44,193
1,45,168
1,46,172
1,47,136
1,48,162
1,49,161
1,50,157
1,51,227
1,52,167
1,53,153
1,54,155
1,55,135
1,56,155
1,57,134
1,58,151
1,59,193
1,60,155
1,61,153
1,62,158
1,63,129
1,64,177
1,65,134
1,66,147
1,67,144
1,68,166
1,69,126
1,70,154
1,71,223
1,72,229
1,73,185
1,74,155
1,75,143
1,76,160
1,77,188
1,78,154
1,79,143
1,80,155
1,81,146
1,82,139
1,83,147
1,84,138
1,85,133
1,86,149
1,87,151
1,88,166
1,89,141
1,90,148
1,91,146
1,92,171
1,93,149
1,94,140
1,95,151
1,96,136
1,97,171
1,98,137
1,99,149
1,100,154
1,101,143
1,102,137
1,103,171
1,104,149
1,105,142
1,106,127
1,107,138
1,108,141
1,109,137
1,110,134
1,111,143
1,112,140
1,113,134
1,114,162
1,115,152
1,116,134
1,117,133
1,118,137
1,119,144
1,120,136
1,121,130
1,122,139
1,123,122
1,124,160
1,125,125
1,126,145
1,127,131
1,128,149
1,129,111
1,130,113
1,131,110
1,132,106
1,133,113
1,134,93
1,135,129
1,136,77
1,137,109
1,138,104
1,139,123
1,140,98
1,141,109
1,142,89
1,143,716
1,144,223
1,145,135
1,146,96
1,147,117
1,148,133
1,149,117
1,150,113
1,151,118
1,152,110
1,153,129
1,154,107
1,155,142
1,156,119
1,157,135
1,158,127
1,159,138
1,160,143
1,161,133
1,162,123
1,163,146
1,164,122
1,165,129
1,166,126
1,167,129
1,168,125
1,169,134
1,170,146
1,171,147
1,172,129
1,173,139
1,174,138
1,175,137
1,176,127
1,177,146
1,178,132
1,179,863
1,180,127
1,181,153
1,182,128
1,183,165
1,184,141
1,185,165
1,186,119
1,187,145
1,188,137
1,189,161
1,190,121
1,191,162
1,192,125
1,193,156
1,194,118
1,195,161
1,196,125
1,197,168
1,198,147
1,199,152
1,200,134
1,201,163
1,202,134
1,203,158
1,204,121
1,205,171
1,206,127
1,207,170
1,208,126
1,209,172
1,210,698
1,211,196
1,212,121
1,213,215
1,214,139
1,215,210
1,216,113
1,217,182
1,218,130
1,219,194
1,220,135
1,221,528
1,222,125
1,223,196
1,224,125
1,225,307
1,226,123
1,227,214
1,228,118
1,229,207
1,230,133
1,231,193
1,232,125
1,233,206
1,234,130
1,235,1411
1,236,142
1,237,214
1,238,174
1,239,211
1,240,146
1,241,214
1,242,154
1,243,222
1,244,158
1,245,301
1,246,191
1,247,292
1,248,165
1,249,241
1,250,173
1,251,241
1,252,190
1,253,236
1,254,220
1,255,226
1,256,175
2,1,156
2,2,197
2,3,165
2,4,186
2,5,157
2,6,218
2,7,178
2,8,269
2,9,322
2,10,200
2,11,176
2,12,200
2,13,190
2,14,206
2,15,175
2,16,207
2,17,165
2,18,197
2,19,165
2,20,207
2,21,156
2,22,198
2,23,974
2,24,198
2,25,168
2,26,200
2,27,181
2,28,389
2,29,173
2,30,221
2,31,173
2,32,207
2,33,163
2,34,217
2,35,196
2,36,193
2,37,181
2,38,248
2,39,168
2,40,216
2,41,169
2,42,207
2,43,170
2,44,193
2,45,168
2,46,172
2,47,136
2,48,162
2,49,161
2,50,157
2,51,227
2,52,167
2,53,153
2,54,155
2,55,135
2,56,155
2,57,134
2,58,151
2,59,193
2,60,155
2,61,153
2,62,158
2,63,129
2,64,177
2,65,134
2,66,147
2,67,144
2,68,166
2,69,126
2,70,154
2,71,223
2,72,229
2,73,185
2,74,155
2,75,143
2,76,160
2,77,188
2,78,154
2,79,143
2,80,155
2,81,146
2,82,139
2,83,147
2,84,138
2,85,133
2,86,149
2,87,151
2,88,166
2,89,141
2,90,148
2,91,146
2,92,171
2,93,149
2,94,140
2,95,151
2,96,136
2,97,171
2,98,137
2,99,149
2,100,154
2,101,143
2,102,137
2,103,171
2,104,149
2,105,142
2,106,127
2,107,138
2,108,141
2,109,137
2,110,134
2,111,143
2,112,140
2,113,134
2,114,162
2,115,152
2,116,134
2,117,133
2,118,137
2,119,144
2,120,136
2,121,130
2,122,139
2,123,122
2,124,160
2,125,125
2,126,145
2,127,131
2,128,149
2,129,111
2,130,113
2,131,110
2,132,106
2,133,113
2,134,93
2,135,129
2,136,77
2,137,109
2,138,104
2,139,123
2,140,98
2,141,109
2,142,89
2,143,716
2,144,223
2,145,135
2,146,96
2,147,117
2,148,133
2,149,117
2,150,113
2,151,118
2,152,110
2,153,129
2,154,107
2,155,142
2,156,119
2,157,135
2,158,127
2,159,138
2,160,143
2,161,133
2,162,123
2,163,146
2,164,122
2,165,129
2,166,126
2,167,129
2,168,125
2,169,134
2,170,146
2,171,147
2,172,129
2,173,139
2,174,138
2,175,137
2,176,127
2,177,146
2,178,132
2,179,863
2,180,127
2,181,153
2,182,128
2,183,165
2,184,141
2,185,165
2,186,119
2,187,145
2,188,137
2,189,161
2,190,121
2,191,162
2,192,125
2,193,156
2,194,118
2,195,161
2,196,125
2,197,168
2,198,147
2,199,152
2,200,134
2,201,163
2,202,134
2,203,158
2,204,121
2,205,171
2,206,127
2,207,170
2,208,126
2,209,172
2,210,698
2,211,196
2,212,121
2,213,215
2,214,139
2,215,210
2,216,113
2,217,182
2,218,130
2,219,194
2,220,135
2,221,528
2,222,125
2,223,196
2,224,125
2,225,307
2,226,123
2,227,214
2,228,118
2,229,207
2,230,133
2,231,193
2,232,125
2,233,206
2,234,130
2,235,1411
2,236,142
2,237,214
2,238,174
2,239,211
2,240,146
2,241,214
2,242,154
2,243,222
2,244,158
2,245,301
2,246,191
2,247,292
2,248,165
2,249,241
2,250,173
2,251,241
2,252,190
2,253,236
2,254,220
2,255,226
2,256,175
3,1,157
3,2,197
3,3,163
3,4,186
3,5,158
3,6,218
3,7,177
3,8,271
3,9,318
3,10,200
3,11,176
3,12,198
3,13,188
3,14,205
3,15,175
3,16,206
3,17,165
3,18,197
3,19,166
3,20,207
3,21,156
3,22,197
3,23,974
3,24,198
3,25,167
3,26,199
3,27,181
3,28,389
3,29,173
3,30,221
3,31,171
3,32,208
3,33,163
3,34,216
3,35,196
3,36,193
3,37,182
3,38,250
3,39,167
3,40,217
3,41,170
3,42,206
3,43,170
3,44,193
3,45,168
3,46,170
3,47,135
3,48,159
3,49,161
3,50,159
3,51,229
3,52,167
3,53,152
3,54,154
3,55,135
3,56,155
3,57,134
3,58,150
3,59,191
3,60,154
3,61,152
3,62,157
3,63,129
3,64,176
3,65,134
3,66,146
3,67,145
3,68,167
3,69,126
3,70,152
3,71,223
3,72,227
3,73,184
3,74,154
3,75,142
3,76,159
3,77,187
3,78,154
3,79,143
3,80,155
3,81,146
3,82,139
3,83,148
3,84,138
3,85,132
3,86,150
3,87,152
3,88,166
3,89,140
3,90,147
3,91,145
3,92,169
3,93,148
3,94,138
3,95,149
3,96,137
3,97,170
3,98,137
3,99,147
3,100,154
3,101,142
3,102,136
3,103,170
3,104,149
3,105,143
3,106,129
3,107,140
3,108,141
3,109,138
3,110,133
3,111,143
3,112,139
3,113,133
3,114,161
3,115,151
3,116,133
3,117,131
3,118,136
3,119,144
3,120,136
3,121,130
3,122,139
3,123,122
3,124,160
3,125,124
3,126,145
3,127,131
3,128,149
3,129,111
3,130,113
3,131,108
3,132,106
3,133,114
3,134,93
3,135,129
3,136,77
3,137,110
3,138,105
3,139,124
3,140,98
3,141,110
3,142,87
3,143,713
3,144,225
3,145,133
3,146,95
3,147,116
3,148,133
3,149,116
3,150,112
3,151,118
3,152,110
3,153,127
3,154,106
3,155,141
3,156,119
3,157,135
3,158,126
3,159,137
3,160,143
3,161,132
3,162,122
3,163,148
3,164,122
3,165,127
3,166,125
3,167,129
3,168,125
3,169,134
3,170,146
3,171,146
3,172,127
3,173,140
3,174,137
3,175,136
3,176,127
3,177,145
3,178,133
3,179,863
3,180,127
3,181,153
3,182,129
3,183,164
3,184,141
3,185,164
3,186,118
3,187,146
3,188,136
3,189,160
3,190,120
3,191,162
3,192,125
3,193,156
3,194,119
3,195,161
3,196,124
3,197,166
3,198,147
3,199,151
3,200,135
3,201,164
3,202,135
3,203,158
3,204,120
3,205,170
3,206,128
3,207,170
3,208,126
3,209,171
3,210,699
3,211,194
3,212,122
3,213,216
3,214,139
3,215,209
3,216,113
3,217,181
3,218,131
3,219,194
3,220,134
3,221,529
3,222,125
3,223,196
3,224,124
3,225,309
3,226,123
3,227,214
3,228,117
3,229,206
3,230,132
3,231,194
3,232,126
3,233,206
3,234,130
3,235,1415
3,236,141
3,237,215
3,238,174
3,239,213
3,240,145
3,241,213
3,242,155
3,243,221
3,244,158
3,245,300
3,246,190
3,247,292
3,248,166
3,249,240
3,250,174
3,251,241
3,252,189
3,253,236
3,254,215
3,255,224
3,256,174
4,1,157
4,2,197
4,3,163
4,4,186
4,5,158
4,6,218
4,7,177
4,8,271
4,9,318
4,10,200
4,11,176
4,12,198
4,13,188
4,14,205
4,15,175
4,16,206
4,17,165
4,18,197
4,19,166
4,20,207
4,21,156
4,22,197
4,23,974
4,24,198
4,25,167
4,26,199
4,27,181
4,28,389
4,29,173
4,30,221
4,31,171
4,32,208
4,33,163
4,34,216
4,35,196
4,36,193
4,37,182
4,38,250
4,39,167
4,40,217
4,41,170
4,42,206
4,43,170
4,44,193
4,45,168
4,46,170
4,47,135
4,48,159
4,49,161
4,50,159
4,51,229
4,52,167
4,53,152
4,54,154
4,55,135
4,56,155
4,57,134
4,58,150
4,59,191
4,60,154
4,61,152
4,62,157
4,63,129
4,64,176
4,65,134
4,66,146
4,67,145
4,68,167
4,69,126
4,70,152
4,71,223
4,72,227
4,73,184
4,74,154
4,75,142
4,76,159
4,77,187
4,78,154
4,79,143
4,80,155
4,81,146
4,82,139
4,83,148
4,84,138
4,85,132
4,86,150
4,87,152
4,88,166
4,89,140
4,90,147
4,91,145
4,92,169
4,93,148
4,94,138
4,95,149
4,96,137
4,97,170
4,98,137
4,99,147
4,100,154
4,101,142
4,102,136
4,103,170
4,104,149
4,105,143
4,106,129
4,107,140
4,108,141
4,109,138
4,110,133
4,111,143
4,112,139
4,113,133
4,114,161
4,115,151
4,116,133
4,117,131
4,118,136
4,119,144
4,120,136
4,121,130
4,122,139
4,123,122
4,124,160
4,125,124
4,126,145
4,127,131
4,128,149
4,129,111
4,130,113
4,131,108
4,132,106
4,133,114
4,134,93
4,135,129
4,136,77
4,137,110
4,138,105
4,139,124
4,140,98
4,141,110
4,142,87
4,143,713
4,144,225
4,145,133
4,146,95
4,147,116
4,148,133
4,149,116
4,150,112
4,151,118
4,152,110
4,153,127
4,154,106
4,155,141
4,156,119
4,157,135
4,158,126
4,159,137
4,160,143
4,161,132
4,162,122
4,163,148
4,164,122
4,165,127
4,166,125
4,167,129
4,168,125
4,169,134
4,170,146
4,171,146
4,172,127
4,173,140
4,174,137
4,175,136
4,176,127
4,177,145
4,178,133
4,179,863
4,180,127
4,181,153
4,182,129
4,183,164
4,184,141
4,185,164
4,186,118
4,187,146
4,188,136
4,189,160
4,190,120
4,191,162
4,192,125
4,193,156
4,194,119
4,195,161
4,196,124
4,197,166
4,198,147
4,199,151
4,200,135
4,201,164
4,202,135
4,203,158
4,204,120
4,205,170
4,206,128
4,207,170
4,208,126
4,209,171
4,210,699
4,211,194
4,212,122
4,213,216
4,214,139
4,215,209
4,216,113
4,217,181
4,218,131
4,219,194
4,220,134
4,221,529
4,222,125
4,223,196
4,224,124
4,225,309
4,226,123
4,227,214
4,228,117
4,229,206
4,230,132
4,231,194
4,232,126
4,233,206
4,234,130
4,235,1415
4,236,141
4,237,215
4,238,174
4,239,213
4,240,145
4,241,213
4,242,155
4,243,221
4,244,158
4,245,300
4,246,190
4,247,292
4,248,166
4,249,240
4,250,174
4,251,241
4,252,189
4,253,236
4,254,215
4,255,224
4,256,174
5,1,157
5,2,197
5,3,165
5,4,186
5,5,157
5,6,218
5,7,178
5,8,272
5,9,318
5,10,199
5,11,177
5,12,199
5,13,190
5,14,206
5,15,176
5,16,206
5,17,165
5,18,199
5,19,166
5,20,208
5,21,157
5,22,198
5,23,976
5,24,199
5,25,168
5,26,199
5,27,180
5,28,390
5,29,174
5,30,222
5,31,173
5,32,207
5,33,164
5,34,217
5,35,195
5,36,195
5,37,181
5,38,248
5,39,167
5,40,218
5,41,170
5,42,207
5,43,169
5,44,193
5,45,167
5,46,172
5,47,135
5,48,160
5,49,161
5,50,157
5,51,229
5,52,167
5,53,152
5,54,154
5,55,135
5,56,156
5,57,134
5,58,151
5,59,191
5,60,155
5,61,152
5,62,157
5,63,129
5,64,177
5,65,132
5,66,146
5,67,145
5,68,167
5,69,126
5,70,153
5,71,225
5,72,229
5,73,186
5,74,154
5,75,144
5,76,159
5,77,185
5,78,154
5,79,143
5,80,154
5,81,146
5,82,138
5,83,148
5,84,137
5,85,132
5,86,149
5,87,152
5,88,166
5,89,139
5,90,147
5,91,145
5,92,169
5,93,149
5,94,138
5,95,150
5,96,136
5,97,169
5,98,136
5,99,149
5,100,156
5,101,142
5,102,136
5,103,169
5,104,149
5,105,142
5,106,129
5,107,140
5,108,141
5,109,140
5,110,134
5,111,142
5,112,140
5,113,133
5,114,164
5,115,152
5,116,133
5,117,131
5,118,137
5,119,144
5,120,136
5,121,129
5,122,139
5,123,123
5,124,160
5,125,123
5,126,146
5,127,131
5,128,149
5,129,111
5,130,114
5,131,110
5,132,106
5,133,113
5,134,93
5,135,128
5,136,78
5,137,109
5,138,104
5,139,123
5,140,98
5,141,109
5,142,87
5,143,718
5,144,226
5,145,134
5,146,95
5,147,117
5,148,133
5,149,117
5,150,113
5,151,117
5,152,109
5,153,128
5,154,106
5,155,141
5,156,118
5,157,135
5,158,126
5,159,138
5,160,143
5,161,132
5,162,123
5,163,147
5,164,123
5,165,129
5,166,125
5,167,129
5,168,125
5,169,133
5,170,145
5,171,146
5,172,128
5,173,139
5,174,138
5,175,136
5,176,128
5,177,145
5,178,132
5,179,863
5,180,128
5,181,152
5,182,128
5,183,164
5,184,141
5,185,166
5,186,118
5,187,146
5,188,137
5,189,160
5,190,120
5,191,162
5,192,126
5,193,157
5,194,119
5,195,161
5,196,124
5,197,167
5,198,150
5,199,151
5,200,135
5,201,163
5,202,134
5,203,158
5,204,121
5,205,170
5,206,127
5,207,169
5,208,126
5,209,172
5,210,700
5,211,193
5,212,121
5,213,217
5,214,139
5,215,211
5,216,114
5,217,182
5,218,131
5,219,192
5,220,134
5,221,510
5,222,125
5,223,198
5,224,125
5,225,307
5,226,123
5,227,214
5,228,117
5,229,207
5,230,133
5,231,192
5,232,125
5,233,206
5,234,130
5,235,1416
5,236,141
5,237,214
5,238,171
5,239,212
5,240,146
5,241,213
5,242,155
5,243,221
5,244,159
5,245,300
5,246,190
5,247,292
5,248,165
5,249,238
5,250,172
5,251,242
5,252,190
5,253,236
5,254,218
5,255,225
5,256,173
6,1,157
6,2,197
6,3,165
6,4,186
6,5,157
6,6,218
6,7,178
6,8,272
6,9,318
6,10,199
6,11,177
6,12,199
6,13,190
6,14,206
6,15,176
6,16,206
6,17,165
6,18,199
6,19,166
6,20,208
6,21,157
6,22,198
6,23,976
6,24,199
6,25,168
6,26,199
6,27,180
6,28,390
6,29,174
6,30,222
6,31,173
6,32,207
6,33,164
6,34,217
6,35,195
6,36,195
6,37,181
6,38,248
6,39,167
6,40,218
6,41,170
6,42,207
6,43,169
6,44,193
6,45,167
6,46,172
6,47,135
6,48,160
6,49,161
6,50,157
6,51,229
6,52,167
6,53,152
6,54,154
6,55,135
6,56,156
6,57,134
6,58,151
6,59,191
6,60,155
6,61,152
6,62,157
6,63,129
6,64,177
6,65,132
6,66,146
6,67,145
6,68,167
6,69,126
6,70,153
6,71,225
6,72,229
6,73,186
6,74,154
6,75,144
6,76,159
6,77,185
6,78,154
6,79,143
6,80,154
6,81,146
6,82,138
6,83,148
6,84,137
6,85,132
6,86,149
6,87,152
6,88,166
6,89,139
6,90,147
6,91,145
6,92,169
6,93,149
6,94,138
6,95,150
6,96,136
6,97,169
6,98,136
6,99,149
6,100,156
6,101,142
6,102,136
6,103,169
6,104,149
6,105,142
6,106,129
6,107,140
6,108,141
6,109,140
6,110,134
6,111,142
6,112,140
6,113,133
6,114,164
6,115,152
6,116,133
6,117,131
6,118,137
6,119,144
6,120,136
6,121,129
6,122,139
6,123,123
6,124,160
6,125,123
6,126,146
6,127,131
6,128,149
6,129,111
6,130,114
6,131,110
6,132,106
6,133,113
6,134,93
6,135,128
6,136,78
6,137,109
6,138,104
6,139,123
6,140,98
6,141,109
6,142,87
6,143,718
6,144,226
6,145,134
6,146,95
6,147,117
6,148,133
6,149,117
6,150,113
6,151,117
6,152,109
6,153,128
6,154,106
6,155,141
6,156,118
6,157,135
6,158,126
6,159,138
6,160,143
6,161,132
6,162,123
6,163,147
6,164,123
6,165,129
6,166,125
6,167,129
6,168,125
6,169,133
6,170,145
6,171,146
6,172,128
6,173,139
6,174,138
6,175,136
6,176,128
6,177,145
6,178,132
6,179,863
6,180,128
6,181,152
6,182,128
6,183,164
6,184,141
6,185,166
6,186,118
6,187,146
6,188,137
6,189,160
6,190,120
6,191,162
6,192,126
6,193,157
6,194,119
6,195,161
6,196,124
6,197,167
6,198,150
6,199,151
6,200,135
6,201,163
6,202,134
6,203,158
6,204,121
6,205,170
6,206,127
6,207,169
6,208,126
6,209,172
6,210,700
6,211,193
6,212,121
6,213,217
6,214,139
6,215,211
6,216,114
6,217,182
6,218,131
6,219,192
6,220,134
6,221,510
6,222,125
6,223,198
6,224,125
6,225,307
6,226,123
6,227,214
6,228,117
6,229,207
6,230,133
6,231,192
6,232,125
6,233,206
6,234,130
6,235,1416
6,236,141
6,237,214
6,238,171
6,239,212
6,240,146
6,241,213
6,242,155
6,243,221
6,244,159
6,245,300
6,246,190
6,247,292
6,248,165
6,249,238
6,250,172
6,251,242
6,252,190
6,253,236
6,254,218
6,255,225
6,256,173
7,1,156
7,2,197
7,3,164
7,4,188
7,5,157
7,6,218
7,7,177
7,8,272
7,9,318
7,10,199
7,11,175
7,12,200
7,13,188
7,14,205
7,15,175
7,16,207
7,17,164
7,18,200
7,19,166
7,20,210
7,21,155
7,22,198
7,23,976
7,24,200
7,25,167
7,26,200
7,27,181
7,28,389
7,29,173
7,30,221
7,31,172
7,32,207
7,33,164
7,34,217
7,35,196
7,36,194
7,37,183
7,38,248
7,39,168
7,40,217
7,41,169
7,42,208
7,43,169
7,44,193
7,45,169
7,46,173
7,47,136
7,48,162
7,49,162
7,50,158
7,51,229
7,52,168
7,53,152
7,54,155
7,55,136
7,56,157
7,57,133
7,58,153
7,59,191
7,60,155
7,61,151
7,62,158
7,63,128
7,64,176
7,65,133
7,66,147
7,67,145
7,68,168
7,69,126
7,70,154
7,71,224
7,72,230
7,73,187
7,74,156
7,75,142
7,76,160
7,77,185
7,78,155
7,79,143
7,80,156
7,81,146
7,82,140
7,83,148
7,84,138
7,85,132
7,86,150
7,87,152
7,88,166
7,89,141
7,90,148
7,91,144
7,92,170
7,93,149
7,94,139
7,95,150
7,96,136
7,97,168
7,98,137
7,99,147
7,100,155
7,101,142
7,102,137
7,103,170
7,104,149
7,105,141
7,106,129
7,107,140
7,108,141
7,109,137
7,110,135
7,111,142
7,112,140
7,113,133
7,114,163
7,115,152
7,116,133
7,117,130
7,118,137
7,119,145
7,120,137
7,121,129
7,122,141
7,123,123
7,124,161
7,125,124
7,126,146
7,127,131
7,128,149
7,129,111
7,130,114
7,131,109
7,132,107
7,133,112
7,134,94
7,135,131
7,136,79
7,137,109
7,138,105
7,139,123
7,140,98
7,141,110
7,142,88
7,143,716
7,144,226
7,145,134
7,146,96
7,147,117
7,148,133
7,149,118
7,150,113
7,151,117
7,152,111
7,153,128
7,154,106
7,155,141
7,156,119
7,157,134
7,158,126
7,159,137
7,160,145
7,161,132
7,162,123
7,163,146
7,164,123
7,165,129
7,166,126
7,167,129
7,168,125
7,169,133
7,170,145
7,171,148
7,172,128
7,173,138
7,174,138
7,175,135
7,176,128
7,177,144
7,178,133
7,179,863
7,180,128
7,181,151
7,182,130
7,183,163
7,184,141
7,185,164
7,186,120
7,187,144
7,188,137
7,189,160
7,190,121
7,191,164
7,192,126
7,193,155
7,194,120
7,195,160
7,196,124
7,197,167
7,198,150
7,199,151
7,200,135
7,201,163
7,202,136
7,203,157
7,204,121
7,205,171
7,206,128
7,207,170
7,208,127
7,209,173
7,210,701
7,211,194
7,212,122
7,213,216
7,214,140
7,215,211
7,216,114
7,217,181
7,218,131
7,219,192
7,220,134
7,221,533
7,222,125
7,223,196
7,224,124
7,225,311
7,226,124
7,227,215
7,228,119
7,229,207
7,230,133
7,231,193
7,232,126
7,233,205
7,234,130
7,235,1410
7,236,142
7,237,214
7,238,175
7,239,211
7,240,146
7,241,213
7,242,155
7,243,222
7,244,159
7,245,301
7,246,191
7,247,295
7,248,165
7,249,240
7,250,174
7,251,242
7,252,190
7,253,236
7,254,220
7,255,224
7,256,175
8,1,156
8,2,197
8,3,164
8,4,188
8,5,157
8,6,218
8,7,177
8,8,272
8,9,318
8,10,199
8,11,175
8,12,200
8,13,188
8,14,205
8,15,175
8,16,207
8,17,164
8,18,200
8,19,166
8,20,210
8,21,155
8,22,198
8,23,976
8,24,200
8,25,167
8,26,200
8,27,181
8,28,389
8,29,173
8,30,221
8,31,172
8,32,207
8,33,164
8,34,217
8,35,196
8,36,194
8,37,183
8,38,248
8,39,168
8,40,217
8,41,169
8,42,208
8,43,169
8,44,193
8,45,169
8,46,173
8,47,136
8,48,162
8,49,162
8,50,158
8,51,229
8,52,168
8,53,152
8,54,155
8,55,136
8,56,157
8,57,133
8,58,153
8,59,191
8,60,155
8,61,151
8,62,158
8,63,128
8,64,176
8,65,133
8,66,147
8,67,145
8,68,168
8,69,126
8,70,154
8,71,224
8,72,230
8,73,187
8,74,156
8,75,142
8,76,160
8,77,185
8,78,155
8,79,143
8,80,156
8,81,146
8,82,140
8,83,148
8,84,138
8,85,132
8,86,150
8,87,152
8,88,166
8,89,141
8,90,148
8,91,144
8,92,170
8,93,149
8,94,139
8,95,150
8,96,136
8,97,168
8,98,137
8,99,147
8,100,155
8,101,142
8,102,137
8,103,170
8,104,149
8,105,141
8,106,129
8,107,140
8,108,141
8,109,137
8,110,135
8,111,142
8,112,140
8,113,133
8,114,163
8,115,152
8,116,133
8,117,130
8,118,137
8,119,145
8,120,137
8,121,129
8,122,141
8,123,123
8,124,161
8,125,124
8,126,146
8,127,131
8,128,149
8,129,111
8,130,114
8,131,109
8,132,107
8,133,112
8,134,94
8,135,131
8,136,79
8,137,109
8,138,105
8,139,123
8,140,98
8,141,110
8,142,88
8,143,716
8,144,226
8,145,134
8,146,96
8,147,117
8,148,133
8,149,118
8,150,113
8,151,117
8,152,111
8,153,128
8,154,106
8,155,141
8,156,119
8,157,134
8,158,126
8,159,137
8,160,145
8,161,132
8,162,123
8,163,146
8,164,123
8,165,129
8,166,126
8,167,129
8,168,125
8,169,133
8,170,145
8,171,148
8,172,128
8,173,138
8,174,138
8,175,135
8,176,128
8,177,144
8,178,133
8,179,863
8,180,128
8,181,151
8,182,130
8,183,163
8,184,141
8,185,164
8,186,120
8,187,144
8,188,137
8,189,160
8,190,121
8,191,164
8,192,126
8,193,155
8,194,120
8,195,160
8,196,124
8,197,167
8,198,150
8,199,151
8,200,135
8,201,163
8,202,136
8,203,157
8,204,121
8,205,171
8,206,128
8,207,170
8,208,127
8,209,173
8,210,701
8,211,194
8,212,122
8,213,216
8,214,140
8,215,211
8,216,114
8,217,181
8,218,131
8,219,192
8,220,134
8,221,533
8,222,125
8,223,196
8,224,124
8,225,311
8,226,124
8,227,215
8,228,119
8,229,207
8,230,133
8,231,193
8,232,126
8,233,205
8,234,130
8,235,1410
8,236,142
8,237,214
8,238,175
8,239,211
8,240,146
8,241,213
8,242,155
8,243,222
8,244,159
8,245,301
8,246,191
8,247,295
8,248,165
8,249,240
8,250,174
8,251,242
8,252,190
8,253,236
8,254,220
8,255,224
8,256,175
9,1,156
9,2,196
9,3,164
9,4,186
9,5,157
9,6,218
9,7,177
9,8,271
9,9,322
9,10,200
9,11,175
9,12,199
9,13,189
9,14,204
9,15,175
9,16,206
9,17,164
9,18,199
9,19,165
9,20,209
9,21,155
9,22,197
9,23,973
9,24,198
9,25,167
9,26,199
9,27,181
9,28,389
9,29,173
9,30,221
9,31,172
9,32,208
9,33,164
9,34,217
9,35,194
9,36,194
9,37,182
9,38,248
9,39,168
9,40,217
9,41,170
9,42,207
9,43,169
9,44,193
9,45,168
9,46,171
9,47,134
9,48,160
9,49,163
9,50,158
9,51,231
9,52,168
9,53,152
9,54,154
9,55,136
9,56,155
9,57,134
9,58,151
9,59,192
9,60,155
9,61,152
9,62,157
9,63,128
9,64,176
9,65,133
9,66,146
9,67,145
9,68,167
9,69,126
9,70,152
9,71,223
9,72,231
9,73,184
9,74,155
9,75,142
9,76,159
9,77,187
9,78,154
9,79,142
9,80,154
9,81,146
9,82,139
9,83,148
9,84,137
9,85,132
9,86,150
9,87,152
9,88,166
9,89,140
9,90,148
9,91,143
9,92,171
9,93,147
9,94,138
9,95,149
9,96,135
9,97,169
9,98,137
9,99,148
9,100,155
9,101,142
9,102,136
9,103,169
9,104,148
9,105,141
9,106,129
9,107,140
9,108,141
9,109,138
9,110,132
9,111,143
9,112,139
9,113,133
9,114,163
9,115,152
9,116,133
9,117,131
9,118,137
9,119,144
9,120,136
9,121,128
9,122,140
9,123,122
9,124,160
9,125,124
9,126,145
9,127,129
9,128,149
9,129,111
9,130,113
9,131,109
9,132,106
9,133,112
9,134,92
9,135,128
9,136,78
9,137,110
9,138,104
9,139,122
9,140,98
9,141,109
9,142,87
9,143,715
9,144,224
9,145,135
9,146,97
9,147,117
9,148,133
9,149,117
9,150,113
9,151,117
9,152,109
9,153,127
9,154,106
9,155,140
9,156,118
9,157,134
9,158,126
9,159,136
9,160,144
9,161,133
9,162,123
9,163,147
9,164,123
9,165,129
9,166,125
9,167,128
9,168,125
9,169,133
9,170,145
9,171,147
9,172,128
9,173,139
9,174,137
9,175,137
9,176,127
9,177,145
9,178,133
9,179,862
9,180,128
9,181,153
9,182,128
9,183,164
9,184,140
9,185,165
9,186,119
9,187,146
9,188,138
9,189,160
9,190,119
9,191,162
9,192,126
9,193,155
9,194,118
9,195,160
9,196,123
9,197,167
9,198,149
9,199,151
9,200,134
9,201,163
9,202,134
9,203,157
9,204,120
9,205,170
9,206,127
9,207,170
9,208,126
9,209,171
9,210,700
9,211,194
9,212,122
9,213,214
9,214,138
9,215,210
9,216,113
9,217,181
9,218,131
9,219,193
9,220,133
9,221,523
9,222,125
9,223,197
9,224,125
9,225,308
9,226,123
9,227,214
9,228,118
9,229,207
9,230,132
9,231,193
9,232,125
9,233,206
9,234,128
9,235,1410
9,236,142
9,237,214
9,238,173
9,239,212
9,240,145
9,241,213
9,242,154
9,243,221
9,244,158
9,245,300
9,246,191
9,247,293
9,248,165
9,249,240
9,250,173
9,251,240
9,252,188
9,253,235
9,254,214
9,255,224
9,256,173
10,1,156
10,2,196
10,3,164
10,4,186
10,5,157
10,6,218
10,7,177
10,8,271
10,9,322
10,10,200
10,11,175
10,12,199
10,13,189
10,14,204
10,15,175
10,16,206
10,17,164
10,18,199
10,19,165
10,20,209
10,21,155
10,22,197
10,23,973
10,24,198
10,25,167
10,26,199
10,27,181
10,28,389
10,29,173
10,30,221
10,31,172
10,32,208
10,33,164
10,34,217
10,35,194
10,36,194
10,37,182
10,38,248
10,39,168
10,40,217
10,41,170
10,42,207
10,43,169
10,44,193
10,45,168
10,46,171
10,47,134
10,48,160
10,49,163
10,50,158
10,51,231
10,52,168
10,53,152
10,54,154
10,55,136
10,56,155
10,57,134
10,58,151
10,59,192
10,60,155
10,61,152
10,62,157
10,63,128
10,64,176
10,65,133
10,66,146
10,67,145
10,68,167
10,69,126
10,70,152
10,71,223
10,72,231
10,73,184
10,74,155
10,75,142
10,76,159
10,77,187
10,78,154
10,79,142
10,80,154
10,81,146
10,82,139
10,83,148
10,84,137
10,85,132
10,86,150
10,87,152
10,88,166
10,89,140
10,90,148
10,91,143
10,92,171
10,93,147
10,94,138
10,95,149
10,96,135
10,97,169
10,98,137
10,99,148
10,100,155
10,101,142
10,102,136
10,103,169
10,104,148
10,105,141
10,106,129
10,107,140
10,108,141
10,109,138
10,110,132
10,111,143
10,112,139
10,113,133
10,114,163
10,115,152
10,116,133
10,117,131
10,118,137
10,119,144
10,120,136
10,121,128
10,122,140
10,123,122
10,124,160
10,125,124
10,126,145
10,127,129
10,128,149
10,129,111
10,130,113
10,131,109
10,132,106
10,133,112
10,134,92
10,135,128
10,136,78
10,137,110
10,138,104
10,139,122
10,140,98
10,141,109
10,142,87
10,143,715
10,144,224
10,145,135
10,146,97
10,147,117
10,148,133
10,149,117
10,150,113
10,151,117
10,152,109
10,153,127
10,154,106
10,155,140
10,156,118
10,157,134
10,158,126
10,159,136
10,160,144
10,161,133
10,162,123
10,163,147
10,164,123
10,165,129
10,166,125
10,167,128
10,168,125
10,169,133
10,170,145
10,171,147
10,172,128
10,173,139
10,174,137
10,175,137
10,176,127
10,177,145
10,178,133
10,179,862
10,180,128
10,181,153
10,182,128
10,183,164
10,184,140
10,185,165
10,186,119
10,187,146
10,188,138
10,189,160
10,190,119
10,191,162
10,192,126
10,193,155
10,194,118
10,195,160
10,196,123
10,197,167
10,198,149
10,199,151
10,200,134
10,201,163
10,202,134
10,203,157
10,204,120
10,205,170
10,206,127
10,207,170
10,208,126
10,209,171
10,210,700
10,211,194
10,212,122
10,213,214
10,214,138
10,215,210
10,216,113
10,217,181
10,218,131
10,219,193
10,220,133
10,221,523
10,222,125
10,223,197
10,224,125
10,225,308
10,226,123
10,227,214
10,228,118
10,229,207
10,230,132
10,231,193
10,232,125
10,233,206
10,234,128
10,235,1410
10,236,142
10,237,214
10,238,173
10,239,212
10,240,145
10,241,213
10,242,154
10,243,221
10,244,158
10,245,300
10,246,191
10,247,293
10,248,165
10,249,240
10,250,173
10,251,240
10,252,188
10,253,235
10,254,214
10,255,224
10,256,173
11,1,155
11,2,198
11,3,165
11,4,187
11,5,157
11,6,220
11,7,178
11,8,272
11,9,320
11,10,200
11,11,176
11,12,200
11,13,189
11,14,206
11,15,175
11,16,207
11,17,164
11,18,198
11,19,166
11,20,210
11,21,155
11,22,198
11,23,967
11,24,198
11,25,167
11,26,199
11,27,181
11,28,389
11,29,173
11,30,221
11,31,173
11,32,209
11,33,163
11,34,217
11,35,196
11,36,195
11,37,181
11,38,249
11,39,167
11,40,217
11,41,169
11,42,209
11,43,170
11,44,194
11,45,169
11,46,172
11,47,136
11,48,162
11,49,163
11,50,159
11,51,230
11,52,167
11,53,153
11,54,155
11,55,136
11,56,156
11,57,134
11,58,151
11,59,191
11,60,155
11,61,151
11,62,159
11,63,129
11,64,177
11,65,133
11,66,146
11,67,144
11,68,167
11,69,126
11,70,154
11,71,223
11,72,229
11,73,186
11,74,155
11,75,141
11,76,157
11,77,187
11,78,154
11,79,144
11,80,154
11,81,147
11,82,140
11,83,147
11,84,138
11,85,132
11,86,150
11,87,151
11,88,167
11,89,140
11,90,148
11,91,145
11,92,170
11,93,148
11,94,139
11,95,149
11,96,135
11,97,168
11,98,138
11,99,147
11,100,156
11,101,142
11,102,136
11,103,169
11,104,149
11,105,141
11,106,129
11,107,140
11,108,141
11,109,138
11,110,134
11,111,143
11,112,141
11,113,133
11,114,161
11,115,152
11,116,133
11,117,131
11,118,137
11,119,143
11,120,137
11,121,129
11,122,140
11,123,124
11,124,161
11,125,123
11,126,146
11,127,130
11,128,149
11,129,111
11,130,114
11,131,110
11,132,107
11,133,113
11,134,93
11,135,128
11,136,78
11,137,107
11,138,104
11,139,123
11,140,98
11,141,110
11,142,88
11,143,717
11,144,226
11,145,133
11,146,95
11,147,117
11,148,134
11,149,117
11,150,112
11,151,117
11,152,110
11,153,128
11,154,106
11,155,139
11,156,119
11,157,135
11,158,126
11,159,137
11,160,145
11,161,132
11,162,123
11,163,146
11,164,123
11,165,128
11,166,126
11,167,130
11,168,126
11,169,134
11,170,146
11,171,147
11,172,129
11,173,138
11,174,138
11,175,136
11,176,128
11,177,144
11,178,133
11,179,861
11,180,129
11,181,152
11,182,128
11,183,164
11,184,141
11,185,164
11,186,119
11,187,146
11,188,138
11,189,160
11,190,122
11,191,166
11,192,126
11,193,156
11,194,119
11,195,161
11,196,125
11,197,166
11,198,150
11,199,151
11,200,135
11,201,163
11,202,134
11,203,156
11,204,121
11,205,171
11,206,127
11,207,170
11,208,127
11,209,172
11,210,702
11,211,194
11,212,122
11,213,218
11,214,139
11,215,209
11,216,113
11,217,181
11,218,131
11,219,192
11,220,134
11,221,514
11,222,124
11,223,196
11,224,125
11,225,311
11,226,125
11,227,214
11,228,118
11,229,208
11,230,134
11,231,192
11,232,126
11,233,205
11,234,130
11,235,1412
11,236,143
11,237,213
11,238,176
11,239,212
11,240,147
11,241,214
11,242,155
11,243,222
11,244,159
11,245,301
11,246,190
11,247,291
11,248,165
11,249,242
11,250,173
11,251,239
11,252,191
11,253,237
11,254,217
11,255,225
11,256,175
12,1,155
12,2,198
12,3,165
12,4,187
12,5,157
12,6,220
12,7,178
12,8,272
12,9,320
12,10,200
12,11,176
12,12,200
12,13,189
12,14,206
12,15,175
12,16,207
12,17,164
12,18,198
12,19,166
12,20,210
12,21,155
12,22,198
12,23,967
12,24,198
12,25,167
12,26,199
12,27,181
12,28,389
12,29,173
12,30,221
12,31,173
12,32,209
12,33,163
12,34,217
12,35,196
12,36,195
12,37,181
12,38,249
12,39,167
12,40,217
12,41,169
12,42,209
12,43,170
12,44,194
12,45,169
12,46,172
12,47,136
12,48,162
12,49,163
12,50,159
12,51,230
12,52,167
12,53,153
12,54,155
12,55,136
12,56,156
12,57,134
12,58,151
12,59,191
12,60,155
12,61,151
12,62,159
12,63,129
12,64,177
12,65,133
12,66,146
12,67,144
12,68,167
12,69,126
12,70,154
12,71,223
12,72,229
12,73,186
12,74,155
12,75,141
12,76,157
12,77,187
12,78,154
12,79,144
12,80,154
12,81,147
12,82,140
12,83,147
12,84,138
12,85,132
12,86,150
12,87,151
12,88,167
12,89,140
12,90,148
12,91,145
12,92,170
12,93,148
12,94,139
12,95,149
12,96,135
12,97,168
12,98,138
12,99,147
12,100,156
12,101,142
12,102,136
12,103,169
12,104,149
12,105,141
12,106,129
12,107,140
12,108,141
12,109,138
12,110,134
12,111,143
12,112,141
12,113,133
12,114,161
12,115,152
12,116,133
12,117,131
12,118,137
12,119,143
12,120,137
12,121,129
12,122,140
12,123,124
12,124,161
12,125,123
12,126,146
12,127,130
12,128,149
12,129,111
12,130,114
12,131,110
12,132,107
12,133,113
12,134,93
12,135,128
12,136,78
12,137,107
12,138,104
12,139,123
12,140,98
12,141,110
12,142,88
12,143,717
12,144,226
12,145,133
12,146,95
12,147,117
12,148,134
12,149,117
12,150,112
12,151,117
12,152,110
12,153,128
12,154,106
12,155,139
12,156,119
12,157,135
12,158,126
12,159,137
12,160,145
12,161,132
12,162,123
12,163,146
12,164,123
12,165,128
12,166,126
12,167,130
12,168,126
12,169,134
12,170,146
12,171,147
12,172,129
12,173,138
12,174,138
12,175,136
12,176,128
12,177,144
12,178,133
12,179,861
12,180,129
12,181,152
12,182,128
12,183,164
12,184,141
12,185,164
12,186,119
12,187,146
12,188,138
12,189,160
12,190,122
12,191,166
12,192,126
12,193,156
12,194,119
12,195,161
12,196,125
12,197,166
12,198,150
12,199,151
12,200,135
12,201,163
12,202,134
12,203,156
12,204,121
12,205,171
12,206,127
12,207,170
12,208,127
12,209,172
12,210,702
12,211,194
12,212,122
12,213,218
12,214,139
12,215,209
12,216,113
12,217,181
12,218,131
12,219,192
12,220,134
12,221,514
12,222,124
12,223,196
12,224,125
12,225,311
12,226,125
12,227,214
12,228,118
12,229,208
12,230,134
12,231,192
12,232,126
12,233,205
12,234,130
12,235,1412
12,236,143
12,237,213
12,238,176
12,239,212
12,240,147
12,241,214
12,242,155
12,243,222
12,244,159
12,245,301
12,246,190
12,247,291
12,248,165
12,249,242
12,250,173
12,251,239
12,252,191
12,253,237
12,254,217
12,255,225
12,256,175
13,1,157
13,2,197
13,3,164
13,4,186
13,5,156
13,6,219
13,7,177
13,8,272
13,9,314
13,10,198
13,11,176
13,12,200
13,13,190
13,14,205
13,15,175
13,16,206
13,17,163
13,18,199
13,19,165
13,20,208
13,21,154
13,22,198
13,23,967
13,24,198
13,25,167
13,26,199
13,27,179
13,28,387
13,29,173
13,30,220
13,31,172
13,32,209
13,33,164
13,34,217
13,35,196
13,36,193
13,37,182
13,38,247
13,39,168
13,40,217
13,41,170
13,42,208
13,43,170
13,44,192
13,45,169
13,46,171
13,47,135
13,48,159
13,49,162
13,50,158
13,51,230
13,52,167
13,53,151
13,54,154
13,55,136
13,56,155
13,57,133
13,58,152
13,59,190
13,60,154
13,61,152
13,62,157
13,63,128
13,64,178
13,65,133
13,66,147
13,67,145
13,68,166
13,69,125
13,70,153
13,71,223
13,72,230
13,73,183
13,74,154
13,75,143
13,76,159
13,77,185
13,78,155
13,79,143
13,80,154
13,81,146
13,82,138
13,83,147
13,84,137
13,85,132
13,86,149
13,87,152
13,88,166
13,89,140
13,90,148
13,91,146
13,92,170
13,93,149
13,94,138
13,95,150
13,96,135
13,97,170
13,98,136
13,99,149
13,100,155
13,101,141
13,102,136
13,103,167
13,104,148
13,105,142
13,106,129
13,107,140
13,108,141
13,109,138
13,110,133
13,111,142
13,112,139
13,113,133
13,114,160
13,115,152
13,116,134
13,117,130
13,118,136
13,119,144
13,120,136
13,121,129
13,122,139
13,123,121
13,124,161
13,125,124
13,126,144
13,127,129
13,128,149
13,129,110
13,130,115
13,131,108
13,132,106
13,133,113
13,134,93
13,135,130
13,136,78
13,137,107
13,138,104
13,139,122
13,140,98
13,141,110
13,142,87
13,143,716
13,144,223
13,145,134
13,146,96
13,147,116
13,148,133
13,149,117
13,150,111
13,151,117
13,152,110
13,153,128
13,154,106
13,155,142
13,156,118
13,157,135
13,158,126
13,159,137
13,160,144
13,161,132
13,162,123
13,163,146
13,164,123
13,165,128
13,166,125
13,167,128
13,168,124
13,169,133
13,170,145
13,171,146
13,172,128
13,173,139
13,174,137
13,175,136
13,176,126
13,177,144
13,178,132
13,179,863
13,180,127
13,181,151
13,182,128
13,183,165
13,184,141
13,185,165
13,186,119
13,187,144
13,188,136
13,189,160
13,190,120
13,191,162
13,192,125
13,193,155
13,194,118
13,195,161
13,196,124
13,197,167
13,198,148
13,199,150
13,200,134
13,201,163
13,202,135
13,203,157
13,204,121
13,205,170
13,206,127
13,207,169
13,208,125
13,209,171
13,210,699
13,211,194
13,212,122
13,213,216
13,214,138
13,215,210
13,216,112
13,217,180
13,218,131
13,219,193
13,220,134
13,221,520
13,222,126
13,223,197
13,224,125
13,225,309
13,226,124
13,227,214
13,228,118
13,229,207
13,230,132
13,231,193
13,232,140
13,233,214
13,234,128
13,235,1412
13,236,142
13,237,213
13,238,173
13,239,213
13,240,146
13,241,213
13,242,154
13,243,222
13,244,158
13,245,301
13,246,191
13,247,295
13,248,165
13,249,240
13,250,174
13,251,242
13,252,190
13,253,235
13,254,219
13,255,225
13,256,174
14,1,157
14,2,197
14,3,164
14,4,186
14,5,156
14,6,219
14,7,177
14,8,272
14,9,314
14,10,198
14,11,176
14,12,200
14,13,190
14,14,205
14,15,175
14,16,206
14,17,163
14,18,199
14,19,165
14,20,208
14,21,154
14,22,198
14,23,967
14,24,198
14,25,167
14,26,199
14,27,179
14,28,387
14,29,173
14,30,220
14,31,172
14,32,209
14,33,164
14,34,217
14,35,196
14,36,193
14,37,182
14,38,247
14,39,168
14,40,217
14,41,170
14,42,208
14,43,170
14,44,192
14,45,169
14,46,171
14,47,135
14,48,159
14,49,162
14,50,158
14,51,230
14,52,167
14,53,151
14,54,154
14,55,136
14,56,155
14,57,133
14,58,152
14,59,190
14,60,154
14,61,152
14,62,157
14,63,128
14,64,178
14,65,133
14,66,147
14,67,145
14,68,166
14,69,125
14,70,153
14,71,223
14,72,230
14,73,183
14,74,154
14,75,143
14,76,159
14,77,185
14,78,155
14,79,143
14,80,154
14,81,146
14,82,138
14,83,147
14,84,137
14,85,132
14,86,149
14,87,152
14,88,166
14,89,140
14,90,148
14,91,146
14,92,170
14,93,149
14,94,138
14,95,150
14,96,135
14,97,170
14,98,136
14,99,149
14,100,155
14,101,141
14,102,136
14,103,167
14,104,148
14,105,142
14,106,129
14,107,140
14,108,141
14,109,138
14,110,133
14,111,142
14,112,139
14,113,133
14,114,160
14,115,152
14,116,134
14,117,130
14,118,136
14,119,144
14,120,136
14,121,129
14,122,139
14,123,121
14,124,161
14,125,124
14,126,144
14,127,129
14,128,149
14,129,110
14,130,115
14,131,108
14,132,106
14,133,113
14,134,93
14,135,130
14,136,78
14,137,107
14,138,104
14,139,122
14,140,98
14,141,110
14,142,87
14,143,716
14,144,223
14,145,134
14,146,96
14,147,116
14,148,133
14,149,117
14,150,111
14,151,117
14,152,110
14,153,128
14,154,106
14,155,142
14,156,118
14,157,135
14,158,126
14,159,137
14,160,144
14,161,132
14,162,123
14,163,146
14,164,123
14,165,128
14,166,125
14,167,128
14,168,124
14,169,133
14,170,145
14,171,146
14,172,128
14,173,139
14,174,137
14,175,136
14,176,126
14,177,144
14,178,132
14,179,863
14,180,127
14,181,151
14,182,128
14,183,165
14,184,141
14,185,165
14,186,119
14,187,144
14,188,136
14,189,160
14,190,120
14,191,162
14,192,125
14,193,155
14,194,118
14,195,161
14,196,124
14,197,167
14,198,148
14,199,150
14,200,134
14,201,163
14,202,135
14,203,157
14,204,121
14,205,170
14,206,127
14,207,169
14,208,125
14,209,171
14,210,699
14,211,194
14,212,122
14,213,216
14,214,138
14,215,210
14,216,112
14,217,180
14,218,131
14,219,193
14,220,134
14,221,520
14,222,126
14,223,197
14,224,125
14,225,309
14,226,124
14,227,214
14,228,118
14,229,207
14,230,132
14,231,193
14,232,140
14,233,214
14,234,128
14,235,1412
14,236,142
14,237,213
14,238,173
14,239,213
14,240,146
14,241,213
14,242,154
14,243,222
14,244,158
14,245,301
14,246,191
14,247,295
14,248,165
14,249,240
14,250,174
14,251,242
14,252,190
14,253,235
14,254,219
14,255,225
14,256,174
15,1,157
15,2,197
15,3,166
15,4,186
15,5,158
15,6,218
15,7,177
15,8,271
15,9,316
15,10,199
15,11,177
15,12,199
15,13,189
15,14,205
15,15,176
15,16,205
15,17,164
15,18,199
15,19,166
15,20,208
15,21,155
15,22,197
15,23,1014
15,24,198
15,25,167
15,26,199
15,27,182
15,28,388
15,29,173
15,30,221
15,31,173
15,32,207
15,33,164
15,34,218
15,35,194
15,36,195
15,37,182
15,38,248
15,39,168
15,40,218
15,41,170
15,42,209
15,43,171
15,44,194
15,45,169
15,46,171
15,47,136
15,48,160
15,49,163
15,50,158
15,51,230
15,52,167
15,53,152
15,54,154
15,55,136
15,56,154
15,57,134
15,58,152
15,59,192
15,60,155
15,61,153
15,62,157
15,63,129
15,64,177
15,65,133
15,66,147
15,67,145
15,68,167
15,69,128
15,70,153
15,71,225
15,72,230
15,73,184
15,74,154
15,75,144
15,76,159
15,77,188
15,78,154
15,79,145
15,80,155
15,81,147
15,82,139
15,83,149
15,84,137
15,85,132
15,86,149
15,87,151
15,88,166
15,89,140
15,90,148
15,91,145
15,92,169
15,93,148
15,94,138
15,95,151
15,96,136
15,97,170
15,98,137
15,99,149
15,100,156
15,101,142
15,102,137
15,103,170
15,104,148
15,105,142
15,106,129
15,107,140
15,108,142
15,109,138
15,110,134
15,111,143
15,112,140
15,113,133
15,114,161
15,115,151
15,116,135
15,117,131
15,118,135
15,119,145
15,120,137
15,121,129
15,122,139
15,123,123
15,124,161
15,125,124
15,126,144
15,127,130
15,128,150
15,129,112
15,130,113
15,131,109
15,132,107
15,133,114
15,134,92
15,135,132
15,136,78
15,137,109
15,138,104
15,139,123
15,140,98
15,141,110
15,142,88
15,143,713
15,144,224
15,145,134
15,146,94
15,147,118
15,148,132
15,149,116
15,150,111
15,151,118
15,152,110
15,153,129
15,154,106
15,155,141
15,156,119
15,157,135
15,158,126
15,159,137
15,160,145
15,161,133
15,162,124
15,163,147
15,164,122
15,165,128
15,166,125
15,167,129
15,168,125
15,169,134
15,170,146
15,171,147
15,172,128
15,173,139
15,174,139
15,175,136
15,176,127
15,177,145
15,178,134
15,179,864
15,180,128
15,181,152
15,182,128
15,183,163
15,184,141
15,185,166
15,186,119
15,187,146
15,188,136
15,189,161
15,190,121
15,191,161
15,192,125
15,193,156
15,194,119
15,195,160
15,196,124
15,197,168
15,198,147
15,199,151
15,200,134
15,201,164
15,202,135
15,203,157
15,204,121
15,205,172
15,206,127
15,207,171
15,208,127
15,209,171
15,210,697
15,211,196
15,212,121
15,213,218
15,214,139
15,215,210
15,216,113
15,217,182
15,218,132
15,219,193
15,220,134
15,221,523
15,222,125
15,223,197
15,224,124
15,225,310
15,226,124
15,227,215
15,228,118
15,229,208
15,230,133
15,231,192
15,232,125
15,233,206
15,234,130
15,235,1414
15,236,142
15,237,215
15,238,173
15,239,211
15,240,146
15,241,214
15,242,154
15,243,221
15,244,157
15,245,301
15,246,197
15,247,291
15,248,166
15,249,242
15,250,174
15,251,240
15,252,190
15,253,236
15,254,217
15,255,225
15,256,175
16,1,157
16,2,197
16,3,166
16,4,186
16,5,158
16,6,218
16,7,177
16,8,271
16,9,316
16,10,199
16,11,177
16,12,199
16,13,189
16,14,205
16,15,176
16,16,205
16,17,164
16,18,199
16,19,166
16,20,208
16,21,155
16,22,197
16,23,1014
16,24,198
16,25,167
16,26,199
16,27,182
16,28,388
16,29,173
16,30,221
16,31,173
16,32,207
16,33,164
16,34,218
16,35,194
16,36,195
16,37,182
16,38,248
16,39,168
16,40,218
16,41,170
16,42,209
16,43,171
16,44,194
16,45,169
16,46,171
16,47,136
16,48,160
16,49,163
16,50,158
16,51,230
16,52,167
16,53,152
16,54,154
16,55,136
16,56,154
16,57,134
16,58,152
16,59,192
16,60,155
16,61,153
16,62,157
16,63,129
16,64,177
16,65,133
16,66,147
16,67,145
16,68,167
16,69,128
16,70,153
16,71,225
16,72,230
16,73,184
16,74,154
16,75,144
16,76,159
16,77,188
16,78,154
16,79,145
16,80,155
16,81,147
16,82,139
16,83,149
16,84,137
16,85,132
16,86,149
16,87,151
16,88,166
16,89,140
16,90,148
16,91,145
16,92,169
16,93,148
16,94,138
16,95,151
16,96,136
16,97,170
16,98,137
16,99,149
16,100,156
16,101,142
16,102,137
16,103,170
16,104,148
16,105,142
16,106,129
16,107,140
16,108,142
16,109,138
16,110,134
16,111,143
16,112,140
16,113,133
16,114,161
16,115,151
16,116,135
16,117,131
16,118,135
16,119,145
16,120,137
16,121,129
16,122,139
16,123,123
16,124,161
16,125,124
16,126,144
16,127,130
16,128,150
16,129,112
16,130,113
16,131,109
16,132,107
16,133,114
16,134,92
16,135,132
16,136,78
16,137,109
16,138,104
16,139,123
16,140,98
16,141,110
16,142,88
16,143,713
16,144,224
16,145,134
16,146,94
16,147,118
16,148,132
16,149,116
16,150,111
16,151,118
16,152,110
16,153,129
16,154,106
16,155,141
16,156,119
16,157,135
16,158,126
16,159,137
16,160,145
16,161,133
16,162,124
16,163,147
16,164,122
16,165,128
16,166,125
16,167,129
16,168,125
16,169,134
16,170,146
16,171,147
16,172,128
16,173,139
16,174,139
16,175,136
16,176,127
16,177,145
16,178,134
16,179,864
16,180,128
16,181,152
16,182,128
16,183,163
16,184,141
16,185,166
16,186,119
16,187,146
16,188,136
16,189,161
16,190,121
16,191,161
16,192,125
16,193,156
16,194,119
16,195,160
16,196,124
16,197,168
16,198,147
16,199,151
16,200,134
16,201,164
16,202,135
16,203,157
16,204,121
16,205,172
16,206,127
16,207,171
16,208,127
16,209,171
16,210,697
16,211,196
16,212,121
16,213,218
16,214,139
16,215,210
16,216,113
16,217,182
16,218,132
16,219,193
16,220,134
16,221,523
16,222,125
16,223,197
16,224,124
16,225,310
16,226,124
16,227,215
16,228,118
16,229,208
16,230,133
16,231,192
16,232,125
16,233,206
16,234,130
16,235,1414
16,236,142
16,237,215
16,238,173
16,239,211
16,240,146
16,241,214
16,242,154
16,243,221
16,244,157
16,245,301
16,246,197
16,247,291
16,248,166
16,249,242
16,250,174
16,251,240
16,252,190
16,253,236
16,254,217
16,255,225
16,256,175
17,1,155
17,2,197
17,3,165
17,4,187
17,5,156
17,6,218
17,7,178
17,8,273
17,9,317
17,10,200
17,11,177
17,12,199
17,13,189
17,14,205
17,15,175
17,16,207
17,17,165
17,18,199
17,19,166
17,20,208
17,21,155
17,22,196
17,23,969
17,24,199
17,25,167
17,26,199
17,27,180
17,28,396
17,29,173
17,30,221
17,31,173
17,32,208
17,33,164
17,34,217
17,35,195
17,36,194
17,37,182
17,38,248
17,39,168
17,40,217
17,41,170
17,42,207
17,43,169
17,44,193
17,45,167
17,46,171
17,47,135
17,48,161
17,49,162
17,50,158
17,51,229
17,52,167
17,53,153
17,54,155
17,55,136
17,56,155
17,57,133
17,58,151
17,59,190
17,60,154
17,61,152
17,62,157
17,63,128
17,64,177
17,65,134
17,66,147
17,67,145
17,68,166
17,69,125
17,70,154
17,71,224
17,72,230
17,73,184
17,74,155
17,75,143
17,76,159
17,77,187
17,78,154
17,79,143
17,80,155
17,81,147
17,82,140
17,83,148
17,84,138
17,85,133
17,86,149
17,87,152
17,88,166
17,89,140
17,90,147
17,91,145
17,92,169
17,93,149
17,94,138
17,95,150
17,96,135
17,97,167
17,98,137
17,99,147
17,100,156
17,101,142
17,102,137
17,103,171
17,104,149
17,105,142
17,106,129
17,107,140
17,108,142
17,109,138
17,110,134
17,111,142
17,112,139
17,113,134
17,114,162
17,115,152
17,116,133
17,117,131
17,118,137
17,119,144
17,120,137
17,121,128
17,122,139
17,123,123
17,124,162
17,125,125
17,126,145
17,127,131
17,128,149
17,129,111
17,130,113
17,131,110
17,132,106
17,133,113
17,134,93
17,135,130
17,136,78
17,137,108
17,138,104
17,139,122
17,140,98
17,141,109
17,142,88
17,143,716
17,144,224
17,145,133
17,146,96
17,147,117
17,148,133
17,149,117
17,150,113
17,151,118
17,152,110
17,153,130
17,154,106
17,155,140
17,156,118
17,157,135
17,158,125
17,159,137
17,160,144
17,161,132
17,162,122
17,163,145
17,164,122
17,165,127
17,166,125
17,167,128
17,168,125
17,169,133
17,170,145
17,171,148
17,172,127
17,173,140
17,174,138
17,175,135
17,176,128
17,177,144
17,178,133
17,179,861
17,180,129
17,181,152
17,182,128
17,183,165
17,184,141
17,185,165
17,186,120
17,187,145
17,188,137
17,189,160
17,190,121
17,191,161
17,192,125
17,193,155
17,194,118
17,195,161
17,196,124
17,197,166
17,198,146
17,199,152
17,200,135
17,201,164
17,202,134
17,203,157
17,204,121
17,205,169
17,206,127
17,207,170
17,208,126
17,209,173
17,210,701
17,211,195
17,212,123
17,213,215
17,214,139
17,215,211
17,216,113
17,217,180
17,218,131
17,219,193
17,220,134
17,221,521
17,222,125
17,223,195
17,224,124
17,225,309
17,226,124
17,227,215
17,228,118
17,229,207
17,230,134
17,231,192
17,232,126
17,233,206
17,234,129
17,235,1413
17,236,141
17,237,214
17,238,175
17,239,211
17,240,145
17,241,213
17,242,155
17,243,221
17,244,159
17,245,301
17,246,194
17,247,293
17,248,165
17,249,241
17,250,173
17,251,240
17,252,189
17,253,235
17,254,219
17,255,225
17,256,175
18,1,155
18,2,197
18,3,165
18,4,187
18,5,156
18,6,218
18,7,178
18,8,273
18,9,317
18,10,200
18,11,177
18,12,199
18,13,189
18,14,205
18,15,175
18,16,207
18,17,165
18,18,199
18,19,166
18,20,208
18,21,155
18,22,196
18,23,969
18,24,199
18,25,167
18,26,199
18,27,180
18,28,396
18,29,173
18,30,221
18,31,173
18,32,208
18,33,164
18,34,217
18,35,195
18,36,194
18,37,182
18,38,248
18,39,168
18,40,217
18,41,170
18,42,207
18,43,169
18,44,193
18,45,167
18,46,171
18,47,135
18,48,161
18,49,162
18,50,158
18,51,229
18,52,167
18,53,153
18,54,155
18,55,136
18,56,155
18,57,133
18,58,151
18,59,190
18,60,154
18,61,152
18,62,157
18,63,128
18,64,177
18,65,134
18,66,147
18,67,145
18,68,166
18,69,125
18,70,154
18,71,224
18,72,230
18,73,184
18,74,155
18,75,143
18,76,159
18,77,187
18,78,154
18,79,143
18,80,155
18,81,147
18,82,140
18,83,148
18,84,138
18,85,133
18,86,149
18,87,152
18,88,166
18,89,140
18,90,147
18,91,145
18,92,169
18,93,149
18,94,138
18,95,150
18,96,135
18,97,167
18,98,137
18,99,147
18,100,156
18,101,142
18,102,137
18,103,171
18,104,149
18,105,142
18,106,129
18,107,140
18,108,142
18,109,138
18,110,134
18,111,142
18,112,139
18,113,134
18,114,162
18,115,152
18,116,133
18,117,131
18,118,137
18,119,144
18,120,137
18,121,128
18,122,139
18,123,123
18,124,162
18,125,125
18,126,145
18,127,131
18,128,149
18,129,111
18,130,113
18,131,110
18,132,106
18,133,113
18,134,93
18,135,130
18,136,78
18,137,108
18,138,104
18,139,122
18,140,98
18,141,109
18,142,88
18,143,716
18,144,224
18,145,133
18,146,96
18,147,117
18,148,133
18,149,117
18,150,113
18,151,118
18,152,110
18,153,130
18,154,106
18,155,140
18,156,118
18,157,135
18,158,125
18,159,137
18,160,144
18,161,132
18,162,122
18,163,145
18,164,122
18,165,127
18,166,125
18,167,128
18,168,125
18,169,133
18,170,145
18,171,148
18,172,127
18,173,140
18,174,138
18,175,135
18,176,128
18,177,144
18,178,133
18,179,861
18,180,129
18,181,152
18,182,128
18,183,165
18,184,141
18,185,165
18,186,120
18,187,145
18,188,137
18,189,160
18,190,121
18,191,161
18,192,125
18,193,155
18,194,118
18,195,161
18,196,124
18,197,166
18,198,146
18,199,152
18,200,135
18,201,164
18,202,134
18,203,157
18,204,121
18,205,169
18,206,127
18,207,170
18,208,126
18,209,173
18,210,701
18,211,195
18,212,123
18,213,215
18,214,139
18,215,211
18,216,113
18,217,180
18,218,131
18,219,193
18,220,134
18,221,521
18,222,125
18,223,195
18,224,124
18,225,309
18,226,124
18,227,215
18,228,118
18,229,207
18,230,134
18,231,192
18,232,126
18,233,206
18,234,129
18,235,1413
18,236,141
18,237,214
18,238,175
18,239,211
18,240,145
18,241,213
18,242,155
18,243,221
18,244,159
18,245,301
18,246,194
18,247,293
18,248,165
18,249,241
18,250,173
18,251,240
18,252,189
18,253,235
18,254,219
18,255,225
18,256,175
19,1,157
19,2,197
19,3,166
19,4,186
19,5,157
19,6,218
19,7,177
19,8,273
19,9,323
19,10,199
19,11,175
19,12,200
19,13,190
19,14,206
19,15,175
19,16,205
19,17,164
19,18,198
19,19,166
19,20,208
19,21,156
19,22,197
19,23,994
19,24,199
19,25,166
19,26,200
19,27,179
19,28,388
19,29,173
19,30,221
19,31,173
19,32,209
19,33,164
19,34,216
19,35,196
19,36,194
19,37,181
19,38,247
19,39,168
19,40,217
19,41,169
19,42,208
19,43,169
19,44,193
19,45,167
19,46,171
19,47,136
19,48,161
19,49,163
19,50,158
19,51,228
19,52,167
19,53,153
19,54,155
19,55,135
19,56,155
19,57,132
19,58,151
19,59,192
19,60,154
19,61,152
19,62,157
19,63,129
19,64,177
19,65,133
19,66,147
19,67,145
19,68,167
19,69,125
19,70,153
19,71,224
19,72,229
19,73,185
19,74,154
19,75,142
19,76,159
19,77,188
19,78,154
19,79,144
19,80,154
19,81,146
19,82,139
19,83,148
19,84,137
19,85,133
19,86,149
19,87,152
19,88,167
19,89,140
19,90,148
19,91,146
19,92,170
19,93,149
19,94,139
19,95,150
19,96,136
19,97,172
19,98,137
19,99,148
19,100,155
19,101,141
19,102,137
19,103,169
19,104,147
19,105,141
19,106,128
19,107,140
19,108,141
19,109,138
19,110,134
19,111,142
19,112,140
19,113,134
19,114,162
19,115,152
19,116,133
19,117,132
19,118,137
19,119,145
19,120,137
19,121,129
19,122,139
19,123,123
19,124,160
19,125,124
19,126,145
19,127,130
19,128,149
19,129,112
19,130,113
19,131,109
19,132,106
19,133,113
19,134,93
19,135,131
19,136,77
19,137,109
19,138,105
19,139,122
19,140,98
19,141,110
19,142,87
19,143,714
19,144,224
19,145,133
19,146,96
19,147,117
19,148,131
19,149,118
19,150,113
19,151,117
19,152,109
19,153,128
19,154,105
19,155,141
19,156,119
19,157,135
19,158,126
19,159,136
19,160,144
19,161,133
19,162,122
19,163,145
19,164,123
19,165,128
19,166,126
19,167,128
19,168,124
19,169,133
19,170,146
19,171,147
19,172,128
19,173,139
19,174,138
19,175,135
19,176,127
19,177,144
19,178,133
19,179,865
19,180,128
19,181,152
19,182,128
19,183,165
19,184,141
19,185,164
19,186,119
19,187,144
19,188,136
19,189,160
19,190,120
19,191,162
19,192,126
19,193,156
19,194,118
19,195,160
19,196,124
19,197,166
19,198,148
19,199,151
19,200,135
19,201,163
19,202,133
19,203,156
19,204,120
19,205,170
19,206,128
19,207,169
19,208,126
19,209,172
19,210,700
19,211,195
19,212,123
19,213,217
19,214,139
19,215,210
19,216,112
19,217,180
19,218,131
19,219,193
19,220,134
19,221,527
19,222,125
19,223,197
19,224,125
19,225,308
19,226,124
19,227,217
19,228,118
19,229,207
19,230,133
19,231,193
19,232,125
19,233,205
19,234,129
19,235,1409
19,236,140
19,237,214
19,238,174
19,239,211
19,240,145
19,241,213
19,242,154
19,243,221
19,244,158
19,245,302
19,246,206
19,247,294
19,248,165
19,249,241
19,250,174
19,251,240
19,252,190
19,253,237
19,254,215
19,255,226
19,256,174
20,1,157
20,2,197
20,3,166
20,4,186
20,5,157
20,6,218
20,7,177
20,8,273
20,9,323
20,10,199
20,11,175
20,12,200
20,13,190
20,14,206
20,15,175
20,16,205
20,17,164
20,18,198
20,19,166
20,20,208
20,21,156
20,22,197
20,23,994
20,24,199
20,25,166
20,26,200
20,27,179
20,28,388
20,29,173
20,30,221
20,31,173
20,32,209
20,33,164
20,34,216
20,35,196
20,36,194
20,37,181
20,38,247
20,39,168
20,40,217
20,41,169
20,42,208
20,43,169
20,44,193
20,45,167
20,46,171
20,47,136
20,48,161
20,49,163
20,50,158
20,51,228
20,52,167
20,53,153
20,54,155
20,55,135
20,56,155
20,57,132
20,58,151
20,59,192
20,60,154
20,61,152
20,62,157
20,63,129
20,64,177
20,65,133
20,66,147
20,67,145
20,68,167
20,69,125
20,70,153
20,71,224
20,72,229
20,73,185
20,74,154
20,75,142
20,76,159
20,77,188
20,78,154
20,79,144
20,80,154
20,81,146
20,82,139
20,83,148
20,84,137
20,85,133
20,86,149
20,87,152
20,88,167
20,89,140
20,90,148
20,91,146
20,92,170
20,93,149
20,94,139
20,95,150
20,96,136
20,97,172
20,98,137
20,99,148
20,100,155
20,101,141
20,102,137
20,103,169
20,104,147
20,105,141
20,106,128
20,107,140
20,108,141
20,109,138
20,110,134
20,111,142
20,112,140
20,113,134
20,114,162
20,115,152
20,116,133
20,117,132
20,118,137
20,119,145
20,120,137
20,121,129
20,122,139
20,123,123
20,124,160
20,125,124
20,126,145
20,127,130
20,128,149
20,129,112
20,130,113
20,131,109
20,132,106
20,133,113
20,134,93
20,135,131
20,136,77
20,137,109
20,138,105
20,139,122
20,140,98
20,141,110
20,142,87
20,143,714
20,144,224
20,145,133
20,146,96
20,147,117
20,148,131
20,149,118
20,150,113
20,151,117
20,152,109
20,153,128
20,154,105
20,155,141
20,156,119
20,157,135
20,158,126
20,159,136
20,160,144
20,161,133
20,162,122
20,163,145
20,164,123
20,165,128
20,166,126
20,167,128
20,168,124
20,169,133
20,170,146
20,171,147
20,172,128
20,173,139
20,174,138
20,175,135
20,176,127
20,177,144
20,178,133
20,179,865
20,180,128
20,181,152
20,182,128
20,183,165
20,184,141
20,185,164
20,186,119
20,187,144
20,188,136
20,189,160
20,190,120
20,191,162
20,192,126
20,193,156
20,194,118
20,195,160
20,196,124
20,197,166
20,198,148
20,199,151
20,200,135
20,201,163
20,202,133
20,203,156
20,204,120
20,205,170
20,206,128
20,207,169
20,208,126
20,209,172
20,210,700
20,211,195
20,212,123
20,213,217
20,214,139
20,215,210
20,216,112
20,217,180
20,218,131
20,219,193
20,220,134
20,221,527
20,222,125
20,223,197
20,224,125
20,225,308
20,226,124
20,227,217
20,228,118
20,229,207
20,230,133
20,231,193
20,232,125
20,233,205
20,234,129
20,235,1409
20,236,140
20,237,214
20,238,174
20,239,211
20,240,145
20,241,213
20,242,154
20,243,221
20,244,158
20,245,302
20,246,206
20,247,294
20,248,165
20,249,241
20,250,174
20,251,240
20,252,190
20,253,237
20,254,215
20,255,226
20,256,174
21,1,155
21,2,195
21,3,166
21,4,186
21,5,158
21,6,218
21,7,178
21,8,271
21,9,319
21,10,199
21,11,177
21,12,197
21,13,190
21,14,204
21,15,176
21,16,206
21,17,164
21,18,199
21,19,167
21,20,208
21,21,155
21,22,197
21,23,1011
21,24,198
21,25,168
21,26,199
21,27,182
21,28,388
21,29,173
21,30,221
21,31,173
21,32,206
21,33,164
21,34,216
21,35,195
21,36,194
21,37,182
21,38,247
21,39,168
21,40,216
21,41,169
21,42,207
21,43,169
21,44,193
21,45,168
21,46,170
21,47,138
21,48,162
21,49,164
21,50,157
21,51,229
21,52,167
21,53,153
21,54,154
21,55,135
21,56,154
21,57,134
21,58,151
21,59,191
21,60,154
21,61,152
21,62,157
21,63,130
21,64,176
21,65,133
21,66,146
21,67,145
21,68,166
21,69,126
21,70,152
21,71,224
21,72,226
21,73,185
21,74,153
21,75,142
21,76,159
21,77,189
21,78,153
21,79,144
21,80,154
21,81,147
21,82,139
21,83,149
21,84,137
21,85,133
21,86,149
21,87,152
21,88,165
21,89,140
21,90,147
21,91,146
21,92,169
21,93,150
21,94,138
21,95,151
21,96,135
21,97,169
21,98,137
21,99,148
21,100,154
21,101,143
21,102,137
21,103,170
21,104,148
21,105,142
21,106,130
21,107,140
21,108,141
21,109,138
21,110,134
21,111,143
21,112,139
21,113,133
21,114,161
21,115,153
21,116,132
21,117,131
21,118,135
21,119,145
21,120,137
21,121,130
21,122,139
21,123,123
21,124,160
21,125,124
21,126,144
21,127,132
21,128,148
21,129,111
21,130,114
21,131,110
21,132,106
21,133,114
21,134,92
21,135,129
21,136,77
21,137,110
21,138,103
21,139,124
21,140,98
21,141,110
21,142,88
21,143,714
21,144,223
21,145,134
21,146,96
21,147,117
21,148,134
21,149,118
21,150,111
21,151,117
21,152,109
21,153,129
21,154,105
21,155,141
21,156,119
21,157,135
21,158,125
21,159,137
21,160,144
21,161,133
21,162,122
21,163,146
21,164,122
21,165,129
21,166,125
21,167,129
21,168,125
21,169,135
21,170,145
21,171,147
21,172,127
21,173,139
21,174,137
21,175,137
21,176,127
21,177,145
21,178,131
21,179,863
21,180,127
21,181,153
21,182,127
21,183,164
21,184,139
21,185,166
21,186,119
21,187,146
21,188,136
21,189,162
21,190,120
21,191,163
21,192,125
21,193,157
21,194,117
21,195,161
21,196,123
21,197,167
21,198,148
21,199,161
21,200,171
21,201,164
21,202,134
21,203,157
21,204,121
21,205,170
21,206,128
21,207,171
21,208,126
21,209,173
21,210,697
21,211,194
21,212,122
21,213,215
21,214,138
21,215,212
21,216,112
21,217,181
21,218,131
21,219,194
21,220,134
21,221,543
21,222,125
21,223,197
21,224,123
21,225,308
21,226,124
21,227,219
21,228,117
21,229,207
21,230,133
21,231,193
21,232,125
21,233,206
21,234,129
21,235,1417
21,236,141
21,237,215
21,238,173
21,239,212
21,240,145
21,241,214
21,242,154
21,243,222
21,244,158
21,245,301
21,246,190
21,247,293
21,248,164
21,249,240
21,250,173
21,251,241
21,252,189
21,253,237
21,254,215
21,255,225
21,256,175
22,1,155
22,2,195
22,3,166
22,4,186
22,5,158
22,6,218
22,7,178
22,8,271
22,9,319
22,10,199
22,11,177
22,12,197
22,13,190
22,14,204
22,15,176
22,16,206
22,17,164
22,18,199
22,19,167
22,20,208
22,21,155
22,22,197
22,23,1011
22,24,198
22,25,168
22,26,199
22,27,182
22,28,388
22,29,173
22,30,221
22,31,173
22,32,206
22,33,164
22,34,216
22,35,195
22,36,194
22,37,182
22,38,247
22,39,168
22,40,216
22,41,169
22,42,207
22,43,169
22,44,193
22,45,168
22,46,170
22,47,138
22,48,162
22,49,164
22,50,157
22,51,229
22,52,167
22,53,153
22,54,154
22,55,135
22,56,154
22,57,134
22,58,151
22,59,191
22,60,154
22,61,152
22,62,157
22,63,130
22,64,176
22,65,133
22,66,146
22,67,145
22,68,166
22,69,126
22,70,152
22,71,224
22,72,226
22,73,185
22,74,153
22,75,142
22,76,159
22,77,189
22,78,153
22,79,144
22,80,154
22,81,147
22,82,139
22,83,149
22,84,137
22,85,133
22,86,149
22,87,152
22,88,165
22,89,140
22,90,147
22,91,146
22,92,169
22,93,150
22,94,138
22,95,151
22,96,135
22,97,169
22,98,137
22,99,148
22,100,154
22,101,143
22,102,137
22,103,170
22,104,148
22,105,142
22,106,130
22,107,140
22,108,141
22,109,138
22,110,134
22,111,143
22,112,139
22,113,133
22,114,161
22,115,153
22,116,132
22,117,131
22,118,135
22,119,145
22,120,137
22,121,130
22,122,139
22,123,123
22,124,160
22,125,124
22,126,144
22,127,132
22,128,148
22,129,111
22,130,114
22,131,110
22,132,106
22,133,114
22,134,92
22,135,129
22,136,77
22,137,110
22,138,103
22,139,124
22,140,98
22,141,110
22,142,88
22,143,714
22,144,223
22,145,134
22,146,96
22,147,117
22,148,134
22,149,118
22,150,111
22,151,117
22,152,109
22,153,129
22,154,105
22,155,141
22,156,119
22,157,135
22,158,125
22,159,137
22,160,144
22,161,133
22,162,122
22,163,146
22,164,122
22,165,129
22,166,125
22,167,129
22,168,125
22,169,135
22,170,145
22,171,147
22,172,127
22,173,139
22,174,137
22,175,137
22,176,127
22,177,145
22,178,131
22,179,863
22,180,127
22,181,153
22,182,127
22,183,164
22,184,139
22,185,166
22,186,119
22,187,146
22,188,136
22,189,162
22,190,120
22,191,163
22,192,125
22,193,157
22,194,117
22,195,161
22,196,123
22,197,167
22,198,148
22,199,161
22,200,171
22,201,164
22,202,134
22,203,157
22,204,121
22,205,170
22,206,128
22,207,171
22,208,126
22,209,173
22,210,697
22,211,194
22,212,122
22,213,215
22,214,138
22,215,212
22,216,112
22,217,181
22,218,131
22,219,194
22,220,134
22,221,543
22,222,125
22,223,197
22,224,123
22,225,308
22,226,124
22,227,219
22,228,117
22,229,207
22,230,133
22,231,193
22,232,125
22,233,206
22,234,129
22,235,1417
22,236,141
22,237,215
22,238,173
22,239,212
22,240,145
22,241,214
22,242,154
22,243,222
22,244,158
22,245,301
22,246,190
22,247,293
22,248,164
22,249,240
22,250,173
22,251,241
22,252,189
22,253,237
22,254,215
22,255,225
22,256,175
23,1,157
23,2,197
23,3,166
23,4,187
23,5,156
23,6,218
23,7,178
23,8,270
23,9,321
23,10,200
23,11,176
23,12,199
23,13,190
23,14,206
23,15,174
23,16,206
23,17,165
23,18,197
23,19,166
23,20,209
23,21,156
23,22,197
23,23,966
23,24,198
23,25,167
23,26,199
23,27,181
23,28,389
23,29,173
23,30,221
23,31,173
23,32,209
23,33,164
23,34,216
23,35,194
23,36,194
23,37,182
23,38,248
23,39,168
23,40,216
23,41,169
23,42,207
23,43,169
23,44,193
23,45,168
23,46,171
23,47,136
23,48,161
23,49,161
23,50,159
23,51,230
23,52,166
23,53,153
23,54,156
23,55,135
23,56,156
23,57,134
23,58,152
23,59,191
23,60,154
23,61,154
23,62,158
23,63,128
23,64,177
23,65,133
23,66,147
23,67,144
23,68,169
23,69,129
23,70,153
23,71,224
23,72,228
23,73,184
23,74,154
23,75,142
23,76,160
23,77,188
23,78,154
23,79,143
23,80,154
23,81,147
23,82,139
23,83,148
23,84,137
23,85,132
23,86,149
23,87,152
23,88,165
23,89,140
23,90,148
23,91,145
23,92,168
23,93,148
23,94,139
23,95,150
23,96,136
23,97,168
23,98,136
23,99,148
23,100,155
23,101,142
23,102,136
23,103,168
23,104,148
23,105,142
23,106,129
23,107,140
23,108,140
23,109,137
23,110,134
23,111,143
23,112,140
23,113,134
23,114,160
23,115,152
23,116,134
23,117,131
23,118,136
23,119,144
23,120,136
23,121,129
23,122,141
23,123,123
23,124,161
23,125,124
23,126,143
23,127,129
23,128,149
23,129,112
23,130,113
23,131,108
23,132,106
23,133,113
23,134,93
23,135,131
23,136,78
23,137,109
23,138,104
23,139,123
23,140,98
23,141,110
23,142,88
23,143,715
23,144,223
23,145,134
23,146,96
23,147,117
23,148,133
23,149,117
23,150,111
23,151,117
23,152,109
23,153,128
23,154,106
23,155,141
23,156,118
23,157,136
23,158,126
23,159,136
23,160,143
23,161,133
23,162,123
23,163,147
23,164,122
23,165,129
23,166,125
23,167,128
23,168,125
23,169,133
23,170,145
23,171,147
23,172,128
23,173,139
23,174,138
23,175,136
23,176,126
23,177,145
23,178,133
23,179,859
23,180,127
23,181,153
23,182,127
23,183,166
23,184,140
23,185,164
23,186,119
23,187,145
23,188,137
23,189,161
23,190,121
23,191,162
23,192,126
23,193,157
23,194,119
23,195,160
23,196,123
23,197,167
23,198,149
23,199,151
23,200,135
23,201,164
23,202,135
23,203,158
23,204,120
23,205,169
23,206,128
23,207,170
23,208,127
23,209,171
23,210,699
23,211,195
23,212,122
23,213,216
23,214,139
23,215,211
23,216,113
23,217,180
23,218,131
23,219,194
23,220,134
23,221,524
23,222,125
23,223,198
23,224,124
23,225,306
23,226,123
23,227,217
23,228,118
23,229,208
23,230,132
23,231,193
23,232,126
23,233,206
23,234,130
23,235,1414
23,236,140
23,237,214
23,238,175
23,239,212
23,240,146
23,241,213
23,242,155
23,243,222
23,244,159
23,245,300
23,246,192
23,247,292
23,248,165
23,249,242
23,250,174
23,251,240
23,252,190
23,253,237
23,254,219
23,255,225
23,256,175
24,1,157
24,2,197
24,3,166
24,4,187
24,5,156
24,6,218
24,7,178
24,8,270
24,9,321
24,10,200
24,11,176
24,12,199
24,13,190
24,14,206
24,15,174
24,16,206
24,17,165
24,18,197
24,19,166
24,20,209
24,21,156
24,22,197
24,23,966
24,24,198
24,25,167
24,26,199
24,27,181
24,28,389
24,29,173
24,30,221
24,31,173
24,32,209
24,33,164
24,34,216
24,35,194
24,36,194
24,37,182
24,38,248
24,39,168
24,40,216
24,41,169
24,42,207
24,43,169
24,44,193
24,45,168
24,46,171
24,47,136
24,48,161
24,49,161
24,50,159
24,51,230
24,52,166
24,53,153
24,54,156
24,55,135
24,56,156
24,57,134
24,58,152
24,59,191
24,60,154
24,61,154
24,62,158
24,63,128
24,64,177
24,65,133
24,66,147
24,67,144
24,68,169
24,69,129
24,70,153
24,71,224
24,72,228
24,73,184
24,74,154
24,75,142
24,76,160
24,77,188
24,78,154
24,79,143
24,80,154
24,81,147
24,82,139
24,83,148
24,84,137
24,85,132
24,86,149
24,87,152
24,88,165
24,89,140
24,90,148
24,91,145
24,92,168
24,93,148
24,94,139
24,95,150
24,96,136
24,97,168
24,98,136
24,99,148
24,100,155
24,101,142
24,102,136
24,103,168
24,104,148
24,105,142
24,106,129
24,107,140
24,108,140
24,109,137
24,110,134
24,111,143
24,112,140
24,113,134
24,114,160
24,115,152
24,116,134
24,117,131
24,118,136
24,119,144
24,120,136
24,121,129
24,122,141
24,123,123
24,124,161
24,125,124
24,126,143
24,127,129
24,128,149
24,129,112
24,130,113
24,131,108
24,132,106
24,133,113
24,134,93
24,135,131
24,136,78
24,137,109
24,138,104
24,139,123
24,140,98
24,141,110
24,142,88
24,143,715
24,144,223
24,145,134
24,146,96
24,147,117
24,148,133
24,149,117
24,150,111
24,151,117
24,152,109
24,153,128
24,154,106
24,155,141
24,156,118
24,157,136
24,158,126
24,159,136
24,160,143
24,161,133
24,162,123
24,163,147
24,164,122
24,165,129
24,166,125
24,167,128
24,168,125
24,169,133
24,170,145
24,171,147
24,172,128
24,173,139
24,174,138
24,175,136
24,176,126
24,177,145
24,178,133
24,179,859
24,180,127
24,181,153
24,182,127
24,183,166
24,184,140
24,185,164
24,186,119
24,187,145
24,188,137
24,189,161
24,190,121
24,191,162
24,192,126
24,193,157
24,194,119
24,195,160
24,196,123
24,197,167
24,198,149
24,199,151
24,200,135
24,201,164
24,202,135
24,203,158
24,204,120
24,205,169
24,206,128
24,207,170
24,208,127
24,209,171
24,210,699
24,211,195
24,212,122
24,213,216
24,214,139
24,215,211
24,216,113
24,217,180
24,218,131
24,219,194
24,220,134
24,221,524
24,222,125
24,223,198
24,224,124
24,225,306
24,226,123
24,227,217
24,228,118
24,229,208
24,230,132
24,231,193
24,232,126
24,233,206
24,234,130
24,235,1414
24,236,140
24,237,214
24,238,175
24,239,212
24,240,146
24,241,213
24,242,155
24,243,222
24,244,159
24,245,300
24,246,192
24,247,292
24,248,165
24,249,242
24,250,174
24,251,240
24,252,190
24,253,237
24,254,219
24,255,225
24,256,175
25,1,156
25,2,196
25,3,165
25,4,186
25,5,157
25,6,220
25,7,177
25,8,270
25,9,325
25,10,199
25,11,177
25,12,200
25,13,189
25,14,205
25,15,177
25,16,207
25,17,164
25,18,199
25,19,167
25,20,209
25,21,155
25,22,195
25,23,969
25,24,198
25,25,167
25,26,200
25,27,180
25,28,388
25,29,172
25,30,221
25,31,174
25,32,208
25,33,163
25,34,218
25,35,195
25,36,194
25,37,182
25,38,249
25,39,167
25,40,215
25,41,169
25,42,208
25,43,170
25,44,193
25,45,168
25,46,170
25,47,136
25,48,161
25,49,162
25,50,158
25,51,227
25,52,167
25,53,153
25,54,154
25,55,136
25,56,154
25,57,133
25,58,151
25,59,191
25,60,155
25,61,153
25,62,158
25,63,128
25,64,176
25,65,133
25,66,148
25,67,146
25,68,166
25,69,126
25,70,153
25,71,226
25,72,233
25,73,185
25,74,154
25,75,141
25,76,161
25,77,188
25,78,155
25,79,143
25,80,154
25,81,147
25,82,140
25,83,148
25,84,137
25,85,132
25,86,150
25,87,153
25,88,166
25,89,141
25,90,148
25,91,146
25,92,170
25,93,148
25,94,139
25,95,150
25,96,136
25,97,167
25,98,136
25,99,148
25,100,155
25,101,143
25,102,137
25,103,169
25,104,149
25,105,142
25,106,128
25,107,140
25,108,142
25,109,138
25,110,134
25,111,142
25,112,140
25,113,134
25,114,161
25,115,152
25,116,134
25,117,131
25,118,137
25,119,145
25,120,137
25,121,128
25,122,139
25,123,122
25,124,161
25,125,125
25,126,145
25,127,130
25,128,148
25,129,111
25,130,113
25,131,109
25,132,107
25,133,113
25,134,92
25,135,132
25,136,77
25,137,109
25,138,105
25,139,123
25,140,98
25,141,110
25,142,88
25,143,715
25,144,225
25,145,135
25,146,96
25,147,117
25,148,131
25,149,117
25,150,113
25,151,117
25,152,109
25,153,129
25,154,105
25,155,142
25,156,118
25,157,135
25,158,126
25,159,138
25,160,144
25,161,132
25,162,122
25,163,146
25,164,123
25,165,127
25,166,125
25,167,129
25,168,125
25,169,135
25,170,147
25,171,147
25,172,127
25,173,139
25,174,138
25,175,135
25,176,127
25,177,144
25,178,134
25,179,862
25,180,129
25,181,153
25,182,128
25,183,166
25,184,141
25,185,165
25,186,119
25,187,145
25,188,138
25,189,161
25,190,120
25,191,167
25,192,126
25,193,156
25,194,118
25,195,160
25,196,124
25,197,166
25,198,146
25,199,151
25,200,135
25,201,164
25,202,135
25,203,158
25,204,121
25,205,171
25,206,128
25,207,170
25,208,126
25,209,172
25,210,700
25,211,194
25,212,122
25,213,216
25,214,139
25,215,211
25,216,218
25,217,201
25,218,141
25,219,194
25,220,134
25,221,531
25,222,125
25,223,197
25,224,125
25,225,306
25,226,124
25,227,217
25,228,117
25,229,207
25,230,134
25,231,193
25,232,126
25,233,206
25,234,130
25,235,1413
25,236,141
25,237,214
25,238,174
25,239,211
25,240,145
25,241,214
25,242,154
25,243,222
25,244,159
25,245,301
25,246,190
25,247,291
25,248,167
25,249,243
25,250,174
25,251,241
25,252,190
25,253,236
25,254,215
25,255,226
25,256,174
26,1,156
26,2,196
26,3,165
26,4,186
26,5,157
26,6,220
26,7,177
26,8,270
26,9,325
26,10,199
26,11,177
26,12,200
26,13,189
26,14,205
26,15,177
26,16,207
26,17,164
26,18,199
26,19,167
26,20,209
26,21,155
26,22,195
26,23,969
26,24,198
26,25,167
26,26,200
26,27,180
26,28,388
26,29,172
26,30,221
26,31,174
26,32,208
26,33,163
26,34,218
26,35,195
26,36,194
26,37,182
26,38,249
26,39,167
26,40,215
26,41,169
26,42,208
26,43,170
26,44,193
26,45,168
26,46,170
26,47,136
26,48,161
26,49,162
26,50,158
26,51,227
26,52,167
26,53,153
26,54,154
26,55,136
26,56,154
26,57,133
26,58,151
26,59,191
26,60,155
26,61,153
26,62,158
26,63,128
26,64,176
26,65,133
26,66,148
26,67,146
26,68,166
26,69,126
26,70,153
26,71,226
26,72,233
26,73,185
26,74,154
26,75,141
26,76,161
26,77,188
26,78,155
26,79,143
26,80,154
26,81,147
26,82,140
26,83,148
26,84,137
26,85,132
26,86,150
26,87,153
26,88,166
26,89,141
26,90,148
26,91,146
26,92,170
26,93,148
26,94,139
26,95,150
26,96,136
26,97,167
26,98,136
26,99,148
26,100,155
26,101,143
26,102,137
26,103,169
26,104,149
26,105,142
26,106,128
26,107,140
26,108,142
26,109,138
26,110,134
26,111,142
26,112,140
26,113,134
26,114,161
26,115,152
26,116,134
26,117,131
26,118,137
26,119,145
26,120,137
26,121,128
26,122,139
26,123,122
26,124,161
26,125,125
26,126,145
26,127,130
26,128,148
26,129,111
26,130,113
26,131,109
26,132,107
26,133,113
26,134,92
26,135,132
26,136,77
26,137,109
26,138,105
26,139,123
26,140,98
26,141,110
26,142,88
26,143,715
26,144,225
26,145,135
26,146,96
26,147,117
26,148,131
26,149,117
26,150,113
26,151,117
26,152,109
26,153,129
26,154,105
26,155,142
26,156,118
26,157,135
26,158,126
26,159,138
26,160,144
26,161,132
26,162,122
26,163,146
26,164,123
26,165,127
26,166,125
26,167,129
26,168,125
26,169,135
26,170,147
26,171,147
26,172,127
26,173,139
26,174,138
26,175,135
26,176,127
26,177,144
26,178,134
26,179,862
26,180,129
26,181,153
26,182,128
26,183,166
26,184,141
26,185,165
26,186,119
26,187,145
26,188,138
26,189,161
26,190,120
26,191,167
26,192,126
26,193,156
26,194,118
26,195,160
26,196,124
26,197,166
26,198,146
26,199,151
26,200,135
26,201,164
26,202,135
26,203,158
26,204,121
26,205,171
26,206,128
26,207,170
26,208,126
26,209,172
26,210,700
26,211,194
26,212,122
26,213,216
26,214,139
26,215,211
26,216,218
26,217,201
26,218,141
26,219,194
26,220,134
26,221,531
26,222,125
26,223,197
26,224,125
26,225,306
26,226,124
26,227,217
26,228,117
26,229,207
26,230,134
26,231,193
26,232,126
26,233,206
26,234,130
26,235,1413
26,236,141
26,237,214
26,238,174
26,239,211
26,240,145
26,241,214
26,242,154
26,243,222
26,244,159
26,245,301
26,246,190
26,247,291
26,248,167
26,249,243
26,250,174
26,251,241
26,252,190
26,253,236
26,254,215
26,255,226
26,256,174
