Line,Band,Value
1,1,156
1,2,197
1,3,165
1,4,187
1,5,156
1,6,217
1,7,176
1,8,272
1,9,322
1,10,200
1,11,175
1,12,200
1,13,188
1,14,204
1,15,173
1,16,205
1,17,163
1,18,197
1,19,165
1,20,207
1,21,155
1,22,198
1,23,961
1,24,197
1,25,166
1,26,199
1,27,180
1,28,385
1,29,171
1,30,220
1,31,172
1,32,208
1,33,163
1,34,217
1,35,185
1,36,193
1,37,181
1,38,246
1,39,167
1,40,218
1,41,169
1,42,208
1,43,169
1,44,191
1,45,167
1,46,171
1,47,136
1,48,162
1,49,162
1,50,159
1,51,224
1,52,166
1,53,152
1,54,154
1,55,135
1,56,156
1,57,134
1,58,151
1,59,200
1,60,155
1,61,152
1,62,158
1,63,129
1,64,175
1,65,132
1,66,146
1,67,143
1,68,167
1,69,125
1,70,154
1,71,220
1,72,227
1,73,187
1,74,153
1,75,142
1,76,156
1,77,187
1,78,155
1,79,143
1,80,155
1,81,146
1,82,139
1,83,147
1,84,136
1,85,132
1,86,150
1,87,150
1,88,166
1,89,140
1,90,148
1,91,145
1,92,170
1,93,147
1,94,138
1,95,150
1,96,136
1,97,168
1,98,137
1,99,148
1,100,155
1,101,141
1,102,137
1,103,166
1,104,148
1,105,141
1,106,129
1,107,140
1,108,142
1,109,137
1,110,134
1,111,143
1,112,139
1,113,133
1,114,159
1,115,151
1,116,133
1,117,131
1,118,137
1,119,143
1,120,137
1,121,129
1,122,141
1,123,123
1,124,159
1,125,123
1,126,146
1,127,130
1,128,150
1,129,112
1,130,114
1,131,109
1,132,105
1,133,113
1,134,93
1,135,130
1,136,78
1,137,108
1,138,104
1,139,123
1,140,98
1,141,109
1,142,88
1,143,709
1,144,225
1,145,134
1,146,97
1,147,116
1,148,134
1,149,117
1,150,113
1,151,117
1,152,109
1,153,128
1,154,106
1,155,140
1,156,118
1,157,135
1,158,127
1,159,137
1,160,145
1,161,132
1,162,123
1,163,147
1,164,123
1,165,129
1,166,126
1,167,128
1,168,124
1,169,134
1,170,146
1,171,146
1,172,128
1,173,139
1,174,137
1,175,135
1,176,126
1,177,144
1,178,133
1,179,852
1,180,127
1,181,151
1,182,127
1,183,167
1,184,142
1,185,164
1,186,119
1,187,145
1,188,137
1,189,159
1,190,120
1,191,162
1,192,126
1,193,156
1,194,119
1,195,160
1,196,124
1,197,165
1,198,145
1,199,151
1,200,135
1,201,164
1,202,134
1,203,157
1,204,121
1,205,169
1,206,128
1,207,169
1,208,126
1,209,171
1,210,700
1,211,193
1,212,122
1,213,214
1,214,138
1,215,208
1,216,112
1,217,179
1,218,129
1,219,193
1,220,133
1,221,524
1,222,125
1,223,195
1,224,124
1,225,300
1,226,122
1,227,213
1,228,119
1,229,206
1,230,132
1,231,192
1,232,125
1,233,204
1,234,130
1,235,1389
1,236,139
1,237,212
1,238,172
1,239,211
1,240,145
1,241,212
1,242,156
1,243,220
1,244,158
1,245,298
1,246,194
1,247,294
1,248,163
1,249,238
1,250,172
1,251,237
1,252,188
1,253,234
1,254,218
1,255,224
1,256,173
2,1,156
2,2,197
2,3,165
2,4,187
2,5,156
2,6,217
2,7,176
2,8,272
2,9,322
2,10,200
2,11,175
2,12,200
2,13,188
2,14,204
2,15,173
2,16,205
2,17,163
2,18,197
2,19,165
2,20,207
2,21,155
2,22,198
2,23,961
2,24,197
2,25,166
2,26,199
2,27,180
2,28,385
2,29,171
2,30,220
2,31,172
2,32,208
2,33,163
2,34,217
2,35,185
2,36,193
2,37,181
2,38,246
2,39,167
2,40,218
2,41,169
2,42,208
2,43,169
2,44,191
2,45,167
2,46,171
2,47,136
2,48,162
2,49,162
2,50,159
2,51,224
2,52,166
2,53,152
2,54,154
2,55,135
2,56,156
2,57,134
2,58,151
2,59,200
2,60,155
2,61,152
2,62,158
2,63,129
2,64,175
2,65,132
2,66,146
2,67,143
2,68,167
2,69,125
2,70,154
2,71,220
2,72,227
2,73,187
2,74,153
2,75,142
2,76,156
2,77,187
2,78,155
2,79,143
2,80,155
2,81,146
2,82,139
2,83,147
2,84,136
2,85,132
2,86,150
2,87,150
2,88,166
2,89,140
2,90,148
2,91,145
2,92,170
2,93,147
2,94,138
2,95,150
2,96,136
2,97,168
2,98,137
2,99,148
2,100,155
2,101,141
2,102,137
2,103,166
2,104,148
2,105,141
2,106,129
2,107,140
2,108,142
2,109,137
2,110,134
2,111,143
2,112,139
2,113,133
2,114,159
2,115,151
2,116,133
2,117,131
2,118,137
2,119,143
2,120,137
2,121,129
2,122,141
2,123,123
2,124,159
2,125,123
2,126,146
2,127,130
2,128,150
2,129,112
2,130,114
2,131,109
2,132,105
2,133,113
2,134,93
2,135,130
2,136,78
2,137,108
2,138,104
2,139,123
2,140,98
2,141,109
2,142,88
2,143,709
2,144,225
2,145,134
2,146,97
2,147,116
2,148,134
2,149,117
2,150,113
2,151,117
2,152,109
2,153,128
2,154,106
2,155,140
2,156,118
2,157,135
2,158,127
2,159,137
2,160,145
2,161,132
2,162,123
2,163,147
2,164,123
2,165,129
2,166,126
2,167,128
2,168,124
2,169,134
2,170,146
2,171,146
2,172,128
2,173,139
2,174,137
2,175,135
2,176,126
2,177,144
2,178,133
2,179,852
2,180,127
2,181,151
2,182,127
2,183,167
2,184,142
2,185,164
2,186,119
2,187,145
2,188,137
2,189,159
2,190,120
2,191,162
2,192,126
2,193,156
2,194,119
2,195,160
2,196,124
2,197,165
2,198,145
2,199,151
2,200,135
2,201,164
2,202,134
2,203,157
2,204,121
2,205,169
2,206,128
2,207,169
2,208,126
2,209,171
2,210,700
2,211,193
2,212,122
2,213,214
2,214,138
2,215,208
2,216,112
2,217,179
2,218,129
2,219,193
2,220,133
2,221,524
2,222,125
2,223,195
2,224,124
2,225,300
2,226,122
2,227,213
2,228,119
2,229,206
2,230,132
2,231,192
2,232,125
2,233,204
2,234,130
2,235,1389
2,236,139
2,237,212
2,238,172
2,239,211
2,240,145
2,241,212
2,242,156
2,243,220
2,244,158
2,245,298
2,246,194
2,247,294
2,248,163
2,249,238
2,250,172
2,251,237
2,252,188
2,253,234
2,254,218
2,255,224
2,256,173
3,1,157
3,2,197
3,3,164
3,4,186
3,5,155
3,6,217
3,7,175
3,8,271
3,9,319
3,10,199
3,11,175
3,12,199
3,13,187
3,14,205
3,15,173
3,16,205
3,17,162
3,18,198
3,19,164
3,20,208
3,21,155
3,22,197
3,23,959
3,24,198
3,25,165
3,26,199
3,27,181
3,28,385
3,29,170
3,30,220
3,31,172
3,32,208
3,33,162
3,34,216
3,35,185
3,36,192
3,37,180
3,38,246
3,39,166
3,40,218
3,41,168
3,42,207
3,43,168
3,44,193
3,45,167
3,46,171
3,47,135
3,48,161
3,49,161
3,50,159
3,51,225
3,52,167
3,53,150
3,54,154
3,55,135
3,56,155
3,57,132
3,58,150
3,59,199
3,60,154
3,61,151
3,62,157
3,63,128
3,64,175
3,65,132
3,66,146
3,67,143
3,68,167
3,69,125
3,70,153
3,71,220
3,72,227
3,73,181
3,74,154
3,75,141
3,76,157
3,77,186
3,78,154
3,79,143
3,80,155
3,81,146
3,82,140
3,83,147
3,84,137
3,85,131
3,86,149
3,87,151
3,88,166
3,89,140
3,90,147
3,91,144
3,92,171
3,93,146
3,94,138
3,95,149
3,96,136
3,97,167
3,98,137
3,99,147
3,100,155
3,101,142
3,102,136
3,103,169
3,104,149
3,105,141
3,106,130
3,107,140
3,108,141
3,109,138
3,110,134
3,111,141
3,112,140
3,113,131
3,114,159
3,115,151
3,116,133
3,117,131
3,118,138
3,119,144
3,120,135
3,121,128
3,122,140
3,123,123
3,124,159
3,125,125
3,126,147
3,127,130
3,128,149
3,129,111
3,130,114
3,131,107
3,132,105
3,133,111
3,134,94
3,135,130
3,136,78
3,137,108
3,138,105
3,139,123
3,140,98
3,141,109
3,142,88
3,143,710
3,144,223
3,145,134
3,146,96
3,147,116
3,148,133
3,149,117
3,150,113
3,151,117
3,152,110
3,153,127
3,154,106
3,155,139
3,156,119
3,157,133
3,158,126
3,159,136
3,160,144
3,161,132
3,162,124
3,163,145
3,164,123
3,165,127
3,166,125
3,167,128
3,168,125
3,169,133
3,170,145
3,171,145
3,172,127
3,173,138
3,174,138
3,175,134
3,176,126
3,177,143
3,178,132
3,179,855
3,180,127
3,181,151
3,182,128
3,183,166
3,184,141
3,185,164
3,186,119
3,187,145
3,188,137
3,189,159
3,190,121
3,191,162
3,192,126
3,193,155
3,194,119
3,195,159
3,196,125
3,197,164
3,198,147
3,199,150
3,200,134
3,201,161
3,202,133
3,203,157
3,204,121
3,205,169
3,206,127
3,207,169
3,208,127
3,209,171
3,210,702
3,211,193
3,212,123
3,213,213
3,214,139
3,215,206
3,216,112
3,217,180
3,218,130
3,219,194
3,220,134
3,221,522
3,222,123
3,223,194
3,224,125
3,225,301
3,226,125
3,227,212
3,228,117
3,229,205
3,230,132
3,231,191
3,232,126
3,233,205
3,234,131
3,235,1386
3,236,139
3,237,212
3,238,173
3,239,210
3,240,146
3,241,211
3,242,157
3,243,220
3,244,158
3,245,299
3,246,193
3,247,292
3,248,164
3,249,239
3,250,173
3,251,238
3,252,186
3,253,234
3,254,214
3,255,223
3,256,174
4,1,157
4,2,197
4,3,164
4,4,186
4,5,155
4,6,217
4,7,175
4,8,271
4,9,319
4,10,199
4,11,175
4,12,199
4,13,187
4,14,205
4,15,173
4,16,205
4,17,162
4,18,198
4,19,164
4,20,208
4,21,155
4,22,197
4,23,959
4,24,198
4,25,165
4,26,199
4,27,181
4,28,385
4,29,170
4,30,220
4,31,172
4,32,208
4,33,162
4,34,216
4,35,185
4,36,192
4,37,180
4,38,246
4,39,166
4,40,218
4,41,168
4,42,207
4,43,168
4,44,193
4,45,167
4,46,171
4,47,135
4,48,161
4,49,161
4,50,159
4,51,225
4,52,167
4,53,150
4,54,154
4,55,135
4,56,155
4,57,132
4,58,150
4,59,199
4,60,154
4,61,151
4,62,157
4,63,128
4,64,175
4,65,132
4,66,146
4,67,143
4,68,167
4,69,125
4,70,153
4,71,220
4,72,227
4,73,181
4,74,154
4,75,141
4,76,157
4,77,186
4,78,154
4,79,143
4,80,155
4,81,146
4,82,140
4,83,147
4,84,137
4,85,131
4,86,149
4,87,151
4,88,166
4,89,140
4,90,147
4,91,144
4,92,171
4,93,146
4,94,138
4,95,149
4,96,136
4,97,167
4,98,137
4,99,147
4,100,155
4,101,142
4,102,136
4,103,169
4,104,149
4,105,141
4,106,130
4,107,140
4,108,141
4,109,138
4,110,134
4,111,141
4,112,140
4,113,131
4,114,159
4,115,151
4,116,133
4,117,131
4,118,138
4,119,144
4,120,135
4,121,128
4,122,140
4,123,123
4,124,159
4,125,125
4,126,147
4,127,130
4,128,149
4,129,111
4,130,114
4,131,107
4,132,105
4,133,111
4,134,94
4,135,130
4,136,78
4,137,108
4,138,105
4,139,123
4,140,98
4,141,109
4,142,88
4,143,710
4,144,223
4,145,134
4,146,96
4,147,116
4,148,133
4,149,117
4,150,113
4,151,117
4,152,110
4,153,127
4,154,106
4,155,139
4,156,119
4,157,133
4,158,126
4,159,136
4,160,144
4,161,132
4,162,124
4,163,145
4,164,123
4,165,127
4,166,125
4,167,128
4,168,125
4,169,133
4,170,145
4,171,145
4,172,127
4,173,138
4,174,138
4,175,134
4,176,126
4,177,143
4,178,132
4,179,855
4,180,127
4,181,151
4,182,128
4,183,166
4,184,141
4,185,164
4,186,119
4,187,145
4,188,137
4,189,159
4,190,121
4,191,162
4,192,126
4,193,155
4,194,119
4,195,159
4,196,125
4,197,164
4,198,147
4,199,150
4,200,134
4,201,161
4,202,133
4,203,157
4,204,121
4,205,169
4,206,127
4,207,169
4,208,127
4,209,171
4,210,702
4,211,193
4,212,123
4,213,213
4,214,139
4,215,206
4,216,112
4,217,180
4,218,130
4,219,194
4,220,134
4,221,522
4,222,123
4,223,194
4,224,125
4,225,301
4,226,125
4,227,212
4,228,117
4,229,205
4,230,132
4,231,191
4,232,126
4,233,205
4,234,131
4,235,1386
4,236,139
4,237,212
4,238,173
4,239,210
4,240,146
4,241,211
4,242,157
4,243,220
4,244,158
4,245,299
4,246,193
4,247,292
4,248,164
4,249,239
4,250,173
4,251,238
4,252,186
4,253,234
4,254,214
4,255,223
4,256,174
5,1,157
5,2,197
5,3,165
5,4,185
5,5,158
5,6,216
5,7,176
5,8,269
5,9,325
5,10,199
5,11,174
5,12,198
5,13,187
5,14,204
5,15,175
5,16,205
5,17,163
5,18,198
5,19,165
5,20,207
5,21,154
5,22,195
5,23,962
5,24,198
5,25,165
5,26,197
5,27,181
5,28,385
5,29,171
5,30,219
5,31,172
5,32,207
5,33,163
5,34,216
5,35,187
5,36,193
5,37,181
5,38,245
5,39,166
5,40,216
5,41,170
5,42,207
5,43,169
5,44,192
5,45,168
5,46,170
5,47,135
5,48,161
5,49,161
5,50,158
5,51,228
5,52,167
5,53,152
5,54,154
5,55,134
5,56,155
5,57,133
5,58,150
5,59,199
5,60,155
5,61,152
5,62,157
5,63,128
5,64,175
5,65,132
5,66,146
5,67,144
5,68,166
5,69,125
5,70,153
5,71,220
5,72,226
5,73,185
5,74,156
5,75,141
5,76,156
5,77,187
5,78,154
5,79,143
5,80,154
5,81,146
5,82,139
5,83,148
5,84,137
5,85,131
5,86,148
5,87,151
5,88,166
5,89,140
5,90,147
5,91,144
5,92,170
5,93,147
5,94,138
5,95,150
5,96,135
5,97,170
5,98,137
5,99,149
5,100,153
5,101,141
5,102,136
5,103,170
5,104,148
5,105,141
5,106,129
5,107,139
5,108,141
5,109,137
5,110,133
5,111,142
5,112,138
5,113,133
5,114,159
5,115,152
5,116,133
5,117,131
5,118,137
5,119,143
5,120,135
5,121,128
5,122,139
5,123,122
5,124,160
5,125,123
5,126,146
5,127,130
5,128,150
5,129,111
5,130,113
5,131,110
5,132,106
5,133,112
5,134,92
5,135,130
5,136,78
5,137,109
5,138,105
5,139,123
5,140,98
5,141,109
5,142,88
5,143,710
5,144,223
5,145,134
5,146,96
5,147,116
5,148,131
5,149,117
5,150,112
5,151,116
5,152,110
5,153,129
5,154,106
5,155,141
5,156,117
5,157,134
5,158,126
5,159,137
5,160,143
5,161,133
5,162,122
5,163,146
5,164,122
5,165,127
5,166,125
5,167,129
5,168,125
5,169,134
5,170,144
5,171,145
5,172,127
5,173,139
5,174,136
5,175,135
5,176,127
5,177,145
5,178,132
5,179,852
5,180,126
5,181,152
5,182,127
5,183,167
5,184,141
5,185,164
5,186,120
5,187,144
5,188,137
5,189,160
5,190,120
5,191,162
5,192,125
5,193,155
5,194,118
5,195,160
5,196,124
5,197,165
5,198,148
5,199,151
5,200,135
5,201,163
5,202,133
5,203,158
5,204,120
5,205,170
5,206,127
5,207,169
5,208,126
5,209,171
5,210,699
5,211,194
5,212,121
5,213,214
5,214,138
5,215,207
5,216,113
5,217,180
5,218,129
5,219,192
5,220,133
5,221,523
5,222,124
5,223,195
5,224,123
5,225,302
5,226,122
5,227,214
5,228,117
5,229,206
5,230,131
5,231,191
5,232,124
5,233,205
5,234,129
5,235,1386
5,236,138
5,237,213
5,238,173
5,239,211
5,240,143
5,241,212
5,242,155
5,243,221
5,244,157
5,245,298
5,246,189
5,247,293
5,248,163
5,249,237
5,250,172
5,251,239
5,252,187
5,253,234
5,254,216
5,255,223
5,256,173
6,1,157
6,2,197
6,3,165
6,4,185
6,5,158
6,6,216
6,7,176
6,8,269
6,9,325
6,10,199
6,11,174
6,12,198
6,13,187
6,14,204
6,15,175
6,16,205
6,17,163
6,18,198
6,19,165
6,20,207
6,21,154
6,22,195
6,23,962
6,24,198
6,25,165
6,26,197
6,27,181
6,28,385
6,29,171
6,30,219
6,31,172
6,32,207
6,33,163
6,34,216
6,35,187
6,36,193
6,37,181
6,38,245
6,39,166
6,40,216
6,41,170
6,42,207
6,43,169
6,44,192
6,45,168
6,46,170
6,47,135
6,48,161
6,49,161
6,50,158
6,51,228
6,52,167
6,53,152
6,54,154
6,55,134
6,56,155
6,57,133
6,58,150
6,59,199
6,60,155
6,61,152
6,62,157
6,63,128
6,64,175
6,65,132
6,66,146
6,67,144
6,68,166
6,69,125
6,70,153
6,71,220
6,72,226
6,73,185
6,74,156
6,75,141
6,76,156
6,77,187
6,78,154
6,79,143
6,80,154
6,81,146
6,82,139
6,83,148
6,84,137
6,85,131
6,86,148
6,87,151
6,88,166
6,89,140
6,90,147
6,91,144
6,92,170
6,93,147
6,94,138
6,95,150
6,96,135
6,97,170
6,98,137
6,99,149
6,100,153
6,101,141
6,102,136
6,103,170
6,104,148
6,105,141
6,106,129
6,107,139
6,108,141
6,109,137
6,110,133
6,111,142
6,112,138
6,113,133
6,114,159
6,115,152
6,116,133
6,117,131
6,118,137
6,119,143
6,120,135
6,121,128
6,122,139
6,123,122
6,124,160
6,125,123
6,126,146
6,127,130
6,128,150
6,129,111
6,130,113
6,131,110
6,132,106
6,133,112
6,134,92
6,135,130
6,136,78
6,137,109
6,138,105
6,139,123
6,140,98
6,141,109
6,142,88
6,143,710
6,144,223
6,145,134
6,146,96
6,147,116
6,148,131
6,149,117
6,150,112
6,151,116
6,152,110
6,153,129
6,154,106
6,155,141
6,156,117
6,157,134
6,158,126
6,159,137
6,160,143
6,161,133
6,162,122
6,163,146
6,164,122
6,165,127
6,166,125
6,167,129
6,168,125
6,169,134
6,170,144
6,171,145
6,172,127
6,173,139
6,174,136
6,175,135
6,176,127
6,177,145
6,178,132
6,179,852
6,180,126
6,181,152
6,182,127
6,183,167
6,184,141
6,185,164
6,186,120
6,187,144
6,188,137
6,189,160
6,190,120
6,191,162
6,192,125
6,193,155
6,194,118
6,195,160
6,196,124
6,197,165
6,198,148
6,199,151
6,200,135
6,201,163
6,202,133
6,203,158
6,204,120
6,205,170
6,206,127
6,207,169
6,208,126
6,209,171
6,210,699
6,211,194
6,212,121
6,213,214
6,214,138
6,215,207
6,216,113
6,217,180
6,218,129
6,219,192
6,220,133
6,221,523
6,222,124
6,223,195
6,224,123
6,225,302
6,226,122
6,227,214
6,228,117
6,229,206
6,230,131
6,231,191
6,232,124
6,233,205
6,234,129
6,235,1386
6,236,138
6,237,213
6,238,173
6,239,211
6,240,143
6,241,212
6,242,155
6,243,221
6,244,157
6,245,298
6,246,189
6,247,293
6,248,163
6,249,237
6,250,172
6,251,239
6,252,187
6,253,234
6,254,216
6,255,223
6,256,173
7,1,156
7,2,196
7,3,164
7,4,184
7,5,156
7,6,216
7,7,177
7,8,268
7,9,331
7,10,199
7,11,175
7,12,199
7,13,188
7,14,204
7,15,174
7,16,204
7,17,164
7,18,197
7,19,165
7,20,207
7,21,155
7,22,197
7,23,957
7,24,197
7,25,166
7,26,197
7,27,181
7,28,385
7,29,171
7,30,219
7,31,172
7,32,207
7,33,162
7,34,216
7,35,187
7,36,194
7,37,180
7,38,244
7,39,167
7,40,216
7,41,169
7,42,207
7,43,169
7,44,192
7,45,168
7,46,170
7,47,135
7,48,159
7,49,162
7,50,158
7,51,227
7,52,166
7,53,152
7,54,154
7,55,135
7,56,155
7,57,134
7,58,150
7,59,201
7,60,153
7,61,151
7,62,157
7,63,128
7,64,174
7,65,133
7,66,145
7,67,146
7,68,166
7,69,125
7,70,153
7,71,221
7,72,228
7,73,186
7,74,154
7,75,142
7,76,156
7,77,186
7,78,153
7,79,143
7,80,153
7,81,146
7,82,138
7,83,148
7,84,136
7,85,132
7,86,147
7,87,151
7,88,165
7,89,140
7,90,147
7,91,144
7,92,167
7,93,148
7,94,137
7,95,150
7,96,135
7,97,170
7,98,136
7,99,148
7,100,155
7,101,142
7,102,135
7,103,170
7,104,147
7,105,142
7,106,128
7,107,141
7,108,141
7,109,138
7,110,133
7,111,143
7,112,141
7,113,133
7,114,159
7,115,152
7,116,132
7,117,131
7,118,136
7,119,143
7,120,136
7,121,129
7,122,140
7,123,123
7,124,157
7,125,124
7,126,145
7,127,130
7,128,149
7,129,111
7,130,113
7,131,109
7,132,105
7,133,113
7,134,93
7,135,131
7,136,77
7,137,108
7,138,105
7,139,123
7,140,97
7,141,109
7,142,87
7,143,709
7,144,224
7,145,133
7,146,95
7,147,118
7,148,131
7,149,118
7,150,112
7,151,117
7,152,109
7,153,128
7,154,105
7,155,141
7,156,117
7,157,135
7,158,126
7,159,138
7,160,142
7,161,132
7,162,122
7,163,145
7,164,122
7,165,128
7,166,124
7,167,130
7,168,124
7,169,133
7,170,145
7,171,146
7,172,127
7,173,139
7,174,136
7,175,135
7,176,127
7,177,144
7,178,132
7,179,855
7,180,126
7,181,152
7,182,128
7,183,166
7,184,139
7,185,165
7,186,119
7,187,145
7,188,137
7,189,161
7,190,120
7,191,163
7,192,126
7,193,156
7,194,118
7,195,161
7,196,124
7,197,165
7,198,146
7,199,151
7,200,133
7,201,164
7,202,133
7,203,157
7,204,121
7,205,170
7,206,126
7,207,169
7,208,126
7,209,172
7,210,700
7,211,193
7,212,121
7,213,217
7,214,141
7,215,207
7,216,113
7,217,180
7,218,130
7,219,193
7,220,133
7,221,520
7,222,123
7,223,195
7,224,123
7,225,299
7,226,122
7,227,214
7,228,117
7,229,206
7,230,132
7,231,193
7,232,125
7,233,205
7,234,129
7,235,1389
7,236,138
7,237,212
7,238,172
7,239,212
7,240,144
7,241,211
7,242,154
7,243,222
7,244,157
7,245,299
7,246,190
7,247,293
7,248,163
7,249,238
7,250,171
7,251,239
7,252,187
7,253,234
7,254,214
7,255,222
7,256,173
8,1,156
8,2,196
8,3,164
8,4,184
8,5,156
8,6,216
8,7,177
8,8,268
8,9,331
8,10,199
8,11,175
8,12,199
8,13,188
8,14,204
8,15,174
8,16,204
8,17,164
8,18,197
8,19,165
8,20,207
8,21,155
8,22,197
8,23,957
8,24,197
8,25,166
8,26,197
8,27,181
8,28,385
8,29,171
8,30,219
8,31,172
8,32,207
8,33,162
8,34,216
8,35,187
8,36,194
8,37,180
8,38,244
8,39,167
8,40,216
8,41,169
8,42,207
8,43,169
8,44,192
8,45,168
8,46,170
8,47,135
8,48,159
8,49,162
8,50,158
8,51,227
8,52,166
8,53,152
8,54,154
8,55,135
8,56,155
8,57,134
8,58,150
8,59,201
8,60,153
8,61,151
8,62,157
8,63,128
8,64,174
8,65,133
8,66,145
8,67,146
8,68,166
8,69,125
8,70,153
8,71,221
8,72,228
8,73,186
8,74,154
8,75,142
8,76,156
8,77,186
8,78,153
8,79,143
8,80,153
8,81,146
8,82,138
8,83,148
8,84,136
8,85,132
8,86,147
8,87,151
8,88,165
8,89,140
8,90,147
8,91,144
8,92,167
8,93,148
8,94,137
8,95,150
8,96,135
8,97,170
8,98,136
8,99,148
8,100,155
8,101,142
8,102,135
8,103,170
8,104,147
8,105,142
8,106,128
8,107,141
8,108,141
8,109,138
8,110,133
8,111,143
8,112,141
8,113,133
8,114,159
8,115,152
8,116,132
8,117,131
8,118,136
8,119,143
8,120,136
8,121,129
8,122,140
8,123,123
8,124,157
8,125,124
8,126,145
8,127,130
8,128,149
8,129,111
8,130,113
8,131,109
8,132,105
8,133,113
8,134,93
8,135,131
8,136,77
8,137,108
8,138,105
8,139,123
8,140,97
8,141,109
8,142,87
8,143,709
8,144,224
8,145,133
8,146,95
8,147,118
8,148,131
8,149,118
8,150,112
8,151,117
8,152,109
8,153,128
8,154,105
8,155,141
8,156,117
8,157,135
8,158,126
8,159,138
8,160,142
8,161,132
8,162,122
8,163,145
8,164,122
8,165,128
8,166,124
8,167,130
8,168,124
8,169,133
8,170,145
8,171,146
8,172,127
8,173,139
8,174,136
8,175,135
8,176,127
8,177,144
8,178,132
8,179,855
8,180,126
8,181,152
8,182,128
8,183,166
8,184,139
8,185,165
8,186,119
8,187,145
8,188,137
8,189,161
8,190,120
8,191,163
8,192,126
8,193,156
8,194,118
8,195,161
8,196,124
8,197,165
8,198,146
8,199,151
8,200,133
8,201,164
8,202,133
8,203,157
8,204,121
8,205,170
8,206,126
8,207,169
8,208,126
8,209,172
8,210,700
8,211,193
8,212,121
8,213,217
8,214,141
8,215,207
8,216,113
8,217,180
8,218,130
8,219,193
8,220,133
8,221,520
8,222,123
8,223,195
8,224,123
8,225,299
8,226,122
8,227,214
8,228,117
8,229,206
8,230,132
8,231,193
8,232,125
8,233,205
8,234,129
8,235,1389
8,236,138
8,237,212
8,238,172
8,239,212
8,240,144
8,241,211
8,242,154
8,243,222
8,244,157
8,245,299
8,246,190
8,247,293
8,248,163
8,249,238
8,250,171
8,251,239
8,252,187
8,253,234
8,254,214
8,255,222
8,256,173
9,1,155
9,2,197
9,3,164
9,4,187
9,5,156
9,6,218
9,7,176
9,8,272
9,9,326
9,10,198
9,11,175
9,12,199
9,13,187
9,14,203
9,15,175
9,16,205
9,17,163
9,18,198
9,19,164
9,20,207
9,21,154
9,22,196
9,23,959
9,24,198
9,25,167
9,26,197
9,27,180
9,28,384
9,29,171
9,30,219
9,31,172
9,32,208
9,33,162
9,34,216
9,35,187
9,36,193
9,37,180
9,38,246
9,39,167
9,40,217
9,41,169
9,42,208
9,43,168
9,44,193
9,45,167
9,46,171
9,47,135
9,48,160
9,49,161
9,50,158
9,51,225
9,52,167
9,53,151
9,54,155
9,55,134
9,56,155
9,57,133
9,58,151
9,59,200
9,60,154
9,61,151
9,62,158
9,63,127
9,64,175
9,65,132
9,66,146
9,67,144
9,68,166
9,69,125
9,70,153
9,71,220
9,72,226
9,73,184
9,74,154
9,75,141
9,76,157
9,77,186
9,78,154
9,79,143
9,80,156
9,81,147
9,82,140
9,83,146
9,84,136
9,85,131
9,86,149
9,87,151
9,88,165
9,89,139
9,90,147
9,91,145
9,92,169
9,93,146
9,94,138
9,95,149
9,96,135
9,97,167
9,98,136
9,99,148
9,100,155
9,101,142
9,102,136
9,103,169
9,104,149
9,105,141
9,106,129
9,107,139
9,108,142
9,109,137
9,110,133
9,111,141
9,112,139
9,113,133
9,114,159
9,115,152
9,116,134
9,117,130
9,118,136
9,119,142
9,120,136
9,121,128
9,122,139
9,123,121
9,124,159
9,125,124
9,126,145
9,127,130
9,128,149
9,129,111
9,130,113
9,131,109
9,132,105
9,133,112
9,134,93
9,135,129
9,136,78
9,137,109
9,138,105
9,139,122
9,140,98
9,141,109
9,142,89
9,143,708
9,144,224
9,145,134
9,146,97
9,147,117
9,148,133
9,149,117
9,150,113
9,151,117
9,152,109
9,153,128
9,154,108
9,155,139
9,156,119
9,157,134
9,158,126
9,159,137
9,160,143
9,161,132
9,162,122
9,163,144
9,164,122
9,165,128
9,166,125
9,167,129
9,168,125
9,169,134
9,170,145
9,171,146
9,172,128
9,173,139
9,174,136
9,175,134
9,176,128
9,177,145
9,178,133
9,179,855
9,180,126
9,181,152
9,182,128
9,183,166
9,184,142
9,185,165
9,186,119
9,187,146
9,188,139
9,189,159
9,190,120
9,191,162
9,192,126
9,193,155
9,194,118
9,195,161
9,196,124
9,197,166
9,198,147
9,199,151
9,200,134
9,201,163
9,202,133
9,203,156
9,204,120
9,205,169
9,206,128
9,207,169
9,208,127
9,209,173
9,210,701
9,211,193
9,212,122
9,213,213
9,214,138
9,215,206
9,216,111
9,217,181
9,218,130
9,219,192
9,220,134
9,221,521
9,222,125
9,223,195
9,224,125
9,225,304
9,226,123
9,227,213
9,228,118
9,229,205
9,230,132
9,231,191
9,232,124
9,233,205
9,234,129
9,235,1387
9,236,139
9,237,213
9,238,173
9,239,210
9,240,145
9,241,212
9,242,156
9,243,221
9,244,157
9,245,298
9,246,195
9,247,292
9,248,163
9,249,239
9,250,172
9,251,238
9,252,188
9,253,233
9,254,214
9,255,223
9,256,175
10,1,155
10,2,197
10,3,164
10,4,187
10,5,156
10,6,218
10,7,176
10,8,272
10,9,326
10,10,198
10,11,175
10,12,199
10,13,187
10,14,203
10,15,175
10,16,205
10,17,163
10,18,198
10,19,164
10,20,207
10,21,154
10,22,196
10,23,959
10,24,198
10,25,167
10,26,197
10,27,180
10,28,384
10,29,171
10,30,219
10,31,172
10,32,208
10,33,162
10,34,216
10,35,187
10,36,193
10,37,180
10,38,246
10,39,167
10,40,217
10,41,169
10,42,208
10,43,168
10,44,193
10,45,167
10,46,171
10,47,135
10,48,160
10,49,161
10,50,158
10,51,225
10,52,167
10,53,151
10,54,155
10,55,134
10,56,155
10,57,133
10,58,151
10,59,200
10,60,154
10,61,151
10,62,158
10,63,127
10,64,175
10,65,132
10,66,146
10,67,144
10,68,166
10,69,125
10,70,153
10,71,220
10,72,226
10,73,184
10,74,154
10,75,141
10,76,157
10,77,186
10,78,154
10,79,143
10,80,156
10,81,147
10,82,140
10,83,146
10,84,136
10,85,131
10,86,149
10,87,151
10,88,165
10,89,139
10,90,147
10,91,145
10,92,169
10,93,146
10,94,138
10,95,149
10,96,135
10,97,167
10,98,136
10,99,148
10,100,155
10,101,142
10,102,136
10,103,169
10,104,149
10,105,141
10,106,129
10,107,139
10,108,142
10,109,137
10,110,133
10,111,141
10,112,139
10,113,133
10,114,159
10,115,152
10,116,134
10,117,130
10,118,136
10,119,142
10,120,136
10,121,128
10,122,139
10,123,121
10,124,159
10,125,124
10,126,145
10,127,130
10,128,149
10,129,111
10,130,113
10,131,109
10,132,105
10,133,112
10,134,93
10,135,129
10,136,78
10,137,109
10,138,105
10,139,122
10,140,98
10,141,109
10,142,89
10,143,708
10,144,224
10,145,134
10,146,97
10,147,117
10,148,133
10,149,117
10,150,113
10,151,117
10,152,109
10,153,128
10,154,108
10,155,139
10,156,119
10,157,134
10,158,126
10,159,137
10,160,143
10,161,132
10,162,122
10,163,144
10,164,122
10,165,128
10,166,125
10,167,129
10,168,125
10,169,134
10,170,145
10,171,146
10,172,128
10,173,139
10,174,136
10,175,134
10,176,128
10,177,145
10,178,133
10,179,855
10,180,126
10,181,152
10,182,128
10,183,166
10,184,142
10,185,165
10,186,119
10,187,146
10,188,139
10,189,159
10,190,120
10,191,162
10,192,126
10,193,155
10,194,118
10,195,161
10,196,124
10,197,166
10,198,147
10,199,151
10,200,134
10,201,163
10,202,133
10,203,156
10,204,120
10,205,169
10,206,128
10,207,169
10,208,127
10,209,173
10,210,701
10,211,193
10,212,122
10,213,213
10,214,138
10,215,206
10,216,111
10,217,181
10,218,130
10,219,192
10,220,134
10,221,521
10,222,125
10,223,195
10,224,125
10,225,304
10,226,123
10,227,213
10,228,118
10,229,205
10,230,132
10,231,191
10,232,124
10,233,205
10,234,129
10,235,1387
10,236,139
10,237,213
10,238,173
10,239,210
10,240,145
10,241,212
10,242,156
10,243,221
10,244,157
10,245,298
10,246,195
10,247,292
10,248,163
10,249,239
10,250,172
10,251,238
10,252,188
10,253,233
10,254,214
10,255,223
10,256,175
11,1,156
11,2,196
11,3,164
11,4,184
11,5,156
11,6,215
11,7,176
11,8,269
11,9,327
11,10,199
11,11,174
11,12,198
11,13,188
11,14,204
11,15,174
11,16,205
11,17,162
11,18,198
11,19,164
11,20,205
11,21,153
11,22,196
11,23,961
11,24,197
11,25,167
11,26,199
11,27,180
11,28,385
11,29,171
11,30,219
11,31,172
11,32,206
11,33,162
11,34,216
11,35,187
11,36,192
11,37,180
11,38,245
11,39,166
11,40,216
11,41,167
11,42,206
11,43,167
11,44,191
11,45,167
11,46,170
11,47,135
11,48,159
11,49,162
11,50,158
11,51,226
11,52,166
11,53,151
11,54,154
11,55,135
11,56,154
11,57,133
11,58,151
11,59,199
11,60,153
11,61,151
11,62,157
11,63,127
11,64,175
11,65,132
11,66,146
11,67,143
11,68,168
11,69,125
11,70,153
11,71,221
11,72,227
11,73,182
11,74,154
11,75,141
11,76,155
11,77,186
11,78,154
11,79,143
11,80,155
11,81,145
11,82,140
11,83,147
11,84,136
11,85,131
11,86,149
11,87,150
11,88,165
11,89,138
11,90,146
11,91,144
11,92,168
11,93,147
11,94,137
11,95,148
11,96,135
11,97,166
11,98,136
11,99,148
11,100,155
11,101,142
11,102,136
11,103,168
11,104,148
11,105,141
11,106,130
11,107,139
11,108,140
11,109,138
11,110,132
11,111,142
11,112,139
11,113,132
11,114,158
11,115,151
11,116,133
11,117,130
11,118,135
11,119,142
11,120,135
11,121,127
11,122,139
11,123,122
11,124,159
11,125,123
11,126,144
11,127,130
11,128,147
11,129,111
11,130,113
11,131,107
11,132,106
11,133,112
11,134,92
11,135,130
11,136,77
11,137,108
11,138,104
11,139,122
11,140,98
11,141,108
11,142,87
11,143,708
11,144,224
11,145,133
11,146,95
11,147,115
11,148,133
11,149,116
11,150,112
11,151,116
11,152,109
11,153,128
11,154,105
11,155,139
11,156,118
11,157,134
11,158,125
11,159,138
11,160,143
11,161,132
11,162,122
11,163,144
11,164,122
11,165,127
11,166,125
11,167,127
11,168,123
11,169,133
11,170,145
11,171,146
11,172,126
11,173,138
11,174,136
11,175,135
11,176,126
11,177,145
11,178,132
11,179,850
11,180,126
11,181,150
11,182,128
11,183,165
11,184,140
11,185,163
11,186,119
11,187,145
11,188,137
11,189,159
11,190,119
11,191,161
11,192,125
11,193,155
11,194,118
11,195,159
11,196,123
11,197,166
11,198,145
11,199,150
11,200,134
11,201,163
11,202,133
11,203,157
11,204,120
11,205,168
11,206,126
11,207,169
11,208,126
11,209,172
11,210,701
11,211,192
11,212,120
11,213,214
11,214,138
11,215,207
11,216,113
11,217,179
11,218,130
11,219,192
11,220,134
11,221,512
11,222,123
11,223,194
11,224,122
11,225,299
11,226,123
11,227,214
11,228,116
11,229,204
11,230,132
11,231,191
11,232,124
11,233,205
11,234,129
11,235,1386
11,236,138
11,237,212
11,238,172
11,239,209
11,240,145
11,241,210
11,242,155
11,243,220
11,244,157
11,245,298
11,246,189
11,247,292
11,248,164
11,249,239
11,250,173
11,251,238
11,252,188
11,253,235
11,254,216
11,255,223
11,256,172
12,1,156
12,2,196
12,3,164
12,4,184
12,5,156
12,6,215
12,7,176
12,8,269
12,9,327
12,10,199
12,11,174
12,12,198
12,13,188
12,14,204
12,15,174
12,16,205
12,17,162
12,18,198
12,19,164
12,20,205
12,21,153
12,22,196
12,23,961
12,24,197
12,25,167
12,26,199
12,27,180
12,28,385
12,29,171
12,30,219
12,31,172
12,32,206
12,33,162
12,34,216
12,35,187
12,36,192
12,37,180
12,38,245
12,39,166
12,40,216
12,41,167
12,42,206
12,43,167
12,44,191
12,45,167
12,46,170
12,47,135
12,48,159
12,49,162
12,50,158
12,51,226
12,52,166
12,53,151
12,54,154
12,55,135
12,56,154
12,57,133
12,58,151
12,59,199
12,60,153
12,61,151
12,62,157
12,63,127
12,64,175
12,65,132
12,66,146
12,67,143
12,68,168
12,69,125
12,70,153
12,71,221
12,72,227
12,73,182
12,74,154
12,75,141
12,76,155
12,77,186
12,78,154
12,79,143
12,80,155
12,81,145
12,82,140
12,83,147
12,84,136
12,85,131
12,86,149
12,87,150
12,88,165
12,89,138
12,90,146
12,91,144
12,92,168
12,93,147
12,94,137
12,95,148
12,96,135
12,97,166
12,98,136
12,99,148
12,100,155
12,101,142
12,102,136
12,103,168
12,104,148
12,105,141
12,106,130
12,107,139
12,108,140
12,109,138
12,110,132
12,111,142
12,112,139
12,113,132
12,114,158
12,115,151
12,116,133
12,117,130
12,118,135
12,119,142
12,120,135
12,121,127
12,122,139
12,123,122
12,124,159
12,125,123
12,126,144
12,127,130
12,128,147
12,129,111
12,130,113
12,131,107
12,132,106
12,133,112
12,134,92
12,135,130
12,136,77
12,137,108
12,138,104
12,139,122
12,140,98
12,141,108
12,142,87
12,143,708
12,144,224
12,145,133
12,146,95
12,147,115
12,148,133
12,149,116
12,150,112
12,151,116
12,152,109
12,153,128
12,154,105
12,155,139
12,156,118
12,157,134
12,158,125
12,159,138
12,160,143
12,161,132
12,162,122
12,163,144
12,164,122
12,165,127
12,166,125
12,167,127
12,168,123
12,169,133
12,170,145
12,171,146
12,172,126
12,173,138
12,174,136
12,175,135
12,176,126
12,177,145
12,178,132
12,179,850
12,180,126
12,181,150
12,182,128
12,183,165
12,184,140
12,185,163
12,186,119
12,187,145
12,188,137
12,189,159
12,190,119
12,191,161
12,192,125
12,193,155
12,194,118
12,195,159
12,196,123
12,197,166
12,198,145
12,199,150
12,200,134
12,201,163
12,202,133
12,203,157
12,204,120
12,205,168
12,206,126
12,207,169
12,208,126
12,209,172
12,210,701
12,211,192
12,212,120
12,213,214
12,214,138
12,215,207
12,216,113
12,217,179
12,218,130
12,219,192
12,220,134
12,221,512
12,222,123
12,223,194
12,224,122
12,225,299
12,226,123
12,227,214
12,228,116
12,229,204
12,230,132
12,231,191
12,232,124
12,233,205
12,234,129
12,235,1386
12,236,138
12,237,212
12,238,172
12,239,209
12,240,145
12,241,210
12,242,155
12,243,220
12,244,157
12,245,298
12,246,189
12,247,292
12,248,164
12,249,239
12,250,173
12,251,238
12,252,188
12,253,235
12,254,216
12,255,223
12,256,172
13,1,155
13,2,195
13,3,164
13,4,186
13,5,157
13,6,217
13,7,177
13,8,268
13,9,324
13,10,198
13,11,175
13,12,198
13,13,188
13,14,204
13,15,175
13,16,205
13,17,165
13,18,197
13,19,164
13,20,207
13,21,154
13,22,195
13,23,968
13,24,197
13,25,167
13,26,198
13,27,180
13,28,384
13,29,172
13,30,219
13,31,171
13,32,209
13,33,162
13,34,216
13,35,187
13,36,194
13,37,182
13,38,245
13,39,166
13,40,215
13,41,169
13,42,207
13,43,168
13,44,191
13,45,168
13,46,170
13,47,135
13,48,159
13,49,161
13,50,158
13,51,228
13,52,165
13,53,151
13,54,155
13,55,134
13,56,155
13,57,133
13,58,150
13,59,200
13,60,154
13,61,152
13,62,157
13,63,128
13,64,174
13,65,132
13,66,146
13,67,144
13,68,166
13,69,124
13,70,153
13,71,219
13,72,226
13,73,185
13,74,154
13,75,143
13,76,157
13,77,187
13,78,155
13,79,143
13,80,153
13,81,146
13,82,139
13,83,148
13,84,135
13,85,132
13,86,150
13,87,151
13,88,165
13,89,138
13,90,146
13,91,145
13,92,169
13,93,147
13,94,138
13,95,149
13,96,136
13,97,169
13,98,137
13,99,148
13,100,155
13,101,142
13,102,136
13,103,169
13,104,149
13,105,142
13,106,128
13,107,140
13,108,140
13,109,137
13,110,134
13,111,143
13,112,139
13,113,133
13,114,158
13,115,151
13,116,133
13,117,130
13,118,135
13,119,142
13,120,135
13,121,128
13,122,139
13,123,122
13,124,160
13,125,125
13,126,145
13,127,129
13,128,149
13,129,110
13,130,114
13,131,109
13,132,105
13,133,113
13,134,93
13,135,131
13,136,78
13,137,108
13,138,106
13,139,123
13,140,97
13,141,110
13,142,88
13,143,708
13,144,224
13,145,134
13,146,96
13,147,117
13,148,132
13,149,117
13,150,113
13,151,118
13,152,109
13,153,127
13,154,105
13,155,140
13,156,118
13,157,135
13,158,126
13,159,137
13,160,142
13,161,133
13,162,122
13,163,145
13,164,123
13,165,128
13,166,125
13,167,129
13,168,125
13,169,133
13,170,145
13,171,146
13,172,127
13,173,139
13,174,136
13,175,135
13,176,125
13,177,144
13,178,132
13,179,854
13,180,126
13,181,153
13,182,129
13,183,164
13,184,140
13,185,163
13,186,118
13,187,145
13,188,138
13,189,160
13,190,120
13,191,163
13,192,125
13,193,155
13,194,118
13,195,159
13,196,123
13,197,167
13,198,147
13,199,151
13,200,133
13,201,163
13,202,134
13,203,157
13,204,120
13,205,169
13,206,127
13,207,170
13,208,126
13,209,172
13,210,701
13,211,193
13,212,122
13,213,214
13,214,137
13,215,206
13,216,112
13,217,180
13,218,130
13,219,193
13,220,134
13,221,528
13,222,124
13,223,195
13,224,123
13,225,303
13,226,123
13,227,214
13,228,116
13,229,206
13,230,133
13,231,191
13,232,124
13,233,204
13,234,128
13,235,1387
13,236,139
13,237,213
13,238,171
13,239,210
13,240,144
13,241,212
13,242,156
13,243,220
13,244,157
13,245,299
13,246,193
13,247,292
13,248,163
13,249,236
13,250,172
13,251,241
13,252,187
13,253,233
13,254,217
13,255,223
13,256,173
14,1,155
14,2,195
14,3,164
14,4,186
14,5,157
14,6,217
14,7,177
14,8,268
14,9,324
14,10,198
14,11,175
14,12,198
14,13,188
14,14,204
14,15,175
14,16,205
14,17,165
14,18,197
14,19,164
14,20,207
14,21,154
14,22,195
14,23,968
14,24,197
14,25,167
14,26,198
14,27,180
14,28,384
14,29,172
14,30,219
14,31,171
14,32,209
14,33,162
14,34,216
14,35,187
14,36,194
14,37,182
14,38,245
14,39,166
14,40,215
14,41,169
14,42,207
14,43,168
14,44,191
14,45,168
14,46,170
14,47,135
14,48,159
14,49,161
14,50,158
14,51,228
14,52,165
14,53,151
14,54,155
14,55,134
14,56,155
14,57,133
14,58,150
14,59,200
14,60,154
14,61,152
14,62,157
14,63,128
14,64,174
14,65,132
14,66,146
14,67,144
14,68,166
14,69,124
14,70,153
14,71,219
14,72,226
14,73,185
14,74,154
14,75,143
14,76,157
14,77,187
14,78,155
14,79,143
14,80,153
14,81,146
14,82,139
14,83,148
14,84,135
14,85,132
14,86,150
14,87,151
14,88,165
14,89,138
14,90,146
14,91,145
14,92,169
14,93,147
14,94,138
14,95,149
14,96,136
14,97,169
14,98,137
14,99,148
14,100,155
14,101,142
14,102,136
14,103,169
14,104,149
14,105,142
14,106,128
14,107,140
14,108,140
14,109,137
14,110,134
14,111,143
14,112,139
14,113,133
14,114,158
14,115,151
14,116,133
14,117,130
14,118,135
14,119,142
14,120,135
14,121,128
14,122,139
14,123,122
14,124,160
14,125,125
14,126,145
14,127,129
14,128,149
14,129,110
14,130,114
14,131,109
14,132,105
14,133,113
14,134,93
14,135,131
14,136,78
14,137,108
14,138,106
14,139,123
14,140,97
14,141,110
14,142,88
14,143,708
14,144,224
14,145,134
14,146,96
14,147,117
14,148,132
14,149,117
14,150,113
14,151,118
14,152,109
14,153,127
14,154,105
14,155,140
14,156,118
14,157,135
14,158,126
14,159,137
14,160,142
14,161,133
14,162,122
14,163,145
14,164,123
14,165,128
14,166,125
14,167,129
14,168,125
14,169,133
14,170,145
14,171,146
14,172,127
14,173,139
14,174,136
14,175,135
14,176,125
14,177,144
14,178,132
14,179,854
14,180,126
14,181,153
14,182,129
14,183,164
14,184,140
14,185,163
14,186,118
14,187,145
14,188,138
14,189,160
14,190,120
14,191,163
14,192,125
14,193,155
14,194,118
14,195,159
14,196,123
14,197,167
14,198,147
14,199,151
14,200,133
14,201,163
14,202,134
14,203,157
14,204,120
14,205,169
14,206,127
14,207,170
14,208,126
14,209,172
14,210,701
14,211,193
14,212,122
14,213,214
14,214,137
14,215,206
14,216,112
14,217,180
14,218,130
14,219,193
14,220,134
14,221,528
14,222,124
14,223,195
14,224,123
14,225,303
14,226,123
14,227,214
14,228,116
14,229,206
14,230,133
14,231,191
14,232,124
14,233,204
14,234,128
14,235,1387
14,236,139
14,237,213
14,238,171
14,239,210
14,240,144
14,241,212
14,242,156
14,243,220
14,244,157
14,245,299
14,246,193
14,247,292
14,248,163
14,249,236
14,250,172
14,251,241
14,252,187
14,253,233
14,254,217
14,255,223
14,256,173
15,1,154
15,2,194
15,3,165
15,4,185
15,5,157
15,6,218
15,7,176
15,8,268
15,9,328
15,10,199
15,11,176
15,12,198
15,13,188
15,14,203
15,15,174
15,16,204
15,17,162
15,18,198
15,19,165
15,20,207
15,21,154
15,22,195
15,23,965
15,24,197
15,25,167
15,26,197
15,27,180
15,28,385
15,29,172
15,30,219
15,31,172
15,32,206
15,33,163
15,34,215
15,35,187
15,36,193
15,37,181
15,38,245
15,39,166
15,40,215
15,41,169
15,42,207
15,43,167
15,44,191
15,45,168
15,46,170
15,47,135
15,48,159
15,49,162
15,50,156
15,51,228
15,52,164
15,53,152
15,54,154
15,55,135
15,56,155
15,57,133
15,58,150
15,59,199
15,60,153
15,61,151
15,62,156
15,63,128
15,64,173
15,65,133
15,66,145
15,67,145
15,68,166
15,69,124
15,70,152
15,71,220
15,72,229
15,73,184
15,74,153
15,75,142
15,76,155
15,77,186
15,78,154
15,79,143
15,80,153
15,81,145
15,82,137
15,83,148
15,84,135
15,85,132
15,86,148
15,87,151
15,88,164
15,89,140
15,90,148
15,91,145
15,92,167
15,93,147
15,94,138
15,95,150
15,96,135
15,97,166
15,98,136
15,99,147
15,100,155
15,101,142
15,102,135
15,103,169
15,104,148
15,105,142
15,106,128
15,107,139
15,108,140
15,109,137
15,110,133
15,111,143
15,112,139
15,113,133
15,114,159
15,115,152
15,116,132
15,117,130
15,118,136
15,119,143
15,120,135
15,121,128
15,122,139
15,123,122
15,124,159
15,125,124
15,126,144
15,127,129
15,128,149
15,129,111
15,130,113
15,131,110
15,132,105
15,133,113
15,134,92
15,135,130
15,136,76
15,137,109
15,138,104
15,139,123
15,140,97
15,141,110
15,142,87
15,143,710
15,144,223
15,145,134
15,146,95
15,147,117
15,148,132
15,149,117
15,150,112
15,151,118
15,152,109
15,153,128
15,154,105
15,155,141
15,156,117
15,157,134
15,158,125
15,159,137
15,160,143
15,161,133
15,162,122
15,163,147
15,164,122
15,165,128
15,166,123
15,167,129
15,168,123
15,169,134
15,170,144
15,171,147
15,172,127
15,173,139
15,174,135
15,175,135
15,176,126
15,177,144
15,178,132
15,179,854
15,180,126
15,181,152
15,182,127
15,183,166
15,184,139
15,185,164
15,186,118
15,187,145
15,188,137
15,189,161
15,190,119
15,191,163
15,192,125
15,193,155
15,194,117
15,195,162
15,196,124
15,197,166
15,198,146
15,199,150
15,200,134
15,201,164
15,202,133
15,203,158
15,204,120
15,205,169
15,206,127
15,207,169
15,208,125
15,209,172
15,210,701
15,211,193
15,212,120
15,213,214
15,214,138
15,215,207
15,216,111
15,217,180
15,218,130
15,219,193
15,220,133
15,221,514
15,222,124
15,223,195
15,224,123
15,225,301
15,226,121
15,227,215
15,228,117
15,229,207
15,230,131
15,231,192
15,232,125
15,233,204
15,234,127
15,235,1385
15,236,139
15,237,213
15,238,171
15,239,211
15,240,144
15,241,212
15,242,156
15,243,221
15,244,156
15,245,298
15,246,187
15,247,291
15,248,163
15,249,239
15,250,171
15,251,239
15,252,187
15,253,235
15,254,211
15,255,223
15,256,172
16,1,154
16,2,194
16,3,165
16,4,185
16,5,157
16,6,218
16,7,176
16,8,268
16,9,328
16,10,199
16,11,176
16,12,198
16,13,188
16,14,203
16,15,174
16,16,204
16,17,162
16,18,198
16,19,165
16,20,207
16,21,154
16,22,195
16,23,965
16,24,197
16,25,167
16,26,197
16,27,180
16,28,385
16,29,172
16,30,219
16,31,172
16,32,206
16,33,163
16,34,215
16,35,187
16,36,193
16,37,181
16,38,245
16,39,166
16,40,215
16,41,169
16,42,207
16,43,167
16,44,191
16,45,168
16,46,170
16,47,135
16,48,159
16,49,162
16,50,156
16,51,228
16,52,164
16,53,152
16,54,154
16,55,135
16,56,155
16,57,133
16,58,150
16,59,199
16,60,153
16,61,151
16,62,156
16,63,128
16,64,173
16,65,133
16,66,145
16,67,145
16,68,166
16,69,124
16,70,152
16,71,220
16,72,229
16,73,184
16,74,153
16,75,142
16,76,155
16,77,186
16,78,154
16,79,143
16,80,153
16,81,145
16,82,137
16,83,148
16,84,135
16,85,132
16,86,148
16,87,151
16,88,164
16,89,140
16,90,148
16,91,145
16,92,167
16,93,147
16,94,138
16,95,150
16,96,135
16,97,166
16,98,136
16,99,147
16,100,155
16,101,142
16,102,135
16,103,169
16,104,148
16,105,142
16,106,128
16,107,139
16,108,140
16,109,137
16,110,133
16,111,143
16,112,139
16,113,133
16,114,159
16,115,152
16,116,132
16,117,130
16,118,136
16,119,143
16,120,135
16,121,128
16,122,139
16,123,122
16,124,159
16,125,124
16,126,144
16,127,129
16,128,149
16,129,111
16,130,113
16,131,110
16,132,105
16,133,113
16,134,92
16,135,130
16,136,76
16,137,109
16,138,104
16,139,123
16,140,97
16,141,110
16,142,87
16,143,710
16,144,223
16,145,134
16,146,95
16,147,117
16,148,132
16,149,117
16,150,112
16,151,118
16,152,109
16,153,128
16,154,105
16,155,141
16,156,117
16,157,134
16,158,125
16,159,137
16,160,143
16,161,133
16,162,122
16,163,147
16,164,122
16,165,128
16,166,123
16,167,129
16,168,123
16,169,134
16,170,144
16,171,147
16,172,127
16,173,139
16,174,135
16,175,135
16,176,126
16,177,144
16,178,132
16,179,854
16,180,126
16,181,152
16,182,127
16,183,166
16,184,139
16,185,164
16,186,118
16,187,145
16,188,137
16,189,161
16,190,119
16,191,163
16,192,125
16,193,155
16,194,117
16,195,162
16,196,124
16,197,166
16,198,146
16,199,150
16,200,134
16,201,164
16,202,133
16,203,158
16,204,120
16,205,169
16,206,127
16,207,169
16,208,125
16,209,172
16,210,701
16,211,193
16,212,120
16,213,214
16,214,138
16,215,207
16,216,111
16,217,180
16,218,130
16,219,193
16,220,133
16,221,514
16,222,124
16,223,195
16,224,123
16,225,301
16,226,121
16,227,215
16,228,117
16,229,207
16,230,131
16,231,192
16,232,125
16,233,204
16,234,127
16,235,1385
16,236,139
16,237,213
16,238,171
16,239,211
16,240,144
16,241,212
16,242,156
16,243,221
16,244,156
16,245,298
16,246,187
16,247,291
16,248,163
16,249,239
16,250,171
16,251,239
16,252,187
16,253,235
16,254,211
16,255,223
16,256,172
17,1,156
17,2,194
17,3,163
17,4,185
17,5,157
17,6,216
17,7,177
17,8,269
17,9,329
17,10,199
17,11,175
17,12,199
17,13,187
17,14,203
17,15,174
17,16,204
17,17,162
17,18,198
17,19,164
17,20,206
17,21,154
17,22,195
17,23,958
17,24,196
17,25,167
17,26,198
17,27,179
17,28,385
17,29,172
17,30,219
17,31,172
17,32,208
17,33,163
17,34,215
17,35,187
17,36,192
17,37,181
17,38,246
17,39,166
17,40,216
17,41,169
17,42,206
17,43,169
17,44,191
17,45,169
17,46,171
17,47,135
17,48,160
17,49,159
17,50,157
17,51,229
17,52,165
17,53,151
17,54,153
17,55,135
17,56,155
17,57,133
17,58,151
17,59,200
17,60,154
17,61,151
17,62,157
17,63,127
17,64,173
17,65,132
17,66,146
17,67,143
17,68,166
17,69,125
17,70,153
17,71,220
17,72,227
17,73,184
17,74,154
17,75,143
17,76,155
17,77,186
17,78,154
17,79,142
17,80,153
17,81,146
17,82,139
17,83,147
17,84,136
17,85,132
17,86,150
17,87,151
17,88,165
17,89,139
17,90,146
17,91,143
17,92,169
17,93,147
17,94,139
17,95,150
17,96,136
17,97,169
17,98,137
17,99,147
17,100,155
17,101,142
17,102,135
17,103,169
17,104,148
17,105,142
17,106,128
17,107,140
17,108,141
17,109,138
17,110,134
17,111,142
17,112,139
17,113,133
17,114,160
17,115,152
17,116,133
17,117,131
17,118,136
17,119,143
17,120,135
17,121,129
17,122,141
17,123,122
17,124,159
17,125,124
17,126,145
17,127,129
17,128,149
17,129,111
17,130,112
17,131,110
17,132,105
17,133,113
17,134,92
17,135,130
17,136,77
17,137,108
17,138,104
17,139,123
17,140,95
17,141,109
17,142,87
17,143,708
17,144,224
17,145,134
17,146,96
17,147,116
17,148,131
17,149,117
17,150,111
17,151,118
17,152,109
17,153,129
17,154,105
17,155,139
17,156,118
17,157,134
17,158,126
17,159,137
17,160,143
17,161,132
17,162,122
17,163,148
17,164,122
17,165,128
17,166,125
17,167,128
17,168,123
17,169,134
17,170,144
17,171,146
17,172,127
17,173,138
17,174,136
17,175,136
17,176,126
17,177,145
17,178,132
17,179,851
17,180,126
17,181,151
17,182,127
17,183,167
17,184,140
17,185,165
17,186,119
17,187,145
17,188,137
17,189,161
17,190,120
17,191,163
17,192,125
17,193,154
17,194,118
17,195,160
17,196,124
17,197,166
17,198,146
17,199,151
17,200,133
17,201,163
17,202,133
17,203,157
17,204,120
17,205,169
17,206,127
17,207,170
17,208,126
17,209,173
17,210,701
17,211,194
17,212,122
17,213,214
17,214,138
17,215,206
17,216,112
17,217,180
17,218,130
17,219,193
17,220,133
17,221,525
17,222,124
17,223,196
17,224,122
17,225,303
17,226,123
17,227,217
17,228,116
17,229,206
17,230,132
17,231,191
17,232,124
17,233,205
17,234,128
17,235,1390
17,236,138
17,237,213
17,238,172
17,239,210
17,240,144
17,241,213
17,242,155
17,243,219
17,244,157
17,245,298
17,246,190
17,247,293
17,248,163
17,249,239
17,250,172
17,251,238
17,252,187
17,253,234
17,254,213
17,255,223
17,256,172
18,1,156
18,2,194
18,3,163
18,4,185
18,5,157
18,6,216
18,7,177
18,8,269
18,9,329
18,10,199
18,11,175
18,12,199
18,13,187
18,14,203
18,15,174
18,16,204
18,17,162
18,18,198
18,19,164
18,20,206
18,21,154
18,22,195
18,23,958
18,24,196
18,25,167
18,26,198
18,27,179
18,28,385
18,29,172
18,30,219
18,31,172
18,32,208
18,33,163
18,34,215
18,35,187
18,36,192
18,37,181
18,38,246
18,39,166
18,40,216
18,41,169
18,42,206
18,43,169
18,44,191
18,45,169
18,46,171
18,47,135
18,48,160
18,49,159
18,50,157
18,51,229
18,52,165
18,53,151
18,54,153
18,55,135
18,56,155
18,57,133
18,58,151
18,59,200
18,60,154
18,61,151
18,62,157
18,63,127
18,64,173
18,65,132
18,66,146
18,67,143
18,68,166
18,69,125
18,70,153
18,71,220
18,72,227
18,73,184
18,74,154
18,75,143
18,76,155
18,77,186
18,78,154
18,79,142
18,80,153
18,81,146
18,82,139
18,83,147
18,84,136
18,85,132
18,86,150
18,87,151
18,88,165
18,89,139
18,90,146
18,91,143
18,92,169
18,93,147
18,94,139
18,95,150
18,96,136
18,97,169
18,98,137
18,99,147
18,100,155
18,101,142
18,102,135
18,103,169
18,104,148
18,105,142
18,106,128
18,107,140
18,108,141
18,109,138
18,110,134
18,111,142
18,112,139
18,113,133
18,114,160
18,115,152
18,116,133
18,117,131
18,118,136
18,119,143
18,120,135
18,121,129
18,122,141
18,123,122
18,124,159
18,125,124
18,126,145
18,127,129
18,128,149
18,129,111
18,130,112
18,131,110
18,132,105
18,133,113
18,134,92
18,135,130
18,136,77
18,137,108
18,138,104
18,139,123
18,140,95
18,141,109
18,142,87
18,143,708
18,144,224
18,145,134
18,146,96
18,147,116
18,148,131
18,149,117
18,150,111
18,151,118
18,152,109
18,153,129
18,154,105
18,155,139
18,156,118
18,157,134
18,158,126
18,159,137
18,160,143
18,161,132
18,162,122
18,163,148
18,164,122
18,165,128
18,166,125
18,167,128
18,168,123
18,169,134
18,170,144
18,171,146
18,172,127
18,173,138
18,174,136
18,175,136
18,176,126
18,177,145
18,178,132
18,179,851
18,180,126
18,181,151
18,182,127
18,183,167
18,184,140
18,185,165
18,186,119
18,187,145
18,188,137
18,189,161
18,190,120
18,191,163
18,192,125
18,193,154
18,194,118
18,195,160
18,196,124
18,197,166
18,198,146
18,199,151
18,200,133
18,201,163
18,202,133
18,203,157
18,204,120
18,205,169
18,206,127
18,207,170
18,208,126
18,209,173
18,210,701
18,211,194
18,212,122
18,213,214
18,214,138
18,215,206
18,216,112
18,217,180
18,218,130
18,219,193
18,220,133
18,221,525
18,222,124
18,223,196
18,224,122
18,225,303
18,226,123
18,227,217
18,228,116
18,229,206
18,230,132
18,231,191
18,232,124
18,233,205
18,234,128
18,235,1390
18,236,138
18,237,213
18,238,172
18,239,210
18,240,144
18,241,213
18,242,155
18,243,219
18,244,157
18,245,298
18,246,190
18,247,293
18,248,163
18,249,239
18,250,172
18,251,238
18,252,187
18,253,234
18,254,213
18,255,223
18,256,172
19,1,157
19,2,196
19,3,164
19,4,184
19,5,157
19,6,217
19,7,177
19,8,267
19,9,326
19,10,198
19,11,176
19,12,198
19,13,188
19,14,203
19,15,174
19,16,203
19,17,163
19,18,196
19,19,166
19,20,206
19,21,155
19,22,195
19,23,960
19,24,197
19,25,167
19,26,196
19,27,180
19,28,385
19,29,172
19,30,217
19,31,171
19,32,206
19,33,162
19,34,215
19,35,188
19,36,192
19,37,182
19,38,246
19,39,167
19,40,217
19,41,169
19,42,206
19,43,169
19,44,191
19,45,167
19,46,170
19,47,135
19,48,159
19,49,159
19,50,156
19,51,235
19,52,165
19,53,152
19,54,154
19,55,136
19,56,154
19,57,135
19,58,150
19,59,200
19,60,154
19,61,152
19,62,156
19,63,128
19,64,173
19,65,132
19,66,145
19,67,145
19,68,165
19,69,126
19,70,152
19,71,221
19,72,227
19,73,185
19,74,152
19,75,143
19,76,155
19,77,188
19,78,153
19,79,144
19,80,153
19,81,147
19,82,139
19,83,148
19,84,136
19,85,132
19,86,148
19,87,152
19,88,165
19,89,139
19,90,146
19,91,144
19,92,169
19,93,147
19,94,138
19,95,150
19,96,134
19,97,167
19,98,135
19,99,148
19,100,154
19,101,142
19,102,136
19,103,171
19,104,147
19,105,142
19,106,128
19,107,140
19,108,139
19,109,138
19,110,132
19,111,143
19,112,137
19,113,132
19,114,158
19,115,152
19,116,132
19,117,131
19,118,135
19,119,143
19,120,135
19,121,129
19,122,138
19,123,124
19,124,159
19,125,125
19,126,144
19,127,130
19,128,148
19,129,111
19,130,112
19,131,109
19,132,104
19,133,113
19,134,91
19,135,132
19,136,77
19,137,109
19,138,104
19,139,124
19,140,97
19,141,110
19,142,86
19,143,709
19,144,222
19,145,133
19,146,95
19,147,117
19,148,132
19,149,117
19,150,111
19,151,118
19,152,108
19,153,128
19,154,104
19,155,140
19,156,117
19,157,135
19,158,125
19,159,137
19,160,142
19,161,133
19,162,121
19,163,146
19,164,122
19,165,128
19,166,123
19,167,129
19,168,124
19,169,133
19,170,145
19,171,146
19,172,126
19,173,140
19,174,135
19,175,136
19,176,126
19,177,145
19,178,133
19,179,853
19,180,125
19,181,151
19,182,126
19,183,168
19,184,140
19,185,164
19,186,118
19,187,145
19,188,137
19,189,160
19,190,119
19,191,164
19,192,125
19,193,156
19,194,117
19,195,161
19,196,123
19,197,166
19,198,146
19,199,151
19,200,133
19,201,164
19,202,134
19,203,158
19,204,119
19,205,170
19,206,125
19,207,170
19,208,124
19,209,173
19,210,699
19,211,196
19,212,121
19,213,215
19,214,137
19,215,206
19,216,111
19,217,180
19,218,129
19,219,193
19,220,132
19,221,520
19,222,123
19,223,196
19,224,123
19,225,305
19,226,122
19,227,216
19,228,115
19,229,207
19,230,133
19,231,192
19,232,123
19,233,204
19,234,128
19,235,1387
19,236,138
19,237,213
19,238,171
19,239,211
19,240,143
19,241,213
19,242,155
19,243,221
19,244,155
19,245,299
19,246,189
19,247,292
19,248,163
19,249,237
19,250,171
19,251,240
19,252,186
19,253,234
19,254,216
19,255,225
19,256,172
20,1,157
20,2,196
20,3,164
20,4,184
20,5,157
20,6,217
20,7,177
20,8,267
20,9,326
20,10,198
20,11,176
20,12,198
20,13,188
20,14,203
20,15,174
20,16,203
20,17,163
20,18,196
20,19,166
20,20,206
20,21,155
20,22,195
20,23,960
20,24,197
20,25,167
20,26,196
20,27,180
20,28,385
20,29,172
20,30,217
20,31,171
20,32,206
20,33,162
20,34,215
20,35,188
20,36,192
20,37,182
20,38,246
20,39,167
20,40,217
20,41,169
20,42,206
20,43,169
20,44,191
20,45,167
20,46,170
20,47,135
20,48,159
20,49,159
20,50,156
20,51,235
20,52,165
20,53,152
20,54,154
20,55,136
20,56,154
20,57,135
20,58,150
20,59,200
20,60,154
20,61,152
20,62,156
20,63,128
20,64,173
20,65,132
20,66,145
20,67,145
20,68,165
20,69,126
20,70,152
20,71,221
20,72,227
20,73,185
20,74,152
20,75,143
20,76,155
20,77,188
20,78,153
20,79,144
20,80,153
20,81,147
20,82,139
20,83,148
20,84,136
20,85,132
20,86,148
20,87,152
20,88,165
20,89,139
20,90,146
20,91,144
20,92,169
20,93,147
20,94,138
20,95,150
20,96,134
20,97,167
20,98,135
20,99,148
20,100,154
20,101,142
20,102,136
20,103,171
20,104,147
20,105,142
20,106,128
20,107,140
20,108,139
20,109,138
20,110,132
20,111,143
20,112,137
20,113,132
20,114,158
20,115,152
20,116,132
20,117,131
20,118,135
20,119,143
20,120,135
20,121,129
20,122,138
20,123,124
20,124,159
20,125,125
20,126,144
20,127,130
20,128,148
20,129,111
20,130,112
20,131,109
20,132,104
20,133,113
20,134,91
20,135,132
20,136,77
20,137,109
20,138,104
20,139,124
20,140,97
20,141,110
20,142,86
20,143,709
20,144,222
20,145,133
20,146,95
20,147,117
20,148,132
20,149,117
20,150,111
20,151,118
20,152,108
20,153,128
20,154,104
20,155,140
20,156,117
20,157,135
20,158,125
20,159,137
20,160,142
20,161,133
20,162,121
20,163,146
20,164,122
20,165,128
20,166,123
20,167,129
20,168,124
20,169,133
20,170,145
20,171,146
20,172,126
20,173,140
20,174,135
20,175,136
20,176,126
20,177,145
20,178,133
20,179,853
20,180,125
20,181,151
20,182,126
20,183,168
20,184,140
20,185,164
20,186,118
20,187,145
20,188,137
20,189,160
20,190,119
20,191,164
20,192,125
20,193,156
20,194,117
20,195,161
20,196,123
20,197,166
20,198,146
20,199,151
20,200,133
20,201,164
20,202,134
20,203,158
20,204,119
20,205,170
20,206,125
20,207,170
20,208,124
20,209,173
20,210,699
20,211,196
20,212,121
20,213,215
20,214,137
20,215,206
20,216,111
20,217,180
20,218,129
20,219,193
20,220,132
20,221,520
20,222,123
20,223,196
20,224,123
20,225,305
20,226,122
20,227,216
20,228,115
20,229,207
20,230,133
20,231,192
20,232,123
20,233,204
20,234,128
20,235,1387
20,236,138
20,237,213
20,238,171
20,239,211
20,240,143
20,241,213
20,242,155
20,243,221
20,244,155
20,245,299
20,246,189
20,247,292
20,248,163
20,249,237
20,250,171
20,251,240
20,252,186
20,253,234
20,254,216
20,255,225
20,256,172
21,1,156
21,2,196
21,3,166
21,4,186
21,5,156
21,6,217
21,7,176
21,8,268
21,9,325
21,10,199
21,11,176
21,12,198
21,13,187
21,14,203
21,15,175
21,16,204
21,17,163
21,18,197
21,19,164
21,20,207
21,21,154
21,22,195
21,23,960
21,24,197
21,25,166
21,26,198
21,27,180
21,28,385
21,29,173
21,30,220
21,31,173
21,32,209
21,33,161
21,34,215
21,35,187
21,36,193
21,37,180
21,38,244
21,39,167
21,40,235
21,41,169
21,42,206
21,43,168
21,44,192
21,45,168
21,46,170
21,47,135
21,48,160
21,49,161
21,50,157
21,51,232
21,52,166
21,53,151
21,54,155
21,55,135
21,56,155
21,57,134
21,58,151
21,59,200
21,60,154
21,61,152
21,62,156
21,63,127
21,64,174
21,65,133
21,66,146
21,67,143
21,68,166
21,69,126
21,70,153
21,71,219
21,72,226
21,73,185
21,74,154
21,75,142
21,76,155
21,77,187
21,78,153
21,79,143
21,80,153
21,81,146
21,82,138
21,83,147
21,84,136
21,85,133
21,86,149
21,87,150
21,88,164
21,89,139
21,90,147
21,91,144
21,92,169
21,93,148
21,94,138
21,95,149
21,96,135
21,97,166
21,98,137
21,99,147
21,100,155
21,101,142
21,102,137
21,103,169
21,104,149
21,105,142
21,106,128
21,107,141
21,108,141
21,109,137
21,110,133
21,111,142
21,112,139
21,113,133
21,114,159
21,115,151
21,116,132
21,117,131
21,118,136
21,119,145
21,120,135
21,121,128
21,122,139
21,123,122
21,124,160
21,125,124
21,126,144
21,127,129
21,128,149
21,129,111
21,130,113
21,131,108
21,132,105
21,133,113
21,134,92
21,135,132
21,136,78
21,137,109
21,138,105
21,139,122
21,140,98
21,141,109
21,142,87
21,143,707
21,144,224
21,145,135
21,146,95
21,147,117
21,148,133
21,149,116
21,150,112
21,151,117
21,152,109
21,153,127
21,154,105
21,155,140
21,156,118
21,157,135
21,158,125
21,159,136
21,160,142
21,161,131
21,162,122
21,163,145
21,164,122
21,165,128
21,166,124
21,167,128
21,168,124
21,169,133
21,170,145
21,171,146
21,172,127
21,173,139
21,174,135
21,175,136
21,176,127
21,177,144
21,178,131
21,179,855
21,180,127
21,181,152
21,182,127
21,183,167
21,184,141
21,185,164
21,186,119
21,187,145
21,188,137
21,189,161
21,190,120
21,191,163
21,192,125
21,193,155
21,194,118
21,195,160
21,196,123
21,197,165
21,198,148
21,199,151
21,200,134
21,201,163
21,202,134
21,203,157
21,204,121
21,205,170
21,206,126
21,207,170
21,208,127
21,209,171
21,210,702
21,211,194
21,212,122
21,213,215
21,214,137
21,215,208
21,216,112
21,217,179
21,218,130
21,219,193
21,220,133
21,221,516
21,222,124
21,223,195
21,224,123
21,225,302
21,226,123
21,227,216
21,228,117
21,229,205
21,230,133
21,231,191
21,232,124
21,233,205
21,234,129
21,235,1385
21,236,139
21,237,213
21,238,171
21,239,211
21,240,144
21,241,212
21,242,155
21,243,220
21,244,158
21,245,298
21,246,190
21,247,292
21,248,163
21,249,239
21,250,171
21,251,239
21,252,188
21,253,233
21,254,215
21,255,224
21,256,174
22,1,156
22,2,196
22,3,166
22,4,186
22,5,156
22,6,217
22,7,176
22,8,268
22,9,325
22,10,199
22,11,176
22,12,198
22,13,187
22,14,203
22,15,175
22,16,204
22,17,163
22,18,197
22,19,164
22,20,207
22,21,154
22,22,195
22,23,960
22,24,197
22,25,166
22,26,198
22,27,180
22,28,385
22,29,173
22,30,220
22,31,173
22,32,209
22,33,161
22,34,215
22,35,187
22,36,193
22,37,180
22,38,244
22,39,167
22,40,235
22,41,169
22,42,206
22,43,168
22,44,192
22,45,168
22,46,170
22,47,135
22,48,160
22,49,161
22,50,157
22,51,232
22,52,166
22,53,151
22,54,155
22,55,135
22,56,155
22,57,134
22,58,151
22,59,200
22,60,154
22,61,152
22,62,156
22,63,127
22,64,174
22,65,133
22,66,146
22,67,143
22,68,166
22,69,126
22,70,153
22,71,219
22,72,226
22,73,185
22,74,154
22,75,142
22,76,155
22,77,187
22,78,153
22,79,143
22,80,153
22,81,146
22,82,138
22,83,147
22,84,136
22,85,133
22,86,149
22,87,150
22,88,164
22,89,139
22,90,147
22,91,144
22,92,169
22,93,148
22,94,138
22,95,149
22,96,135
22,97,166
22,98,137
22,99,147
22,100,155
22,101,142
22,102,137
22,103,169
22,104,149
22,105,142
22,106,128
22,107,141
22,108,141
22,109,137
22,110,133
22,111,142
22,112,139
22,113,133
22,114,159
22,115,151
22,116,132
22,117,131
22,118,136
22,119,145
22,120,135
22,121,128
22,122,139
22,123,122
22,124,160
22,125,124
22,126,144
22,127,129
22,128,149
22,129,111
22,130,113
22,131,108
22,132,105
22,133,113
22,134,92
22,135,132
22,136,78
22,137,109
22,138,105
22,139,122
22,140,98
22,141,109
22,142,87
22,143,707
22,144,224
22,145,135
22,146,95
22,147,117
22,148,133
22,149,116
22,150,112
22,151,117
22,152,109
22,153,127
22,154,105
22,155,140
22,156,118
22,157,135
22,158,125
22,159,136
22,160,142
22,161,131
22,162,122
22,163,145
22,164,122
22,165,128
22,166,124
22,167,128
22,168,124
22,169,133
22,170,145
22,171,146
22,172,127
22,173,139
22,174,135
22,175,136
22,176,127
22,177,144
22,178,131
22,179,855
22,180,127
22,181,152
22,182,127
22,183,167
22,184,141
22,185,164
22,186,119
22,187,145
22,188,137
22,189,161
22,190,120
22,191,163
22,192,125
22,193,155
22,194,118
22,195,160
22,196,123
22,197,165
22,198,148
22,199,151
22,200,134
22,201,163
22,202,134
22,203,157
22,204,121
22,205,170
22,206,126
22,207,170
22,208,127
22,209,171
22,210,702
22,211,194
22,212,122
22,213,215
22,214,137
22,215,208
22,216,112
22,217,179
22,218,130
22,219,193
22,220,133
22,221,516
22,222,124
22,223,195
22,224,123
22,225,302
22,226,123
22,227,216
22,228,117
22,229,205
22,230,133
22,231,191
22,232,124
22,233,205
22,234,129
22,235,1385
22,236,139
22,237,213
22,238,171
22,239,211
22,240,144
22,241,212
22,242,155
22,243,220
22,244,158
22,245,298
22,246,190
22,247,292
22,248,163
22,249,239
22,250,171
22,251,239
22,252,188
22,253,233
22,254,215
22,255,224
22,256,174
