Line,Band,Value
1,1,360
1,2,402
1,3,378
1,4,394
1,5,368
1,6,528
1,7,401
1,8,749
1,9,971
1,10,459
1,11,404
1,12,414
1,13,497
1,14,440
1,15,430
1,16,451
1,17,393
1,18,428
1,19,391
1,20,471
1,21,370
1,22,438
1,23,3709
1,24,421
1,25,396
1,26,421
1,27,437
1,28,1205
1,29,402
1,30,490
1,31,420
1,32,469
1,33,389
1,34,479
1,35,501
1,36,417
1,37,446
1,38,639
1,39,405
1,40,453
1,41,399
1,42,416
1,43,363
1,44,393
1,45,373
1,46,303
1,47,229
1,48,255
1,49,314
1,50,232
1,51,641
1,52,322
1,53,294
1,54,228
1,55,231
1,56,228
1,57,218
1,58,243
1,59,462
1,60,243
1,61,249
1,62,243
1,63,206
1,64,326
1,65,213
1,66,230
1,67,242
1,68,293
1,69,228
1,70,231
1,71,569
1,72,560
1,73,414
1,74,232
1,75,244
1,76,287
1,77,370
1,78,235
1,79,215
1,80,271
1,81,231
1,82,230
1,83,219
1,84,227
1,85,198
1,86,253
1,87,236
1,88,301
1,89,208
1,90,223
1,91,226
1,92,339
1,93,236
1,94,229
1,95,225
1,96,208
1,97,294
1,98,213
1,99,249
1,100,266
1,101,210
1,102,206
1,103,311
1,104,241
1,105,206
1,106,199
1,107,207
1,108,213
1,109,213
1,110,205
1,111,208
1,112,209
1,113,219
1,114,309
1,115,276
1,116,207
1,117,202
1,118,210
1,119,234
1,120,206
1,121,199
1,122,221
1,123,183
1,124,287
1,125,191
1,126,228
1,127,198
1,128,237
1,129,167
1,130,250
1,131,173
1,132,209
1,133,164
1,134,143
1,135,235
1,136,131
1,137,155
1,138,168
1,139,173
1,140,150
1,141,153
1,142,141
1,143,2646
1,144,682
1,145,231
1,146,139
1,147,156
1,148,312
1,149,162
1,150,162
1,151,169
1,152,175
1,153,195
1,154,155
1,155,242
1,156,170
1,157,223
1,158,181
1,159,181
1,160,273
1,161,222
1,162,170
1,163,250
1,164,182
1,165,173
1,166,184
1,167,180
1,168,182
1,169,181
1,170,245
1,171,221
1,172,180
1,173,193
1,174,221
1,175,186
1,176,175
1,177,192
1,178,212
1,179,3131
1,180,196
1,181,220
1,182,192
1,183,264
1,184,205
1,185,235
1,186,175
1,187,198
1,188,220
1,189,227
1,190,177
1,191,257
1,192,199
1,193,212
1,194,178
1,195,230
1,196,187
1,197,252
1,198,286
1,199,212
1,200,212
1,201,239
1,202,216
1,203,229
1,204,203
1,205,254
1,206,213
1,207,247
1,208,210
1,209,252
1,210,2578
1,211,344
1,212,213
1,213,437
1,214,289
1,215,418
1,216,213
1,217,286
1,218,267
1,219,325
1,220,267
1,221,1746
1,222,258
1,223,337
1,224,269
1,225,831
1,226,271
1,227,424
1,228,278
1,229,374
1,230,307
1,231,373
1,232,319
1,233,434
1,234,334
1,235,4095
1,236,382
1,237,468
1,238,489
1,239,483
1,240,427
1,241,495
1,242,463
1,243,536
1,244,480
1,245,887
1,246,658
1,247,869
1,248,551
1,249,674
1,250,578
1,251,652
1,252,619
1,253,678
1,254,751
1,255,651
1,256,619
2,1,360
2,2,402
2,3,378
2,4,394
2,5,368
2,6,528
2,7,401
2,8,749
2,9,971
2,10,459
2,11,404
2,12,414
2,13,497
2,14,440
2,15,430
2,16,451
2,17,393
2,18,428
2,19,391
2,20,471
2,21,370
2,22,438
2,23,3709
2,24,421
2,25,396
2,26,421
2,27,437
2,28,1205
2,29,402
2,30,490
2,31,420
2,32,469
2,33,389
2,34,479
2,35,501
2,36,417
2,37,446
2,38,639
2,39,405
2,40,453
2,41,399
2,42,416
2,43,363
2,44,393
2,45,373
2,46,303
2,47,229
2,48,255
2,49,314
2,50,232
2,51,641
2,52,322
2,53,294
2,54,228
2,55,231
2,56,228
2,57,218
2,58,243
2,59,462
2,60,243
2,61,249
2,62,243
2,63,206
2,64,326
2,65,213
2,66,230
2,67,242
2,68,293
2,69,228
2,70,231
2,71,569
2,72,560
2,73,414
2,74,232
2,75,244
2,76,287
2,77,370
2,78,235
2,79,215
2,80,271
2,81,231
2,82,230
2,83,219
2,84,227
2,85,198
2,86,253
2,87,236
2,88,301
2,89,208
2,90,223
2,91,226
2,92,339
2,93,236
2,94,229
2,95,225
2,96,208
2,97,294
2,98,213
2,99,249
2,100,266
2,101,210
2,102,206
2,103,311
2,104,241
2,105,206
2,106,199
2,107,207
2,108,213
2,109,213
2,110,205
2,111,208
2,112,209
2,113,219
2,114,309
2,115,276
2,116,207
2,117,202
2,118,210
2,119,234
2,120,206
2,121,199
2,122,221
2,123,183
2,124,287
2,125,191
2,126,228
2,127,198
2,128,237
2,129,167
2,130,250
2,131,173
2,132,209
2,133,164
2,134,143
2,135,235
2,136,131
2,137,155
2,138,168
2,139,173
2,140,150
2,141,153
2,142,141
2,143,2646
2,144,682
2,145,231
2,146,139
2,147,156
2,148,312
2,149,162
2,150,162
2,151,169
2,152,175
2,153,195
2,154,155
2,155,242
2,156,170
2,157,223
2,158,181
2,159,181
2,160,273
2,161,222
2,162,170
2,163,250
2,164,182
2,165,173
2,166,184
2,167,180
2,168,182
2,169,181
2,170,245
2,171,221
2,172,180
2,173,193
2,174,221
2,175,186
2,176,175
2,177,192
2,178,212
2,179,3131
2,180,196
2,181,220
2,182,192
2,183,264
2,184,205
2,185,235
2,186,175
2,187,198
2,188,220
2,189,227
2,190,177
2,191,257
2,192,199
2,193,212
2,194,178
2,195,230
2,196,187
2,197,252
2,198,286
2,199,212
2,200,212
2,201,239
2,202,216
2,203,229
2,204,203
2,205,254
2,206,213
2,207,247
2,208,210
2,209,252
2,210,2578
2,211,344
2,212,213
2,213,437
2,214,289
2,215,418
2,216,213
2,217,286
2,218,267
2,219,325
2,220,267
2,221,1746
2,222,258
2,223,337
2,224,269
2,225,831
2,226,271
2,227,424
2,228,278
2,229,374
2,230,307
2,231,373
2,232,319
2,233,434
2,234,334
2,235,4095
2,236,382
2,237,468
2,238,489
2,239,483
2,240,427
2,241,495
2,242,463
2,243,536
2,244,480
2,245,887
2,246,658
2,247,869
2,248,551
2,249,674
2,250,578
2,251,652
2,252,619
2,253,678
2,254,751
2,255,651
2,256,619
3,1,360
3,2,402
3,3,378
3,4,394
3,5,369
3,6,532
3,7,400
3,8,749
3,9,1039
3,10,458
3,11,405
3,12,415
3,13,498
3,14,441
3,15,430
3,16,451
3,17,392
3,18,427
3,19,393
3,20,476
3,21,373
3,22,438
3,23,3704
3,24,420
3,25,394
3,26,422
3,27,439
3,28,1205
3,29,402
3,30,504
3,31,421
3,32,468
3,33,388
3,34,476
3,35,502
3,36,418
3,37,448
3,38,639
3,39,403
3,40,456
3,41,399
3,42,418
3,43,365
3,44,393
3,45,375
3,46,304
3,47,229
3,48,256
3,49,312
3,50,231
3,51,634
3,52,322
3,53,296
3,54,230
3,55,230
3,56,229
3,57,214
3,58,242
3,59,462
3,60,245
3,61,251
3,62,243
3,63,206
3,64,323
3,65,213
3,66,229
3,67,243
3,68,295
3,69,226
3,70,232
3,71,569
3,72,569
3,73,416
3,74,235
3,75,245
3,76,289
3,77,371
3,78,239
3,79,216
3,80,271
3,81,278
3,82,246
3,83,221
3,84,229
3,85,199
3,86,250
3,87,235
3,88,303
3,89,208
3,90,223
3,91,226
3,92,342
3,93,237
3,94,229
3,95,226
3,96,210
3,97,293
3,98,213
3,99,248
3,100,264
3,101,212
3,102,206
3,103,309
3,104,241
3,105,205
3,106,199
3,107,208
3,108,217
3,109,213
3,110,205
3,111,209
3,112,212
3,113,220
3,114,319
3,115,275
3,116,207
3,117,204
3,118,211
3,119,234
3,120,208
3,121,199
3,122,221
3,123,183
3,124,288
3,125,190
3,126,228
3,127,227
3,128,238
3,129,166
3,130,249
3,131,173
3,132,207
3,133,164
3,134,144
3,135,238
3,136,131
3,137,156
3,138,169
3,139,173
3,140,151
3,141,153
3,142,141
3,143,2648
3,144,681
3,145,233
3,146,139
3,147,158
3,148,307
3,149,161
3,150,164
3,151,169
3,152,175
3,153,195
3,154,154
3,155,243
3,156,170
3,157,225
3,158,181
3,159,180
3,160,269
3,161,222
3,162,170
3,163,249
3,164,183
3,165,175
3,166,184
3,167,179
3,168,183
3,169,182
3,170,248
3,171,222
3,172,179
3,173,193
3,174,222
3,175,188
3,176,176
3,177,193
3,178,213
3,179,3136
3,180,197
3,181,223
3,182,193
3,183,264
3,184,205
3,185,236
3,186,176
3,187,199
3,188,221
3,189,225
3,190,177
3,191,263
3,192,199
3,193,212
3,194,177
3,195,228
3,196,190
3,197,254
3,198,295
3,199,213
3,200,214
3,201,239
3,202,216
3,203,230
3,204,203
3,205,256
3,206,214
3,207,248
3,208,211
3,209,253
3,210,2579
3,211,345
3,212,213
3,213,446
3,214,288
3,215,419
3,216,214
3,217,284
3,218,266
3,219,325
3,220,267
3,221,1722
3,222,259
3,223,337
3,224,268
3,225,839
3,226,272
3,227,426
3,228,278
3,229,376
3,230,308
3,231,373
3,232,321
3,233,437
3,234,335
3,235,4095
3,236,389
3,237,468
3,238,499
3,239,485
3,240,426
3,241,497
3,242,461
3,243,538
3,244,479
3,245,881
3,246,666
3,247,871
3,248,550
3,249,679
3,250,579
3,251,652
3,252,621
3,253,677
3,254,745
3,255,652
3,256,621
4,1,360
4,2,402
4,3,378
4,4,394
4,5,369
4,6,532
4,7,400
4,8,749
4,9,1039
4,10,458
4,11,405
4,12,415
4,13,498
4,14,441
4,15,430
4,16,451
4,17,392
4,18,427
4,19,393
4,20,476
4,21,373
4,22,438
4,23,3704
4,24,420
4,25,394
4,26,422
4,27,439
4,28,1205
4,29,402
4,30,504
4,31,421
4,32,468
4,33,388
4,34,476
4,35,502
4,36,418
4,37,448
4,38,639
4,39,403
4,40,456
4,41,399
4,42,418
4,43,365
4,44,393
4,45,375
4,46,304
4,47,229
4,48,256
4,49,312
4,50,231
4,51,634
4,52,322
4,53,296
4,54,230
4,55,230
4,56,229
4,57,214
4,58,242
4,59,462
4,60,245
4,61,251
4,62,243
4,63,206
4,64,323
4,65,213
4,66,229
4,67,243
4,68,295
4,69,226
4,70,232
4,71,569
4,72,569
4,73,416
4,74,235
4,75,245
4,76,289
4,77,371
4,78,239
4,79,216
4,80,271
4,81,278
4,82,246
4,83,221
4,84,229
4,85,199
4,86,250
4,87,235
4,88,303
4,89,208
4,90,223
4,91,226
4,92,342
4,93,237
4,94,229
4,95,226
4,96,210
4,97,293
4,98,213
4,99,248
4,100,264
4,101,212
4,102,206
4,103,309
4,104,241
4,105,205
4,106,199
4,107,208
4,108,217
4,109,213
4,110,205
4,111,209
4,112,212
4,113,220
4,114,319
4,115,275
4,116,207
4,117,204
4,118,211
4,119,234
4,120,208
4,121,199
4,122,221
4,123,183
4,124,288
4,125,190
4,126,228
4,127,227
4,128,238
4,129,166
4,130,249
4,131,173
4,132,207
4,133,164
4,134,144
4,135,238
4,136,131
4,137,156
4,138,169
4,139,173
4,140,151
4,141,153
4,142,141
4,143,2648
4,144,681
4,145,233
4,146,139
4,147,158
4,148,307
4,149,161
4,150,164
4,151,169
4,152,175
4,153,195
4,154,154
4,155,243
4,156,170
4,157,225
4,158,181
4,159,180
4,160,269
4,161,222
4,162,170
4,163,249
4,164,183
4,165,175
4,166,184
4,167,179
4,168,183
4,169,182
4,170,248
4,171,222
4,172,179
4,173,193
4,174,222
4,175,188
4,176,176
4,177,193
4,178,213
4,179,3136
4,180,197
4,181,223
4,182,193
4,183,264
4,184,205
4,185,236
4,186,176
4,187,199
4,188,221
4,189,225
4,190,177
4,191,263
4,192,199
4,193,212
4,194,177
4,195,228
4,196,190
4,197,254
4,198,295
4,199,213
4,200,214
4,201,239
4,202,216
4,203,230
4,204,203
4,205,256
4,206,214
4,207,248
4,208,211
4,209,253
4,210,2579
4,211,345
4,212,213
4,213,446
4,214,288
4,215,419
4,216,214
4,217,284
4,218,266
4,219,325
4,220,267
4,221,1722
4,222,259
4,223,337
4,224,268
4,225,839
4,226,272
4,227,426
4,228,278
4,229,376
4,230,308
4,231,373
4,232,321
4,233,437
4,234,335
4,235,4095
4,236,389
4,237,468
4,238,499
4,239,485
4,240,426
4,241,497
4,242,461
4,243,538
4,244,479
4,245,881
4,246,666
4,247,871
4,248,550
4,249,679
4,250,579
4,251,652
4,252,621
4,253,677
4,254,745
4,255,652
4,256,621
5,1,362
5,2,399
5,3,378
5,4,394
5,5,368
5,6,526
5,7,400
5,8,754
5,9,1024
5,10,459
5,11,405
5,12,417
5,13,524
5,14,443
5,15,429
5,16,451
5,17,392
5,18,429
5,19,391
5,20,473
5,21,371
5,22,438
5,23,3706
5,24,422
5,25,395
5,26,421
5,27,437
5,28,1206
5,29,401
5,30,489
5,31,420
5,32,468
5,33,388
5,34,477
5,35,499
5,36,416
5,37,447
5,38,640
5,39,406
5,40,451
5,41,399
5,42,419
5,43,364
5,44,392
5,45,375
5,46,305
5,47,229
5,48,255
5,49,312
5,50,232
5,51,642
5,52,324
5,53,296
5,54,229
5,55,229
5,56,229
5,57,213
5,58,239
5,59,462
5,60,243
5,61,252
5,62,244
5,63,206
5,64,329
5,65,213
5,66,231
5,67,240
5,68,295
5,69,227
5,70,233
5,71,570
5,72,568
5,73,419
5,74,235
5,75,247
5,76,287
5,77,376
5,78,239
5,79,216
5,80,271
5,81,232
5,82,226
5,83,222
5,84,227
5,85,198
5,86,254
5,87,235
5,88,301
5,89,206
5,90,224
5,91,225
5,92,336
5,93,236
5,94,229
5,95,226
5,96,209
5,97,299
5,98,212
5,99,249
5,100,267
5,101,211
5,102,207
5,103,312
5,104,244
5,105,205
5,106,200
5,107,208
5,108,215
5,109,212
5,110,206
5,111,208
5,112,208
5,113,219
5,114,310
5,115,278
5,116,207
5,117,203
5,118,211
5,119,235
5,120,207
5,121,199
5,122,221
5,123,182
5,124,283
5,125,190
5,126,230
5,127,196
5,128,236
5,129,165
5,130,249
5,131,174
5,132,208
5,133,163
5,134,146
5,135,239
5,136,132
5,137,155
5,138,168
5,139,173
5,140,151
5,141,151
5,142,141
5,143,2651
5,144,681
5,145,234
5,146,139
5,147,156
5,148,311
5,149,160
5,150,164
5,151,168
5,152,175
5,153,195
5,154,155
5,155,242
5,156,171
5,157,224
5,158,183
5,159,180
5,160,272
5,161,221
5,162,170
5,163,251
5,164,181
5,165,173
5,166,186
5,167,180
5,168,184
5,169,182
5,170,247
5,171,219
5,172,179
5,173,191
5,174,222
5,175,189
5,176,175
5,177,192
5,178,213
5,179,3130
5,180,200
5,181,222
5,182,192
5,183,269
5,184,205
5,185,236
5,186,177
5,187,198
5,188,222
5,189,227
5,190,177
5,191,256
5,192,200
5,193,213
5,194,179
5,195,230
5,196,190
5,197,253
5,198,293
5,199,213
5,200,213
5,201,241
5,202,216
5,203,231
5,204,203
5,205,255
5,206,213
5,207,247
5,208,211
5,209,253
5,210,2574
5,211,346
5,212,212
5,213,438
5,214,287
5,215,422
5,216,215
5,217,285
5,218,267
5,219,325
5,220,266
5,221,1793
5,222,259
5,223,338
5,224,269
5,225,842
5,226,273
5,227,427
5,228,278
5,229,375
5,230,307
5,231,372
5,232,320
5,233,435
5,234,335
5,235,4095
5,236,387
5,237,469
5,238,500
5,239,485
5,240,428
5,241,498
5,242,461
5,243,538
5,244,480
5,245,882
5,246,659
5,247,872
5,248,551
5,249,678
5,250,580
5,251,656
5,252,622
5,253,676
5,254,735
5,255,652
5,256,620
6,1,362
6,2,399
6,3,378
6,4,394
6,5,368
6,6,526
6,7,400
6,8,754
6,9,1024
6,10,459
6,11,405
6,12,417
6,13,524
6,14,443
6,15,429
6,16,451
6,17,392
6,18,429
6,19,391
6,20,473
6,21,371
6,22,438
6,23,3706
6,24,422
6,25,395
6,26,421
6,27,437
6,28,1206
6,29,401
6,30,489
6,31,420
6,32,468
6,33,388
6,34,477
6,35,499
6,36,416
6,37,447
6,38,640
6,39,406
6,40,451
6,41,399
6,42,419
6,43,364
6,44,392
6,45,375
6,46,305
6,47,229
6,48,255
6,49,312
6,50,232
6,51,642
6,52,324
6,53,296
6,54,229
6,55,229
6,56,229
6,57,213
6,58,239
6,59,462
6,60,243
6,61,252
6,62,244
6,63,206
6,64,329
6,65,213
6,66,231
6,67,240
6,68,295
6,69,227
6,70,233
6,71,570
6,72,568
6,73,419
6,74,235
6,75,247
6,76,287
6,77,376
6,78,239
6,79,216
6,80,271
6,81,232
6,82,226
6,83,222
6,84,227
6,85,198
6,86,254
6,87,235
6,88,301
6,89,206
6,90,224
6,91,225
6,92,336
6,93,236
6,94,229
6,95,226
6,96,209
6,97,299
6,98,212
6,99,249
6,100,267
6,101,211
6,102,207
6,103,312
6,104,244
6,105,205
6,106,200
6,107,208
6,108,215
6,109,212
6,110,206
6,111,208
6,112,208
6,113,219
6,114,310
6,115,278
6,116,207
6,117,203
6,118,211
6,119,235
6,120,207
6,121,199
6,122,221
6,123,182
6,124,283
6,125,190
6,126,230
6,127,196
6,128,236
6,129,165
6,130,249
6,131,174
6,132,208
6,133,163
6,134,146
6,135,239
6,136,132
6,137,155
6,138,168
6,139,173
6,140,151
6,141,151
6,142,141
6,143,2651
6,144,681
6,145,234
6,146,139
6,147,156
6,148,311
6,149,160
6,150,164
6,151,168
6,152,175
6,153,195
6,154,155
6,155,242
6,156,171
6,157,224
6,158,183
6,159,180
6,160,272
6,161,221
6,162,170
6,163,251
6,164,181
6,165,173
6,166,186
6,167,180
6,168,184
6,169,182
6,170,247
6,171,219
6,172,179
6,173,191
6,174,222
6,175,189
6,176,175
6,177,192
6,178,213
6,179,3130
6,180,200
6,181,222
6,182,192
6,183,269
6,184,205
6,185,236
6,186,177
6,187,198
6,188,222
6,189,227
6,190,177
6,191,256
6,192,200
6,193,213
6,194,179
6,195,230
6,196,190
6,197,253
6,198,293
6,199,213
6,200,213
6,201,241
6,202,216
6,203,231
6,204,203
6,205,255
6,206,213
6,207,247
6,208,211
6,209,253
6,210,2574
6,211,346
6,212,212
6,213,438
6,214,287
6,215,422
6,216,215
6,217,285
6,218,267
6,219,325
6,220,266
6,221,1793
6,222,259
6,223,338
6,224,269
6,225,842
6,226,273
6,227,427
6,228,278
6,229,375
6,230,307
6,231,372
6,232,320
6,233,435
6,234,335
6,235,4095
6,236,387
6,237,469
6,238,500
6,239,485
6,240,428
6,241,498
6,242,461
6,243,538
6,244,480
6,245,882
6,246,659
6,247,872
6,248,551
6,249,678
6,250,580
6,251,656
6,252,622
6,253,676
6,254,735
6,255,652
6,256,620
7,1,360
7,2,399
7,3,379
7,4,396
7,5,369
7,6,529
7,7,400
7,8,748
7,9,1013
7,10,457
7,11,405
7,12,414
7,13,496
7,14,441
7,15,431
7,16,450
7,17,393
7,18,427
7,19,393
7,20,473
7,21,373
7,22,437
7,23,3709
7,24,422
7,25,394
7,26,421
7,27,439
7,28,1205
7,29,404
7,30,489
7,31,421
7,32,469
7,33,388
7,34,479
7,35,500
7,36,417
7,37,448
7,38,640
7,39,406
7,40,456
7,41,399
7,42,416
7,43,366
7,44,394
7,45,376
7,46,308
7,47,231
7,48,255
7,49,314
7,50,230
7,51,636
7,52,321
7,53,293
7,54,231
7,55,230
7,56,229
7,57,215
7,58,243
7,59,463
7,60,244
7,61,251
7,62,244
7,63,206
7,64,327
7,65,213
7,66,231
7,67,243
7,68,291
7,69,227
7,70,232
7,71,572
7,72,572
7,73,412
7,74,235
7,75,247
7,76,288
7,77,378
7,78,236
7,79,216
7,80,271
7,81,231
7,82,231
7,83,222
7,84,228
7,85,198
7,86,254
7,87,235
7,88,302
7,89,207
7,90,223
7,91,227
7,92,340
7,93,237
7,94,229
7,95,225
7,96,208
7,97,299
7,98,213
7,99,250
7,100,266
7,101,213
7,102,207
7,103,304
7,104,241
7,105,206
7,106,199
7,107,209
7,108,215
7,109,214
7,110,205
7,111,208
7,112,211
7,113,218
7,114,307
7,115,277
7,116,207
7,117,202
7,118,212
7,119,233
7,120,207
7,121,199
7,122,221
7,123,183
7,124,284
7,125,190
7,126,226
7,127,197
7,128,237
7,129,166
7,130,247
7,131,173
7,132,209
7,133,166
7,134,144
7,135,240
7,136,131
7,137,157
7,138,169
7,139,174
7,140,150
7,141,153
7,142,141
7,143,2652
7,144,681
7,145,236
7,146,139
7,147,157
7,148,309
7,149,160
7,150,164
7,151,169
7,152,175
7,153,196
7,154,153
7,155,242
7,156,171
7,157,225
7,158,181
7,159,181
7,160,272
7,161,221
7,162,169
7,163,249
7,164,181
7,165,174
7,166,184
7,167,180
7,168,185
7,169,182
7,170,246
7,171,220
7,172,180
7,173,192
7,174,222
7,175,188
7,176,177
7,177,191
7,178,212
7,179,3134
7,180,198
7,181,222
7,182,193
7,183,268
7,184,206
7,185,236
7,186,176
7,187,199
7,188,222
7,189,229
7,190,177
7,191,258
7,192,198
7,193,213
7,194,177
7,195,232
7,196,190
7,197,254
7,198,297
7,199,213
7,200,213
7,201,240
7,202,216
7,203,231
7,204,202
7,205,255
7,206,213
7,207,248
7,208,211
7,209,252
7,210,2576
7,211,345
7,212,213
7,213,435
7,214,290
7,215,418
7,216,214
7,217,286
7,218,267
7,219,326
7,220,267
7,221,1734
7,222,256
7,223,339
7,224,271
7,225,835
7,226,271
7,227,425
7,228,277
7,229,374
7,230,307
7,231,375
7,232,321
7,233,436
7,234,335
7,235,4095
7,236,383
7,237,470
7,238,500
7,239,484
7,240,427
7,241,495
7,242,462
7,243,538
7,244,481
7,245,888
7,246,678
7,247,887
7,248,551
7,249,679
7,250,578
7,251,654
7,252,619
7,253,677
7,254,750
7,255,653
7,256,620
8,1,360
8,2,399
8,3,379
8,4,396
8,5,369
8,6,529
8,7,400
8,8,748
8,9,1013
8,10,457
8,11,405
8,12,414
8,13,496
8,14,441
8,15,431
8,16,450
8,17,393
8,18,427
8,19,393
8,20,473
8,21,373
8,22,437
8,23,3709
8,24,422
8,25,394
8,26,421
8,27,439
8,28,1205
8,29,404
8,30,489
8,31,421
8,32,469
8,33,388
8,34,479
8,35,500
8,36,417
8,37,448
8,38,640
8,39,406
8,40,456
8,41,399
8,42,416
8,43,366
8,44,394
8,45,376
8,46,308
8,47,231
8,48,255
8,49,314
8,50,230
8,51,636
8,52,321
8,53,293
8,54,231
8,55,230
8,56,229
8,57,215
8,58,243
8,59,463
8,60,244
8,61,251
8,62,244
8,63,206
8,64,327
8,65,213
8,66,231
8,67,243
8,68,291
8,69,227
8,70,232
8,71,572
8,72,572
8,73,412
8,74,235
8,75,247
8,76,288
8,77,378
8,78,236
8,79,216
8,80,271
8,81,231
8,82,231
8,83,222
8,84,228
8,85,198
8,86,254
8,87,235
8,88,302
8,89,207
8,90,223
8,91,227
8,92,340
8,93,237
8,94,229
8,95,225
8,96,208
8,97,299
8,98,213
8,99,250
8,100,266
8,101,213
8,102,207
8,103,304
8,104,241
8,105,206
8,106,199
8,107,209
8,108,215
8,109,214
8,110,205
8,111,208
8,112,211
8,113,218
8,114,307
8,115,277
8,116,207
8,117,202
8,118,212
8,119,233
8,120,207
8,121,199
8,122,221
8,123,183
8,124,284
8,125,190
8,126,226
8,127,197
8,128,237
8,129,166
8,130,247
8,131,173
8,132,209
8,133,166
8,134,144
8,135,240
8,136,131
8,137,157
8,138,169
8,139,174
8,140,150
8,141,153
8,142,141
8,143,2652
8,144,681
8,145,236
8,146,139
8,147,157
8,148,309
8,149,160
8,150,164
8,151,169
8,152,175
8,153,196
8,154,153
8,155,242
8,156,171
8,157,225
8,158,181
8,159,181
8,160,272
8,161,221
8,162,169
8,163,249
8,164,181
8,165,174
8,166,184
8,167,180
8,168,185
8,169,182
8,170,246
8,171,220
8,172,180
8,173,192
8,174,222
8,175,188
8,176,177
8,177,191
8,178,212
8,179,3134
8,180,198
8,181,222
8,182,193
8,183,268
8,184,206
8,185,236
8,186,176
8,187,199
8,188,222
8,189,229
8,190,177
8,191,258
8,192,198
8,193,213
8,194,177
8,195,232
8,196,190
8,197,254
8,198,297
8,199,213
8,200,213
8,201,240
8,202,216
8,203,231
8,204,202
8,205,255
8,206,213
8,207,248
8,208,211
8,209,252
8,210,2576
8,211,345
8,212,213
8,213,435
8,214,290
8,215,418
8,216,214
8,217,286
8,218,267
8,219,326
8,220,267
8,221,1734
8,222,256
8,223,339
8,224,271
8,225,835
8,226,271
8,227,425
8,228,277
8,229,374
8,230,307
8,231,375
8,232,321
8,233,436
8,234,335
8,235,4095
8,236,383
8,237,470
8,238,500
8,239,484
8,240,427
8,241,495
8,242,462
8,243,538
8,244,481
8,245,888
8,246,678
8,247,887
8,248,551
8,249,679
8,250,578
8,251,654
8,252,619
8,253,677
8,254,750
8,255,653
8,256,620
9,1,360
9,2,399
9,3,377
9,4,393
9,5,368
9,6,529
9,7,399
9,8,749
9,9,1020
9,10,458
9,11,402
9,12,414
9,13,492
9,14,441
9,15,430
9,16,451
9,17,393
9,18,427
9,19,392
9,20,474
9,21,371
9,22,437
9,23,3751
9,24,421
9,25,394
9,26,420
9,27,437
9,28,1206
9,29,403
9,30,491
9,31,420
9,32,468
9,33,388
9,34,476
9,35,504
9,36,416
9,37,448
9,38,639
9,39,403
9,40,456
9,41,400
9,42,416
9,43,366
9,44,392
9,45,373
9,46,304
9,47,230
9,48,254
9,49,313
9,50,231
9,51,651
9,52,321
9,53,295
9,54,231
9,55,232
9,56,229
9,57,215
9,58,241
9,59,461
9,60,246
9,61,252
9,62,244
9,63,204
9,64,333
9,65,214
9,66,229
9,67,242
9,68,290
9,69,226
9,70,232
9,71,573
9,72,573
9,73,416
9,74,236
9,75,245
9,76,287
9,77,374
9,78,239
9,79,216
9,80,272
9,81,233
9,82,227
9,83,220
9,84,226
9,85,199
9,86,252
9,87,236
9,88,301
9,89,207
9,90,223
9,91,227
9,92,350
9,93,236
9,94,230
9,95,225
9,96,207
9,97,298
9,98,212
9,99,249
9,100,265
9,101,211
9,102,206
9,103,314
9,104,242
9,105,206
9,106,198
9,107,208
9,108,214
9,109,218
9,110,207
9,111,210
9,112,210
9,113,220
9,114,312
9,115,276
9,116,209
9,117,204
9,118,212
9,119,232
9,120,206
9,121,199
9,122,219
9,123,182
9,124,283
9,125,190
9,126,227
9,127,196
9,128,237
9,129,166
9,130,242
9,131,173
9,132,209
9,133,165
9,134,145
9,135,239
9,136,132
9,137,155
9,138,168
9,139,174
9,140,151
9,141,154
9,142,142
9,143,2649
9,144,681
9,145,235
9,146,138
9,147,157
9,148,313
9,149,162
9,150,164
9,151,170
9,152,175
9,153,196
9,154,153
9,155,244
9,156,171
9,157,226
9,158,184
9,159,181
9,160,269
9,161,222
9,162,170
9,163,243
9,164,181
9,165,174
9,166,183
9,167,181
9,168,183
9,169,180
9,170,246
9,171,218
9,172,179
9,173,191
9,174,225
9,175,187
9,176,175
9,177,193
9,178,211
9,179,3134
9,180,198
9,181,223
9,182,192
9,183,268
9,184,204
9,185,235
9,186,175
9,187,199
9,188,220
9,189,227
9,190,177
9,191,259
9,192,199
9,193,213
9,194,177
9,195,230
9,196,190
9,197,254
9,198,292
9,199,213
9,200,214
9,201,242
9,202,215
9,203,230
9,204,202
9,205,256
9,206,213
9,207,248
9,208,212
9,209,252
9,210,2573
9,211,348
9,212,212
9,213,440
9,214,292
9,215,419
9,216,214
9,217,286
9,218,266
9,219,326
9,220,267
9,221,1756
9,222,256
9,223,340
9,224,268
9,225,842
9,226,272
9,227,428
9,228,278
9,229,374
9,230,308
9,231,375
9,232,321
9,233,436
9,234,336
9,235,4095
9,236,384
9,237,470
9,238,496
9,239,487
9,240,427
9,241,496
9,242,462
9,243,536
9,244,479
9,245,892
9,246,665
9,247,876
9,248,552
9,249,674
9,250,579
9,251,653
9,252,621
9,253,679
9,254,751
9,255,653
9,256,623
10,1,360
10,2,399
10,3,377
10,4,393
10,5,368
10,6,529
10,7,399
10,8,749
10,9,1020
10,10,458
10,11,402
10,12,414
10,13,492
10,14,441
10,15,430
10,16,451
10,17,393
10,18,427
10,19,392
10,20,474
10,21,371
10,22,437
10,23,3751
10,24,421
10,25,394
10,26,420
10,27,437
10,28,1206
10,29,403
10,30,491
10,31,420
10,32,468
10,33,388
10,34,476
10,35,504
10,36,416
10,37,448
10,38,639
10,39,403
10,40,456
10,41,400
10,42,416
10,43,366
10,44,392
10,45,373
10,46,304
10,47,230
10,48,254
10,49,313
10,50,231
10,51,651
10,52,321
10,53,295
10,54,231
10,55,232
10,56,229
10,57,215
10,58,241
10,59,461
10,60,246
10,61,252
10,62,244
10,63,204
10,64,333
10,65,214
10,66,229
10,67,242
10,68,290
10,69,226
10,70,232
10,71,573
10,72,573
10,73,416
10,74,236
10,75,245
10,76,287
10,77,374
10,78,239
10,79,216
10,80,272
10,81,233
10,82,227
10,83,220
10,84,226
10,85,199
10,86,252
10,87,236
10,88,301
10,89,207
10,90,223
10,91,227
10,92,350
10,93,236
10,94,230
10,95,225
10,96,207
10,97,298
10,98,212
10,99,249
10,100,265
10,101,211
10,102,206
10,103,314
10,104,242
10,105,206
10,106,198
10,107,208
10,108,214
10,109,218
10,110,207
10,111,210
10,112,210
10,113,220
10,114,312
10,115,276
10,116,209
10,117,204
10,118,212
10,119,232
10,120,206
10,121,199
10,122,219
10,123,182
10,124,283
10,125,190
10,126,227
10,127,196
10,128,237
10,129,166
10,130,242
10,131,173
10,132,209
10,133,165
10,134,145
10,135,239
10,136,132
10,137,155
10,138,168
10,139,174
10,140,151
10,141,154
10,142,142
10,143,2649
10,144,681
10,145,235
10,146,138
10,147,157
10,148,313
10,149,162
10,150,164
10,151,170
10,152,175
10,153,196
10,154,153
10,155,244
10,156,171
10,157,226
10,158,184
10,159,181
10,160,269
10,161,222
10,162,170
10,163,243
10,164,181
10,165,174
10,166,183
10,167,181
10,168,183
10,169,180
10,170,246
10,171,218
10,172,179
10,173,191
10,174,225
10,175,187
10,176,175
10,177,193
10,178,211
10,179,3134
10,180,198
10,181,223
10,182,192
10,183,268
10,184,204
10,185,235
10,186,175
10,187,199
10,188,220
10,189,227
10,190,177
10,191,259
10,192,199
10,193,213
10,194,177
10,195,230
10,196,190
10,197,254
10,198,292
10,199,213
10,200,214
10,201,242
10,202,215
10,203,230
10,204,202
10,205,256
10,206,213
10,207,248
10,208,212
10,209,252
10,210,2573
10,211,348
10,212,212
10,213,440
10,214,292
10,215,419
10,216,214
10,217,286
10,218,266
10,219,326
10,220,267
10,221,1756
10,222,256
10,223,340
10,224,268
10,225,842
10,226,272
10,227,428
10,228,278
10,229,374
10,230,308
10,231,375
10,232,321
10,233,436
10,234,336
10,235,4095
10,236,384
10,237,470
10,238,496
10,239,487
10,240,427
10,241,496
10,242,462
10,243,536
10,244,479
10,245,892
10,246,665
10,247,876
10,248,552
10,249,674
10,250,579
10,251,653
10,252,621
10,253,679
10,254,751
10,255,653
10,256,623
11,1,361
11,2,399
11,3,378
11,4,395
11,5,369
11,6,530
11,7,401
11,8,748
11,9,1004
11,10,457
11,11,405
11,12,413
11,13,493
11,14,439
11,15,429
11,16,449
11,17,393
11,18,429
11,19,393
11,20,473
11,21,371
11,22,437
11,23,3708
11,24,421
11,25,395
11,26,420
11,27,455
11,28,1205
11,29,405
11,30,491
11,31,420
11,32,468
11,33,391
11,34,479
11,35,502
11,36,417
11,37,450
11,38,642
11,39,405
11,40,453
11,41,399
11,42,416
11,43,367
11,44,392
11,45,376
11,46,304
11,47,230
11,48,253
11,49,314
11,50,233
11,51,644
11,52,321
11,53,295
11,54,231
11,55,232
11,56,229
11,57,216
11,58,239
11,59,464
11,60,243
11,61,251
11,62,243
11,63,209
11,64,327
11,65,216
11,66,230
11,67,242
11,68,292
11,69,227
11,70,233
11,71,571
11,72,566
11,73,414
11,74,235
11,75,246
11,76,288
11,77,378
11,78,238
11,79,216
11,80,271
11,81,232
11,82,230
11,83,221
11,84,229
11,85,199
11,86,252
11,87,238
11,88,302
11,89,208
11,90,222
11,91,225
11,92,337
11,93,238
11,94,229
11,95,227
11,96,209
11,97,315
11,98,212
11,99,250
11,100,265
11,101,213
11,102,207
11,103,315
11,104,243
11,105,207
11,106,201
11,107,208
11,108,214
11,109,216
11,110,206
11,111,209
11,112,209
11,113,220
11,114,310
11,115,277
11,116,207
11,117,204
11,118,213
11,119,234
11,120,207
11,121,200
11,122,220
11,123,184
11,124,281
11,125,192
11,126,230
11,127,198
11,128,237
11,129,168
11,130,248
11,131,174
11,132,210
11,133,165
11,134,144
11,135,238
11,136,130
11,137,156
11,138,168
11,139,175
11,140,151
11,141,154
11,142,141
11,143,2649
11,144,680
11,145,234
11,146,140
11,147,157
11,148,303
11,149,163
11,150,163
11,151,170
11,152,175
11,153,196
11,154,154
11,155,243
11,156,170
11,157,223
11,158,183
11,159,182
11,160,274
11,161,221
11,162,169
11,163,250
11,164,182
11,165,173
11,166,185
11,167,180
11,168,183
11,169,182
11,170,246
11,171,222
11,172,179
11,173,192
11,174,222
11,175,189
11,176,176
11,177,193
11,178,212
11,179,3137
11,180,197
11,181,223
11,182,192
11,183,271
11,184,204
11,185,237
11,186,177
11,187,200
11,188,221
11,189,226
11,190,177
11,191,259
11,192,200
11,193,213
11,194,177
11,195,232
11,196,188
11,197,253
11,198,291
11,199,214
11,200,214
11,201,241
11,202,216
11,203,232
11,204,202
11,205,256
11,206,214
11,207,248
11,208,211
11,209,253
11,210,2571
11,211,348
11,212,212
11,213,446
11,214,290
11,215,420
11,216,215
11,217,286
11,218,267
11,219,327
11,220,267
11,221,1740
11,222,259
11,223,339
11,224,269
11,225,824
11,226,272
11,227,438
11,228,278
11,229,376
11,230,308
11,231,374
11,232,322
11,233,437
11,234,334
11,235,4095
11,236,390
11,237,471
11,238,500
11,239,487
11,240,429
11,241,498
11,242,462
11,243,536
11,244,479
11,245,894
11,246,654
11,247,877
11,248,551
11,249,673
11,250,579
11,251,653
11,252,617
11,253,678
11,254,739
11,255,653
11,256,622
12,1,361
12,2,399
12,3,378
12,4,395
12,5,369
12,6,530
12,7,401
12,8,748
12,9,1004
12,10,457
12,11,405
12,12,413
12,13,493
12,14,439
12,15,429
12,16,449
12,17,393
12,18,429
12,19,393
12,20,473
12,21,371
12,22,437
12,23,3708
12,24,421
12,25,395
12,26,420
12,27,455
12,28,1205
12,29,405
12,30,491
12,31,420
12,32,468
12,33,391
12,34,479
12,35,502
12,36,417
12,37,450
12,38,642
12,39,405
12,40,453
12,41,399
12,42,416
12,43,367
12,44,392
12,45,376
12,46,304
12,47,230
12,48,253
12,49,314
12,50,233
12,51,644
12,52,321
12,53,295
12,54,231
12,55,232
12,56,229
12,57,216
12,58,239
12,59,464
12,60,243
12,61,251
12,62,243
12,63,209
12,64,327
12,65,216
12,66,230
12,67,242
12,68,292
12,69,227
12,70,233
12,71,571
12,72,566
12,73,414
12,74,235
12,75,246
12,76,288
12,77,378
12,78,238
12,79,216
12,80,271
12,81,232
12,82,230
12,83,221
12,84,229
12,85,199
12,86,252
12,87,238
12,88,302
12,89,208
12,90,222
12,91,225
12,92,337
12,93,238
12,94,229
12,95,227
12,96,209
12,97,315
12,98,212
12,99,250
12,100,265
12,101,213
12,102,207
12,103,315
12,104,243
12,105,207
12,106,201
12,107,208
12,108,214
12,109,216
12,110,206
12,111,209
12,112,209
12,113,220
12,114,310
12,115,277
12,116,207
12,117,204
12,118,213
12,119,234
12,120,207
12,121,200
12,122,220
12,123,184
12,124,281
12,125,192
12,126,230
12,127,198
12,128,237
12,129,168
12,130,248
12,131,174
12,132,210
12,133,165
12,134,144
12,135,238
12,136,130
12,137,156
12,138,168
12,139,175
12,140,151
12,141,154
12,142,141
12,143,2649
12,144,680
12,145,234
12,146,140
12,147,157
12,148,303
12,149,163
12,150,163
12,151,170
12,152,175
12,153,196
12,154,154
12,155,243
12,156,170
12,157,223
12,158,183
12,159,182
12,160,274
12,161,221
12,162,169
12,163,250
12,164,182
12,165,173
12,166,185
12,167,180
12,168,183
12,169,182
12,170,246
12,171,222
12,172,179
12,173,192
12,174,222
12,175,189
12,176,176
12,177,193
12,178,212
12,179,3137
12,180,197
12,181,223
12,182,192
12,183,271
12,184,204
12,185,237
12,186,177
12,187,200
12,188,221
12,189,226
12,190,177
12,191,259
12,192,200
12,193,213
12,194,177
12,195,232
12,196,188
12,197,253
12,198,291
12,199,214
12,200,214
12,201,241
12,202,216
12,203,232
12,204,202
12,205,256
12,206,214
12,207,248
12,208,211
12,209,253
12,210,2571
12,211,348
12,212,212
12,213,446
12,214,290
12,215,420
12,216,215
12,217,286
12,218,267
12,219,327
12,220,267
12,221,1740
12,222,259
12,223,339
12,224,269
12,225,824
12,226,272
12,227,438
12,228,278
12,229,376
12,230,308
12,231,374
12,232,322
12,233,437
12,234,334
12,235,4095
12,236,390
12,237,471
12,238,500
12,239,487
12,240,429
12,241,498
12,242,462
12,243,536
12,244,479
12,245,894
12,246,654
12,247,877
12,248,551
12,249,673
12,250,579
12,251,653
12,252,617
12,253,678
12,254,739
12,255,653
12,256,622
13,1,360
13,2,399
13,3,375
13,4,394
13,5,367
13,6,535
13,7,401
13,8,755
13,9,1006
13,10,457
13,11,403
13,12,414
13,13,493
13,14,441
13,15,429
13,16,451
13,17,393
13,18,429
13,19,391
13,20,473
13,21,372
13,22,439
13,23,3744
13,24,421
13,25,396
13,26,421
13,27,436
13,28,1204
13,29,402
13,30,490
13,31,422
13,32,468
13,33,388
13,34,478
13,35,503
13,36,417
13,37,448
13,38,638
13,39,406
13,40,454
13,41,398
13,42,417
13,43,367
13,44,393
13,45,378
13,46,304
13,47,230
13,48,255
13,49,306
13,50,232
13,51,646
13,52,321
13,53,289
13,54,233
13,55,232
13,56,228
13,57,216
13,58,243
13,59,463
13,60,246
13,61,252
13,62,242
13,63,205
13,64,333
13,65,214
13,66,231
13,67,243
13,68,291
13,69,228
13,70,233
13,71,571
13,72,580
13,73,414
13,74,236
13,75,246
13,76,287
13,77,374
13,78,238
13,79,217
13,80,275
13,81,233
13,82,225
13,83,221
13,84,229
13,85,198
13,86,255
13,87,235
13,88,301
13,89,207
13,90,223
13,91,226
13,92,337
13,93,239
13,94,230
13,95,227
13,96,208
13,97,301
13,98,212
13,99,249
13,100,265
13,101,211
13,102,207
13,103,314
13,104,243
13,105,206
13,106,200
13,107,208
13,108,214
13,109,214
13,110,207
13,111,210
13,112,211
13,113,219
13,114,308
13,115,276
13,116,208
13,117,203
13,118,212
13,119,234
13,120,206
13,121,201
13,122,222
13,123,184
13,124,285
13,125,190
13,126,227
13,127,196
13,128,234
13,129,167
13,130,248
13,131,174
13,132,209
13,133,164
13,134,146
13,135,234
13,136,132
13,137,155
13,138,170
13,139,174
13,140,151
13,141,154
13,142,141
13,143,2647
13,144,680
13,145,232
13,146,139
13,147,158
13,148,314
13,149,161
13,150,163
13,151,168
13,152,175
13,153,197
13,154,155
13,155,243
13,156,172
13,157,223
13,158,184
13,159,181
13,160,275
13,161,222
13,162,183
13,163,247
13,164,182
13,165,173
13,166,185
13,167,179
13,168,183
13,169,182
13,170,246
13,171,219
13,172,180
13,173,192
13,174,222
13,175,188
13,176,176
13,177,192
13,178,212
13,179,3136
13,180,198
13,181,223
13,182,193
13,183,270
13,184,204
13,185,236
13,186,175
13,187,200
13,188,222
13,189,228
13,190,177
13,191,262
13,192,200
13,193,213
13,194,177
13,195,229
13,196,190
13,197,253
13,198,295
13,199,213
13,200,213
13,201,241
13,202,217
13,203,231
13,204,201
13,205,256
13,206,214
13,207,249
13,208,211
13,209,254
13,210,2575
13,211,346
13,212,215
13,213,436
13,214,291
13,215,424
13,216,216
13,217,286
13,218,267
13,219,327
13,220,268
13,221,1552
13,222,258
13,223,339
13,224,270
13,225,830
13,226,274
13,227,426
13,228,278
13,229,376
13,230,308
13,231,374
13,232,322
13,233,438
13,234,335
13,235,4095
13,236,382
13,237,470
13,238,497
13,239,486
13,240,428
13,241,496
13,242,462
13,243,537
13,244,481
13,245,884
13,246,659
13,247,879
13,248,550
13,249,672
13,250,578
13,251,654
13,252,620
13,253,679
13,254,736
13,255,653
13,256,623
14,1,360
14,2,399
14,3,375
14,4,394
14,5,367
14,6,535
14,7,401
14,8,755
14,9,1006
14,10,457
14,11,403
14,12,414
14,13,493
14,14,441
14,15,429
14,16,451
14,17,393
14,18,429
14,19,391
14,20,473
14,21,372
14,22,439
14,23,3744
14,24,421
14,25,396
14,26,421
14,27,436
14,28,1204
14,29,402
14,30,490
14,31,422
14,32,468
14,33,388
14,34,478
14,35,503
14,36,417
14,37,448
14,38,638
14,39,406
14,40,454
14,41,398
14,42,417
14,43,367
14,44,393
14,45,378
14,46,304
14,47,230
14,48,255
14,49,306
14,50,232
14,51,646
14,52,321
14,53,289
14,54,233
14,55,232
14,56,228
14,57,216
14,58,243
14,59,463
14,60,246
14,61,252
14,62,242
14,63,205
14,64,333
14,65,214
14,66,231
14,67,243
14,68,291
14,69,228
14,70,233
14,71,571
14,72,580
14,73,414
14,74,236
14,75,246
14,76,287
14,77,374
14,78,238
14,79,217
14,80,275
14,81,233
14,82,225
14,83,221
14,84,229
14,85,198
14,86,255
14,87,235
14,88,301
14,89,207
14,90,223
14,91,226
14,92,337
14,93,239
14,94,230
14,95,227
14,96,208
14,97,301
14,98,212
14,99,249
14,100,265
14,101,211
14,102,207
14,103,314
14,104,243
14,105,206
14,106,200
14,107,208
14,108,214
14,109,214
14,110,207
14,111,210
14,112,211
14,113,219
14,114,308
14,115,276
14,116,208
14,117,203
14,118,212
14,119,234
14,120,206
14,121,201
14,122,222
14,123,184
14,124,285
14,125,190
14,126,227
14,127,196
14,128,234
14,129,167
14,130,248
14,131,174
14,132,209
14,133,164
14,134,146
14,135,234
14,136,132
14,137,155
14,138,170
14,139,174
14,140,151
14,141,154
14,142,141
14,143,2647
14,144,680
14,145,232
14,146,139
14,147,158
14,148,314
14,149,161
14,150,163
14,151,168
14,152,175
14,153,197
14,154,155
14,155,243
14,156,172
14,157,223
14,158,184
14,159,181
14,160,275
14,161,222
14,162,183
14,163,247
14,164,182
14,165,173
14,166,185
14,167,179
14,168,183
14,169,182
14,170,246
14,171,219
14,172,180
14,173,192
14,174,222
14,175,188
14,176,176
14,177,192
14,178,212
14,179,3136
14,180,198
14,181,223
14,182,193
14,183,270
14,184,204
14,185,236
14,186,175
14,187,200
14,188,222
14,189,228
14,190,177
14,191,262
14,192,200
14,193,213
14,194,177
14,195,229
14,196,190
14,197,253
14,198,295
14,199,213
14,200,213
14,201,241
14,202,217
14,203,231
14,204,201
14,205,256
14,206,214
14,207,249
14,208,211
14,209,254
14,210,2575
14,211,346
14,212,215
14,213,436
14,214,291
14,215,424
14,216,216
14,217,286
14,218,267
14,219,327
14,220,268
14,221,1552
14,222,258
14,223,339
14,224,270
14,225,830
14,226,274
14,227,426
14,228,278
14,229,376
14,230,308
14,231,374
14,232,322
14,233,438
14,234,335
14,235,4095
14,236,382
14,237,470
14,238,497
14,239,486
14,240,428
14,241,496
14,242,462
14,243,537
14,244,481
14,245,884
14,246,659
14,247,879
14,248,550
14,249,672
14,250,578
14,251,654
14,252,620
14,253,679
14,254,736
14,255,653
14,256,623
15,1,361
15,2,414
15,3,391
15,4,396
15,5,369
15,6,535
15,7,406
15,8,739
15,9,1017
15,10,459
15,11,402
15,12,413
15,13,493
15,14,441
15,15,429
15,16,451
15,17,395
15,18,428
15,19,393
15,20,472
15,21,370
15,22,438
15,23,3848
15,24,422
15,25,394
15,26,420
15,27,437
15,28,1207
15,29,403
15,30,491
15,31,421
15,32,463
15,33,388
15,34,478
15,35,499
15,36,418
15,37,448
15,38,645
15,39,438
15,40,452
15,41,400
15,42,415
15,43,366
15,44,392
15,45,375
15,46,304
15,47,230
15,48,255
15,49,313
15,50,231
15,51,647
15,52,317
15,53,294
15,54,230
15,55,233
15,56,229
15,57,216
15,58,244
15,59,461
15,60,245
15,61,252
15,62,243
15,63,206
15,64,330
15,65,215
15,66,231
15,67,244
15,68,290
15,69,227
15,70,233
15,71,570
15,72,556
15,73,414
15,74,235
15,75,245
15,76,287
15,77,373
15,78,238
15,79,216
15,80,271
15,81,233
15,82,225
15,83,221
15,84,228
15,85,200
15,86,254
15,87,236
15,88,301
15,89,208
15,90,225
15,91,227
15,92,337
15,93,241
15,94,229
15,95,228
15,96,209
15,97,290
15,98,212
15,99,249
15,100,266
15,101,212
15,102,206
15,103,312
15,104,242
15,105,206
15,106,199
15,107,209
15,108,214
15,109,214
15,110,206
15,111,209
15,112,209
15,113,219
15,114,309
15,115,275
15,116,210
15,117,203
15,118,210
15,119,232
15,120,207
15,121,200
15,122,219
15,123,184
15,124,274
15,125,189
15,126,228
15,127,197
15,128,236
15,129,167
15,130,248
15,131,174
15,132,210
15,133,165
15,134,145
15,135,233
15,136,131
15,137,156
15,138,169
15,139,174
15,140,150
15,141,155
15,142,141
15,143,2650
15,144,681
15,145,232
15,146,138
15,147,156
15,148,308
15,149,162
15,150,163
15,151,169
15,152,175
15,153,196
15,154,154
15,155,242
15,156,170
15,157,223
15,158,183
15,159,182
15,160,271
15,161,222
15,162,170
15,163,251
15,164,182
15,165,173
15,166,185
15,167,181
15,168,183
15,169,182
15,170,246
15,171,221
15,172,180
15,173,192
15,174,222
15,175,188
15,176,175
15,177,192
15,178,212
15,179,3130
15,180,197
15,181,221
15,182,193
15,183,270
15,184,204
15,185,235
15,186,176
15,187,200
15,188,220
15,189,226
15,190,177
15,191,261
15,192,200
15,193,213
15,194,178
15,195,231
15,196,189
15,197,254
15,198,295
15,199,215
15,200,213
15,201,242
15,202,215
15,203,231
15,204,201
15,205,255
15,206,213
15,207,248
15,208,211
15,209,253
15,210,2575
15,211,345
15,212,213
15,213,432
15,214,291
15,215,421
15,216,214
15,217,286
15,218,266
15,219,326
15,220,267
15,221,1745
15,222,259
15,223,337
15,224,270
15,225,827
15,226,272
15,227,426
15,228,278
15,229,376
15,230,308
15,231,372
15,232,320
15,233,439
15,234,334
15,235,4095
15,236,382
15,237,470
15,238,496
15,239,488
15,240,427
15,241,498
15,242,462
15,243,537
15,244,481
15,245,898
15,246,658
15,247,883
15,248,551
15,249,676
15,250,578
15,251,654
15,252,619
15,253,677
15,254,749
15,255,653
15,256,622
16,1,361
16,2,414
16,3,391
16,4,396
16,5,369
16,6,535
16,7,406
16,8,739
16,9,1017
16,10,459
16,11,402
16,12,413
16,13,493
16,14,441
16,15,429
16,16,451
16,17,395
16,18,428
16,19,393
16,20,472
16,21,370
16,22,438
16,23,3848
16,24,422
16,25,394
16,26,420
16,27,437
16,28,1207
16,29,403
16,30,491
16,31,421
16,32,463
16,33,388
16,34,478
16,35,499
16,36,418
16,37,448
16,38,645
16,39,438
16,40,452
16,41,400
16,42,415
16,43,366
16,44,392
16,45,375
16,46,304
16,47,230
16,48,255
16,49,313
16,50,231
16,51,647
16,52,317
16,53,294
16,54,230
16,55,233
16,56,229
16,57,216
16,58,244
16,59,461
16,60,245
16,61,252
16,62,243
16,63,206
16,64,330
16,65,215
16,66,231
16,67,244
16,68,290
16,69,227
16,70,233
16,71,570
16,72,556
16,73,414
16,74,235
16,75,245
16,76,287
16,77,373
16,78,238
16,79,216
16,80,271
16,81,233
16,82,225
16,83,221
16,84,228
16,85,200
16,86,254
16,87,236
16,88,301
16,89,208
16,90,225
16,91,227
16,92,337
16,93,241
16,94,229
16,95,228
16,96,209
16,97,290
16,98,212
16,99,249
16,100,266
16,101,212
16,102,206
16,103,312
16,104,242
16,105,206
16,106,199
16,107,209
16,108,214
16,109,214
16,110,206
16,111,209
16,112,209
16,113,219
16,114,309
16,115,275
16,116,210
16,117,203
16,118,210
16,119,232
16,120,207
16,121,200
16,122,219
16,123,184
16,124,274
16,125,189
16,126,228
16,127,197
16,128,236
16,129,167
16,130,248
16,131,174
16,132,210
16,133,165
16,134,145
16,135,233
16,136,131
16,137,156
16,138,169
16,139,174
16,140,150
16,141,155
16,142,141
16,143,2650
16,144,681
16,145,232
16,146,138
16,147,156
16,148,308
16,149,162
16,150,163
16,151,169
16,152,175
16,153,196
16,154,154
16,155,242
16,156,170
16,157,223
16,158,183
16,159,182
16,160,271
16,161,222
16,162,170
16,163,251
16,164,182
16,165,173
16,166,185
16,167,181
16,168,183
16,169,182
16,170,246
16,171,221
16,172,180
16,173,192
16,174,222
16,175,188
16,176,175
16,177,192
16,178,212
16,179,3130
16,180,197
16,181,221
16,182,193
16,183,270
16,184,204
16,185,235
16,186,176
16,187,200
16,188,220
16,189,226
16,190,177
16,191,261
16,192,200
16,193,213
16,194,178
16,195,231
16,196,189
16,197,254
16,198,295
16,199,215
16,200,213
16,201,242
16,202,215
16,203,231
16,204,201
16,205,255
16,206,213
16,207,248
16,208,211
16,209,253
16,210,2575
16,211,345
16,212,213
16,213,432
16,214,291
16,215,421
16,216,214
16,217,286
16,218,266
16,219,326
16,220,267
16,221,1745
16,222,259
16,223,337
16,224,270
16,225,827
16,226,272
16,227,426
16,228,278
16,229,376
16,230,308
16,231,372
16,232,320
16,233,439
16,234,334
16,235,4095
16,236,382
16,237,470
16,238,496
16,239,488
16,240,427
16,241,498
16,242,462
16,243,537
16,244,481
16,245,898
16,246,658
16,247,883
16,248,551
16,249,676
16,250,578
16,251,654
16,252,619
16,253,677
16,254,749
16,255,653
16,256,622
17,1,360
17,2,400
17,3,377
17,4,393
17,5,369
17,6,527
17,7,403
17,8,764
17,9,1025
17,10,457
17,11,403
17,12,414
17,13,491
17,14,439
17,15,429
17,16,451
17,17,391
17,18,429
17,19,391
17,20,469
17,21,372
17,22,436
17,23,3712
17,24,422
17,25,392
17,26,421
17,27,440
17,28,1202
17,29,401
17,30,490
17,31,421
17,32,461
17,33,389
17,34,477
17,35,502
17,36,416
17,37,449
17,38,639
17,39,404
17,40,452
17,41,398
17,42,416
17,43,366
17,44,392
17,45,375
17,46,303
17,47,230
17,48,254
17,49,313
17,50,232
17,51,633
17,52,316
17,53,297
17,54,237
17,55,233
17,56,230
17,57,215
17,58,244
17,59,463
17,60,246
17,61,249
17,62,243
17,63,206
17,64,331
17,65,213
17,66,229
17,67,243
17,68,291
17,69,227
17,70,232
17,71,570
17,72,566
17,73,414
17,74,234
17,75,246
17,76,287
17,77,371
17,78,238
17,79,216
17,80,270
17,81,232
17,82,224
17,83,222
17,84,229
17,85,201
17,86,253
17,87,235
17,88,318
17,89,317
17,90,225
17,91,227
17,92,335
17,93,238
17,94,230
17,95,226
17,96,208
17,97,320
17,98,211
17,99,251
17,100,265
17,101,211
17,102,207
17,103,323
17,104,244
17,105,206
17,106,199
17,107,207
17,108,215
17,109,217
17,110,206
17,111,209
17,112,210
17,113,220
17,114,307
17,115,279
17,116,208
17,117,202
17,118,212
17,119,233
17,120,207
17,121,199
17,122,221
17,123,183
17,124,276
17,125,189
17,126,228
17,127,198
17,128,238
17,129,168
17,130,248
17,131,173
17,132,209
17,133,164
17,134,146
17,135,236
17,136,130
17,137,155
17,138,168
17,139,174
17,140,150
17,141,153
17,142,141
17,143,2631
17,144,678
17,145,234
17,146,138
17,147,157
17,148,306
17,149,162
17,150,163
17,151,168
17,152,175
17,153,196
17,154,153
17,155,243
17,156,169
17,157,224
17,158,182
17,159,181
17,160,273
17,161,222
17,162,169
17,163,251
17,164,181
17,165,173
17,166,185
17,167,181
17,168,183
17,169,182
17,170,245
17,171,220
17,172,180
17,173,192
17,174,220
17,175,188
17,176,176
17,177,193
17,178,212
17,179,3139
17,180,217
17,181,231
17,182,198
17,183,268
17,184,204
17,185,235
17,186,176
17,187,199
17,188,221
17,189,226
17,190,176
17,191,260
17,192,199
17,193,212
17,194,178
17,195,227
17,196,188
17,197,253
17,198,311
17,199,215
17,200,215
17,201,239
17,202,215
17,203,230
17,204,202
17,205,256
17,206,213
17,207,248
17,208,210
17,209,253
17,210,2573
17,211,346
17,212,213
17,213,444
17,214,290
17,215,419
17,216,215
17,217,286
17,218,267
17,219,325
17,220,267
17,221,1748
17,222,260
17,223,339
17,224,268
17,225,815
17,226,273
17,227,423
17,228,278
17,229,376
17,230,307
17,231,374
17,232,321
17,233,436
17,234,335
17,235,4095
17,236,386
17,237,471
17,238,498
17,239,489
17,240,429
17,241,498
17,242,462
17,243,539
17,244,480
17,245,887
17,246,656
17,247,861
17,248,552
17,249,678
17,250,579
17,251,654
17,252,618
17,253,678
17,254,746
17,255,652
17,256,623
18,1,360
18,2,400
18,3,377
18,4,393
18,5,369
18,6,527
18,7,403
18,8,764
18,9,1025
18,10,457
18,11,403
18,12,414
18,13,491
18,14,439
18,15,429
18,16,451
18,17,391
18,18,429
18,19,391
18,20,469
18,21,372
18,22,436
18,23,3712
18,24,422
18,25,392
18,26,421
18,27,440
18,28,1202
18,29,401
18,30,490
18,31,421
18,32,461
18,33,389
18,34,477
18,35,502
18,36,416
18,37,449
18,38,639
18,39,404
18,40,452
18,41,398
18,42,416
18,43,366
18,44,392
18,45,375
18,46,303
18,47,230
18,48,254
18,49,313
18,50,232
18,51,633
18,52,316
18,53,297
18,54,237
18,55,233
18,56,230
18,57,215
18,58,244
18,59,463
18,60,246
18,61,249
18,62,243
18,63,206
18,64,331
18,65,213
18,66,229
18,67,243
18,68,291
18,69,227
18,70,232
18,71,570
18,72,566
18,73,414
18,74,234
18,75,246
18,76,287
18,77,371
18,78,238
18,79,216
18,80,270
18,81,232
18,82,224
18,83,222
18,84,229
18,85,201
18,86,253
18,87,235
18,88,318
18,89,317
18,90,225
18,91,227
18,92,335
18,93,238
18,94,230
18,95,226
18,96,208
18,97,320
18,98,211
18,99,251
18,100,265
18,101,211
18,102,207
18,103,323
18,104,244
18,105,206
18,106,199
18,107,207
18,108,215
18,109,217
18,110,206
18,111,209
18,112,210
18,113,220
18,114,307
18,115,279
18,116,208
18,117,202
18,118,212
18,119,233
18,120,207
18,121,199
18,122,221
18,123,183
18,124,276
18,125,189
18,126,228
18,127,198
18,128,238
18,129,168
18,130,248
18,131,173
18,132,209
18,133,164
18,134,146
18,135,236
18,136,130
18,137,155
18,138,168
18,139,174
18,140,150
18,141,153
18,142,141
18,143,2631
18,144,678
18,145,234
18,146,138
18,147,157
18,148,306
18,149,162
18,150,163
18,151,168
18,152,175
18,153,196
18,154,153
18,155,243
18,156,169
18,157,224
18,158,182
18,159,181
18,160,273
18,161,222
18,162,169
18,163,251
18,164,181
18,165,173
18,166,185
18,167,181
18,168,183
18,169,182
18,170,245
18,171,220
18,172,180
18,173,192
18,174,220
18,175,188
18,176,176
18,177,193
18,178,212
18,179,3139
18,180,217
18,181,231
18,182,198
18,183,268
18,184,204
18,185,235
18,186,176
18,187,199
18,188,221
18,189,226
18,190,176
18,191,260
18,192,199
18,193,212
18,194,178
18,195,227
18,196,188
18,197,253
18,198,311
18,199,215
18,200,215
18,201,239
18,202,215
18,203,230
18,204,202
18,205,256
18,206,213
18,207,248
18,208,210
18,209,253
18,210,2573
18,211,346
18,212,213
18,213,444
18,214,290
18,215,419
18,216,215
18,217,286
18,218,267
18,219,325
18,220,267
18,221,1748
18,222,260
18,223,339
18,224,268
18,225,815
18,226,273
18,227,423
18,228,278
18,229,376
18,230,307
18,231,374
18,232,321
18,233,436
18,234,335
18,235,4095
18,236,386
18,237,471
18,238,498
18,239,489
18,240,429
18,241,498
18,242,462
18,243,539
18,244,480
18,245,887
18,246,656
18,247,861
18,248,552
18,249,678
18,250,579
18,251,654
18,252,618
18,253,678
18,254,746
18,255,652
18,256,623
19,1,361
19,2,401
19,3,378
19,4,394
19,5,369
19,6,529
19,7,402
19,8,747
19,9,1016
19,10,459
19,11,405
19,12,415
19,13,494
19,14,440
19,15,429
19,16,451
19,17,393
19,18,429
19,19,394
19,20,472
19,21,371
19,22,439
19,23,3728
19,24,421
19,25,395
19,26,423
19,27,437
19,28,1205
19,29,402
19,30,490
19,31,421
19,32,464
19,33,389
19,34,478
19,35,503
19,36,418
19,37,448
19,38,642
19,39,405
19,40,452
19,41,397
19,42,415
19,43,366
19,44,393
19,45,375
19,46,304
19,47,231
19,48,255
19,49,312
19,50,232
19,51,658
19,52,320
19,53,292
19,54,231
19,55,230
19,56,228
19,57,215
19,58,244
19,59,465
19,60,247
19,61,252
19,62,243
19,63,206
19,64,332
19,65,215
19,66,232
19,67,244
19,68,293
19,69,226
19,70,233
19,71,569
19,72,575
19,73,420
19,74,237
19,75,248
19,76,288
19,77,377
19,78,239
19,79,216
19,80,272
19,81,231
19,82,225
19,83,221
19,84,228
19,85,198
19,86,256
19,87,235
19,88,301
19,89,206
19,90,223
19,91,228
19,92,336
19,93,238
19,94,229
19,95,226
19,96,208
19,97,240
19,98,211
19,99,249
19,100,265
19,101,210
19,102,207
19,103,307
19,104,242
19,105,205
19,106,201
19,107,207
19,108,214
19,109,218
19,110,206
19,111,209
19,112,210
19,113,219
19,114,310
19,115,274
19,116,209
19,117,203
19,118,211
19,119,234
19,120,207
19,121,200
19,122,220
19,123,183
19,124,279
19,125,191
19,126,227
19,127,198
19,128,239
19,129,168
19,130,248
19,131,173
19,132,210
19,133,166
19,134,146
19,135,239
19,136,131
19,137,155
19,138,169
19,139,173
19,140,150
19,141,154
19,142,139
19,143,2627
19,144,680
19,145,233
19,146,139
19,147,157
19,148,306
19,149,161
19,150,164
19,151,167
19,152,175
19,153,196
19,154,155
19,155,243
19,156,170
19,157,223
19,158,181
19,159,182
19,160,272
19,161,219
19,162,169
19,163,245
19,164,182
19,165,174
19,166,182
19,167,180
19,168,183
19,169,182
19,170,245
19,171,219
19,172,179
19,173,192
19,174,222
19,175,189
19,176,176
19,177,192
19,178,211
19,179,3155
19,180,197
19,181,222
19,182,194
19,183,274
19,184,205
19,185,236
19,186,177
19,187,199
19,188,221
19,189,226
19,190,177
19,191,257
19,192,199
19,193,213
19,194,178
19,195,228
19,196,189
19,197,255
19,198,286
19,199,214
19,200,214
19,201,241
19,202,215
19,203,230
19,204,204
19,205,256
19,206,214
19,207,248
19,208,213
19,209,253
19,210,2575
19,211,346
19,212,213
19,213,431
19,214,292
19,215,421
19,216,215
19,217,285
19,218,267
19,219,326
19,220,268
19,221,1680
19,222,259
19,223,340
19,224,269
19,225,828
19,226,272
19,227,425
19,228,279
19,229,375
19,230,309
19,231,374
19,232,322
19,233,438
19,234,336
19,235,4095
19,236,387
19,237,470
19,238,496
19,239,485
19,240,429
19,241,497
19,242,463
19,243,538
19,244,482
19,245,884
19,246,652
19,247,872
19,248,551
19,249,677
19,250,579
19,251,655
19,252,621
19,253,678
19,254,749
19,255,649
19,256,621
20,1,361
20,2,401
20,3,378
20,4,394
20,5,369
20,6,529
20,7,402
20,8,747
20,9,1016
20,10,459
20,11,405
20,12,415
20,13,494
20,14,440
20,15,429
20,16,451
20,17,393
20,18,429
20,19,394
20,20,472
20,21,371
20,22,439
20,23,3728
20,24,421
20,25,395
20,26,423
20,27,437
20,28,1205
20,29,402
20,30,490
20,31,421
20,32,464
20,33,389
20,34,478
20,35,503
20,36,418
20,37,448
20,38,642
20,39,405
20,40,452
20,41,397
20,42,415
20,43,366
20,44,393
20,45,375
20,46,304
20,47,231
20,48,255
20,49,312
20,50,232
20,51,658
20,52,320
20,53,292
20,54,231
20,55,230
20,56,228
20,57,215
20,58,244
20,59,465
20,60,247
20,61,252
20,62,243
20,63,206
20,64,332
20,65,215
20,66,232
20,67,244
20,68,293
20,69,226
20,70,233
20,71,569
20,72,575
20,73,420
20,74,237
20,75,248
20,76,288
20,77,377
20,78,239
20,79,216
20,80,272
20,81,231
20,82,225
20,83,221
20,84,228
20,85,198
20,86,256
20,87,235
20,88,301
20,89,206
20,90,223
20,91,228
20,92,336
20,93,238
20,94,229
20,95,226
20,96,208
20,97,240
20,98,211
20,99,249
20,100,265
20,101,210
20,102,207
20,103,307
20,104,242
20,105,205
20,106,201
20,107,207
20,108,214
20,109,218
20,110,206
20,111,209
20,112,210
20,113,219
20,114,310
20,115,274
20,116,209
20,117,203
20,118,211
20,119,234
20,120,207
20,121,200
20,122,220
20,123,183
20,124,279
20,125,191
20,126,227
20,127,198
20,128,239
20,129,168
20,130,248
20,131,173
20,132,210
20,133,166
20,134,146
20,135,239
20,136,131
20,137,155
20,138,169
20,139,173
20,140,150
20,141,154
20,142,139
20,143,2627
20,144,680
20,145,233
20,146,139
20,147,157
20,148,306
20,149,161
20,150,164
20,151,167
20,152,175
20,153,196
20,154,155
20,155,243
20,156,170
20,157,223
20,158,181
20,159,182
20,160,272
20,161,219
20,162,169
20,163,245
20,164,182
20,165,174
20,166,182
20,167,180
20,168,183
20,169,182
20,170,245
20,171,219
20,172,179
20,173,192
20,174,222
20,175,189
20,176,176
20,177,192
20,178,211
20,179,3155
20,180,197
20,181,222
20,182,194
20,183,274
20,184,205
20,185,236
20,186,177
20,187,199
20,188,221
20,189,226
20,190,177
20,191,257
20,192,199
20,193,213
20,194,178
20,195,228
20,196,189
20,197,255
20,198,286
20,199,214
20,200,214
20,201,241
20,202,215
20,203,230
20,204,204
20,205,256
20,206,214
20,207,248
20,208,213
20,209,253
20,210,2575
20,211,346
20,212,213
20,213,431
20,214,292
20,215,421
20,216,215
20,217,285
20,218,267
20,219,326
20,220,268
20,221,1680
20,222,259
20,223,340
20,224,269
20,225,828
20,226,272
20,227,425
20,228,279
20,229,375
20,230,309
20,231,374
20,232,322
20,233,438
20,234,336
20,235,4095
20,236,387
20,237,470
20,238,496
20,239,485
20,240,429
20,241,497
20,242,463
20,243,538
20,244,482
20,245,884
20,246,652
20,247,872
20,248,551
20,249,677
20,250,579
20,251,655
20,252,621
20,253,678
20,254,749
20,255,649
20,256,621
21,1,362
21,2,398
21,3,379
21,4,393
21,5,369
21,6,528
21,7,400
21,8,744
21,9,1013
21,10,457
21,11,404
21,12,414
21,13,494
21,14,440
21,15,430
21,16,451
21,17,392
21,18,426
21,19,392
21,20,475
21,21,373
21,22,442
21,23,3738
21,24,420
21,25,394
21,26,421
21,27,436
21,28,1204
21,29,402
21,30,490
21,31,419
21,32,463
21,33,390
21,34,478
21,35,504
21,36,418
21,37,449
21,38,619
21,39,404
21,40,452
21,41,400
21,42,417
21,43,366
21,44,391
21,45,375
21,46,304
21,47,230
21,48,256
21,49,308
21,50,230
21,51,641
21,52,322
21,53,292
21,54,231
21,55,232
21,56,228
21,57,217
21,58,245
21,59,462
21,60,246
21,61,248
21,62,243
21,63,205
21,64,331
21,65,215
21,66,231
21,67,243
21,68,293
21,69,229
21,70,241
21,71,572
21,72,565
21,73,412
21,74,236
21,75,248
21,76,287
21,77,374
21,78,236
21,79,216
21,80,270
21,81,232
21,82,226
21,83,222
21,84,228
21,85,199
21,86,252
21,87,236
21,88,302
21,89,207
21,90,224
21,91,228
21,92,335
21,93,238
21,94,228
21,95,227
21,96,208
21,97,292
21,98,211
21,99,247
21,100,264
21,101,210
21,102,206
21,103,311
21,104,243
21,105,207
21,106,200
21,107,208
21,108,214
21,109,216
21,110,205
21,111,209
21,112,210
21,113,219
21,114,308
21,115,275
21,116,208
21,117,203
21,118,211
21,119,232
21,120,207
21,121,199
21,122,220
21,123,182
21,124,282
21,125,191
21,126,227
21,127,198
21,128,236
21,129,166
21,130,250
21,131,173
21,132,208
21,133,165
21,134,146
21,135,239
21,136,132
21,137,155
21,138,169
21,139,173
21,140,150
21,141,152
21,142,139
21,143,2628
21,144,680
21,145,233
21,146,139
21,147,158
21,148,312
21,149,161
21,150,165
21,151,168
21,152,175
21,153,196
21,154,153
21,155,242
21,156,169
21,157,224
21,158,183
21,159,181
21,160,273
21,161,220
21,162,170
21,163,248
21,164,182
21,165,174
21,166,183
21,167,180
21,168,182
21,169,181
21,170,245
21,171,219
21,172,180
21,173,192
21,174,222
21,175,188
21,176,176
21,177,192
21,178,213
21,179,3150
21,180,198
21,181,223
21,182,193
21,183,265
21,184,204
21,185,235
21,186,175
21,187,199
21,188,221
21,189,228
21,190,177
21,191,258
21,192,199
21,193,213
21,194,177
21,195,228
21,196,189
21,197,254
21,198,294
21,199,213
21,200,213
21,201,239
21,202,217
21,203,232
21,204,202
21,205,255
21,206,214
21,207,248
21,208,210
21,209,254
21,210,2574
21,211,346
21,212,214
21,213,447
21,214,289
21,215,421
21,216,213
21,217,284
21,218,266
21,219,325
21,220,269
21,221,1691
21,222,260
21,223,336
21,224,268
21,225,829
21,226,272
21,227,425
21,228,278
21,229,376
21,230,307
21,231,375
21,232,321
21,233,438
21,234,336
21,235,4095
21,236,384
21,237,470
21,238,496
21,239,486
21,240,428
21,241,497
21,242,460
21,243,537
21,244,477
21,245,887
21,246,668
21,247,866
21,248,550
21,249,676
21,250,578
21,251,652
21,252,623
21,253,676
21,254,750
21,255,652
21,256,618
22,1,362
22,2,398
22,3,379
22,4,393
22,5,369
22,6,528
22,7,400
22,8,744
22,9,1013
22,10,457
22,11,404
22,12,414
22,13,494
22,14,440
22,15,430
22,16,451
22,17,392
22,18,426
22,19,392
22,20,475
22,21,373
22,22,442
22,23,3738
22,24,420
22,25,394
22,26,421
22,27,436
22,28,1204
22,29,402
22,30,490
22,31,419
22,32,463
22,33,390
22,34,478
22,35,504
22,36,418
22,37,449
22,38,619
22,39,404
22,40,452
22,41,400
22,42,417
22,43,366
22,44,391
22,45,375
22,46,304
22,47,230
22,48,256
22,49,308
22,50,230
22,51,641
22,52,322
22,53,292
22,54,231
22,55,232
22,56,228
22,57,217
22,58,245
22,59,462
22,60,246
22,61,248
22,62,243
22,63,205
22,64,331
22,65,215
22,66,231
22,67,243
22,68,293
22,69,229
22,70,241
22,71,572
22,72,565
22,73,412
22,74,236
22,75,248
22,76,287
22,77,374
22,78,236
22,79,216
22,80,270
22,81,232
22,82,226
22,83,222
22,84,228
22,85,199
22,86,252
22,87,236
22,88,302
22,89,207
22,90,224
22,91,228
22,92,335
22,93,238
22,94,228
22,95,227
22,96,208
22,97,292
22,98,211
22,99,247
22,100,264
22,101,210
22,102,206
22,103,311
22,104,243
22,105,207
22,106,200
22,107,208
22,108,214
22,109,216
22,110,205
22,111,209
22,112,210
22,113,219
22,114,308
22,115,275
22,116,208
22,117,203
22,118,211
22,119,232
22,120,207
22,121,199
22,122,220
22,123,182
22,124,282
22,125,191
22,126,227
22,127,198
22,128,236
22,129,166
22,130,250
22,131,173
22,132,208
22,133,165
22,134,146
22,135,239
22,136,132
22,137,155
22,138,169
22,139,173
22,140,150
22,141,152
22,142,139
22,143,2628
22,144,680
22,145,233
22,146,139
22,147,158
22,148,312
22,149,161
22,150,165
22,151,168
22,152,175
22,153,196
22,154,153
22,155,242
22,156,169
22,157,224
22,158,183
22,159,181
22,160,273
22,161,220
22,162,170
22,163,248
22,164,182
22,165,174
22,166,183
22,167,180
22,168,182
22,169,181
22,170,245
22,171,219
22,172,180
22,173,192
22,174,222
22,175,188
22,176,176
22,177,192
22,178,213
22,179,3150
22,180,198
22,181,223
22,182,193
22,183,265
22,184,204
22,185,235
22,186,175
22,187,199
22,188,221
22,189,228
22,190,177
22,191,258
22,192,199
22,193,213
22,194,177
22,195,228
22,196,189
22,197,254
22,198,294
22,199,213
22,200,213
22,201,239
22,202,217
22,203,232
22,204,202
22,205,255
22,206,214
22,207,248
22,208,210
22,209,254
22,210,2574
22,211,346
22,212,214
22,213,447
22,214,289
22,215,421
22,216,213
22,217,284
22,218,266
22,219,325
22,220,269
22,221,1691
22,222,260
22,223,336
22,224,268
22,225,829
22,226,272
22,227,425
22,228,278
22,229,376
22,230,307
22,231,375
22,232,321
22,233,438
22,234,336
22,235,4095
22,236,384
22,237,470
22,238,496
22,239,486
22,240,428
22,241,497
22,242,460
22,243,537
22,244,477
22,245,887
22,246,668
22,247,866
22,248,550
22,249,676
22,250,578
22,251,652
22,252,623
22,253,676
22,254,750
22,255,652
22,256,618
23,1,360
23,2,399
23,3,379
23,4,395
23,5,369
23,6,526
23,7,400
23,8,738
23,9,1010
23,10,458
23,11,405
23,12,413
23,13,492
23,14,439
23,15,429
23,16,451
23,17,392
23,18,430
23,19,397
23,20,470
23,21,372
23,22,438
23,23,3877
23,24,420
23,25,394
23,26,420
23,27,438
23,28,1204
23,29,402
23,30,491
23,31,421
23,32,465
23,33,389
23,34,479
23,35,497
23,36,417
23,37,449
23,38,621
23,39,405
23,40,452
23,41,400
23,42,418
23,43,365
23,44,391
23,45,375
23,46,304
23,47,230
23,48,254
23,49,313
23,50,230
23,51,645
23,52,321
23,53,293
23,54,231
23,55,233
23,56,228
23,57,216
23,58,242
23,59,463
23,60,246
23,61,252
23,62,243
23,63,206
23,64,333
23,65,214
23,66,231
23,67,240
23,68,290
23,69,228
23,70,231
23,71,572
23,72,564
23,73,421
23,74,236
23,75,246
23,76,286
23,77,375
23,78,241
23,79,216
23,80,271
23,81,231
23,82,230
23,83,221
23,84,229
23,85,198
23,86,254
23,87,236
23,88,302
23,89,207
23,90,223
23,91,228
23,92,334
23,93,237
23,94,229
23,95,227
23,96,207
23,97,311
23,98,211
23,99,248
23,100,266
23,101,213
23,102,207
23,103,314
23,104,242
23,105,206
23,106,200
23,107,208
23,108,215
23,109,215
23,110,205
23,111,209
23,112,209
23,113,219
23,114,309
23,115,275
23,116,208
23,117,203
23,118,209
23,119,234
23,120,206
23,121,200
23,122,219
23,123,183
23,124,283
23,125,191
23,126,227
23,127,198
23,128,236
23,129,167
23,130,249
23,131,173
23,132,208
23,133,166
23,134,146
23,135,239
23,136,131
23,137,154
23,138,168
23,139,174
23,140,151
23,141,153
23,142,140
23,143,2626
23,144,680
23,145,234
23,146,138
23,147,156
23,148,315
23,149,162
23,150,162
23,151,169
23,152,175
23,153,197
23,154,154
23,155,243
23,156,169
23,157,224
23,158,182
23,159,181
23,160,274
23,161,221
23,162,169
23,163,248
23,164,182
23,165,175
23,166,185
23,167,180
23,168,183
23,169,182
23,170,244
23,171,221
23,172,180
23,173,193
23,174,221
23,175,189
23,176,176
23,177,192
23,178,213
23,179,3135
23,180,198
23,181,223
23,182,194
23,183,271
23,184,205
23,185,236
23,186,176
23,187,199
23,188,220
23,189,228
23,190,177
23,191,262
23,192,199
23,193,214
23,194,178
23,195,231
23,196,189
23,197,256
23,198,292
23,199,213
23,200,213
23,201,240
23,202,216
23,203,230
23,204,202
23,205,255
23,206,214
23,207,248
23,208,210
23,209,253
23,210,2573
23,211,343
23,212,213
23,213,442
23,214,291
23,215,424
23,216,216
23,217,284
23,218,266
23,219,325
23,220,267
23,221,1731
23,222,259
23,223,339
23,224,268
23,225,821
23,226,272
23,227,425
23,228,277
23,229,377
23,230,308
23,231,374
23,232,319
23,233,437
23,234,335
23,235,4095
23,236,386
23,237,470
23,238,497
23,239,485
23,240,428
23,241,496
23,242,462
23,243,538
23,244,480
23,245,883
23,246,660
23,247,860
23,248,550
23,249,671
23,250,579
23,251,654
23,252,619
23,253,678
23,254,748
23,255,653
23,256,619
24,1,360
24,2,399
24,3,379
24,4,395
24,5,369
24,6,526
24,7,400
24,8,738
24,9,1010
24,10,458
24,11,405
24,12,413
24,13,492
24,14,439
24,15,429
24,16,451
24,17,392
24,18,430
24,19,397
24,20,470
24,21,372
24,22,438
24,23,3877
24,24,420
24,25,394
24,26,420
24,27,438
24,28,1204
24,29,402
24,30,491
24,31,421
24,32,465
24,33,389
24,34,479
24,35,497
24,36,417
24,37,449
24,38,621
24,39,405
24,40,452
24,41,400
24,42,418
24,43,365
24,44,391
24,45,375
24,46,304
24,47,230
24,48,254
24,49,313
24,50,230
24,51,645
24,52,321
24,53,293
24,54,231
24,55,233
24,56,228
24,57,216
24,58,242
24,59,463
24,60,246
24,61,252
24,62,243
24,63,206
24,64,333
24,65,214
24,66,231
24,67,240
24,68,290
24,69,228
24,70,231
24,71,572
24,72,564
24,73,421
24,74,236
24,75,246
24,76,286
24,77,375
24,78,241
24,79,216
24,80,271
24,81,231
24,82,230
24,83,221
24,84,229
24,85,198
24,86,254
24,87,236
24,88,302
24,89,207
24,90,223
24,91,228
24,92,334
24,93,237
24,94,229
24,95,227
24,96,207
24,97,311
24,98,211
24,99,248
24,100,266
24,101,213
24,102,207
24,103,314
24,104,242
24,105,206
24,106,200
24,107,208
24,108,215
24,109,215
24,110,205
24,111,209
24,112,209
24,113,219
24,114,309
24,115,275
24,116,208
24,117,203
24,118,209
24,119,234
24,120,206
24,121,200
24,122,219
24,123,183
24,124,283
24,125,191
24,126,227
24,127,198
24,128,236
24,129,167
24,130,249
24,131,173
24,132,208
24,133,166
24,134,146
24,135,239
24,136,131
24,137,154
24,138,168
24,139,174
24,140,151
24,141,153
24,142,140
24,143,2626
24,144,680
24,145,234
24,146,138
24,147,156
24,148,315
24,149,162
24,150,162
24,151,169
24,152,175
24,153,197
24,154,154
24,155,243
24,156,169
24,157,224
24,158,182
24,159,181
24,160,274
24,161,221
24,162,169
24,163,248
24,164,182
24,165,175
24,166,185
24,167,180
24,168,183
24,169,182
24,170,244
24,171,221
24,172,180
24,173,193
24,174,221
24,175,189
24,176,176
24,177,192
24,178,213
24,179,3135
24,180,198
24,181,223
24,182,194
24,183,271
24,184,205
24,185,236
24,186,176
24,187,199
24,188,220
24,189,228
24,190,177
24,191,262
24,192,199
24,193,214
24,194,178
24,195,231
24,196,189
24,197,256
24,198,292
24,199,213
24,200,213
24,201,240
24,202,216
24,203,230
24,204,202
24,205,255
24,206,214
24,207,248
24,208,210
24,209,253
24,210,2573
24,211,343
24,212,213
24,213,442
24,214,291
24,215,424
24,216,216
24,217,284
24,218,266
24,219,325
24,220,267
24,221,1731
24,222,259
24,223,339
24,224,268
24,225,821
24,226,272
24,227,425
24,228,277
24,229,377
24,230,308
24,231,374
24,232,319
24,233,437
24,234,335
24,235,4095
24,236,386
24,237,470
24,238,497
24,239,485
24,240,428
24,241,496
24,242,462
24,243,538
24,244,480
24,245,883
24,246,660
24,247,860
24,248,550
24,249,671
24,250,579
24,251,654
24,252,619
24,253,678
24,254,748
24,255,653
24,256,619
25,1,361
25,2,401
25,3,381
25,4,395
25,5,368
25,6,527
25,7,401
25,8,748
25,9,1018
25,10,458
25,11,406
25,12,414
25,13,495
25,14,441
25,15,429
25,16,452
25,17,392
25,18,429
25,19,391
25,20,472
25,21,373
25,22,438
25,23,3708
25,24,421
25,25,394
25,26,420
25,27,438
25,28,1205
25,29,401
25,30,490
25,31,420
25,32,465
25,33,389
25,34,479
25,35,499
25,36,418
25,37,450
25,38,624
25,39,405
25,40,454
25,41,399
25,42,418
25,43,366
25,44,391
25,45,378
25,46,306
25,47,230
25,48,255
25,49,306
25,50,231
25,51,645
25,52,324
25,53,292
25,54,231
25,55,231
25,56,229
25,57,215
25,58,244
25,59,461
25,60,246
25,61,252
25,62,244
25,63,205
25,64,335
25,65,215
25,66,230
25,67,243
25,68,291
25,69,227
25,70,233
25,71,572
25,72,560
25,73,419
25,74,236
25,75,245
25,76,295
25,77,377
25,78,240
25,79,215
25,80,274
25,81,232
25,82,227
25,83,220
25,84,229
25,85,198
25,86,254
25,87,235
25,88,303
25,89,210
25,90,260
25,91,229
25,92,337
25,93,237
25,94,231
25,95,227
25,96,209
25,97,298
25,98,212
25,99,250
25,100,267
25,101,212
25,102,207
25,103,314
25,104,243
25,105,206
25,106,200
25,107,208
25,108,214
25,109,214
25,110,206
25,111,208
25,112,211
25,113,219
25,114,309
25,115,271
25,116,209
25,117,202
25,118,212
25,119,234
25,120,207
25,121,199
25,122,220
25,123,183
25,124,281
25,125,190
25,126,228
25,127,198
25,128,237
25,129,166
25,130,249
25,131,173
25,132,210
25,133,165
25,134,147
25,135,239
25,136,131
25,137,155
25,138,169
25,139,174
25,140,150
25,141,154
25,142,142
25,143,2631
25,144,679
25,145,233
25,146,139
25,147,157
25,148,311
25,149,161
25,150,163
25,151,169
25,152,176
25,153,194
25,154,154
25,155,242
25,156,170
25,157,225
25,158,183
25,159,181
25,160,274
25,161,221
25,162,172
25,163,248
25,164,182
25,165,174
25,166,184
25,167,180
25,168,183
25,169,181
25,170,245
25,171,219
25,172,179
25,173,191
25,174,223
25,175,189
25,176,177
25,177,192
25,178,214
25,179,3133
25,180,198
25,181,224
25,182,194
25,183,275
25,184,206
25,185,237
25,186,177
25,187,200
25,188,222
25,189,226
25,190,177
25,191,260
25,192,200
25,193,213
25,194,178
25,195,230
25,196,190
25,197,254
25,198,290
25,199,214
25,200,212
25,201,241
25,202,218
25,203,230
25,204,202
25,205,255
25,206,214
25,207,249
25,208,211
25,209,254
25,210,2576
25,211,341
25,212,214
25,213,437
25,214,291
25,215,423
25,216,214
25,217,285
25,218,268
25,219,326
25,220,268
25,221,1705
25,222,259
25,223,340
25,224,269
25,225,828
25,226,273
25,227,424
25,228,278
25,229,375
25,230,309
25,231,373
25,232,321
25,233,436
25,234,335
25,235,4095
25,236,385
25,237,470
25,238,499
25,239,490
25,240,430
25,241,498
25,242,462
25,243,538
25,244,482
25,245,881
25,246,680
25,247,870
25,248,552
25,249,677
25,250,580
25,251,653
25,252,619
25,253,676
25,254,749
25,255,651
25,256,622
26,1,361
26,2,401
26,3,381
26,4,395
26,5,368
26,6,527
26,7,401
26,8,748
26,9,1018
26,10,458
26,11,406
26,12,414
26,13,495
26,14,441
26,15,429
26,16,452
26,17,392
26,18,429
26,19,391
26,20,472
26,21,373
26,22,438
26,23,3708
26,24,421
26,25,394
26,26,420
26,27,438
26,28,1205
26,29,401
26,30,490
26,31,420
26,32,465
26,33,389
26,34,479
26,35,499
26,36,418
26,37,450
26,38,624
26,39,405
26,40,454
26,41,399
26,42,418
26,43,366
26,44,391
26,45,378
26,46,306
26,47,230
26,48,255
26,49,306
26,50,231
26,51,645
26,52,324
26,53,292
26,54,231
26,55,231
26,56,229
26,57,215
26,58,244
26,59,461
26,60,246
26,61,252
26,62,244
26,63,205
26,64,335
26,65,215
26,66,230
26,67,243
26,68,291
26,69,227
26,70,233
26,71,572
26,72,560
26,73,419
26,74,236
26,75,245
26,76,295
26,77,377
26,78,240
26,79,215
26,80,274
26,81,232
26,82,227
26,83,220
26,84,229
26,85,198
26,86,254
26,87,235
26,88,303
26,89,210
26,90,260
26,91,229
26,92,337
26,93,237
26,94,231
26,95,227
26,96,209
26,97,298
26,98,212
26,99,250
26,100,267
26,101,212
26,102,207
26,103,314
26,104,243
26,105,206
26,106,200
26,107,208
26,108,214
26,109,214
26,110,206
26,111,208
26,112,211
26,113,219
26,114,309
26,115,271
26,116,209
26,117,202
26,118,212
26,119,234
26,120,207
26,121,199
26,122,220
26,123,183
26,124,281
26,125,190
26,126,228
26,127,198
26,128,237
26,129,166
26,130,249
26,131,173
26,132,210
26,133,165
26,134,147
26,135,239
26,136,131
26,137,155
26,138,169
26,139,174
26,140,150
26,141,154
26,142,142
26,143,2631
26,144,679
26,145,233
26,146,139
26,147,157
26,148,311
26,149,161
26,150,163
26,151,169
26,152,176
26,153,194
26,154,154
26,155,242
26,156,170
26,157,225
26,158,183
26,159,181
26,160,274
26,161,221
26,162,172
26,163,248
26,164,182
26,165,174
26,166,184
26,167,180
26,168,183
26,169,181
26,170,245
26,171,219
26,172,179
26,173,191
26,174,223
26,175,189
26,176,177
26,177,192
26,178,214
26,179,3133
26,180,198
26,181,224
26,182,194
26,183,275
26,184,206
26,185,237
26,186,177
26,187,200
26,188,222
26,189,226
26,190,177
26,191,260
26,192,200
26,193,213
26,194,178
26,195,230
26,196,190
26,197,254
26,198,290
26,199,214
26,200,212
26,201,241
26,202,218
26,203,230
26,204,202
26,205,255
26,206,214
26,207,249
26,208,211
26,209,254
26,210,2576
26,211,341
26,212,214
26,213,437
26,214,291
26,215,423
26,216,214
26,217,285
26,218,268
26,219,326
26,220,268
26,221,1705
26,222,259
26,223,340
26,224,269
26,225,828
26,226,273
26,227,424
26,228,278
26,229,375
26,230,309
26,231,373
26,232,321
26,233,436
26,234,335
26,235,4095
26,236,385
26,237,470
26,238,499
26,239,490
26,240,430
26,241,498
26,242,462
26,243,538
26,244,482
26,245,881
26,246,680
26,247,870
26,248,552
26,249,677
26,250,580
26,251,653
26,252,619
26,253,676
26,254,749
26,255,651
26,256,622
27,1,360
27,2,400
27,3,379
27,4,395
27,5,370
27,6,528
27,7,400
27,8,742
27,9,1041
27,10,457
27,11,406
27,12,413
27,13,495
27,14,440
27,15,430
27,16,452
27,17,394
27,18,427
27,19,392
27,20,472
27,21,373
27,22,437
27,23,3708
27,24,420
27,25,393
27,26,421
27,27,437
27,28,1205
27,29,401
27,30,490
27,31,422
27,32,464
27,33,391
27,34,479
27,35,502
27,36,418
27,37,450
27,38,618
27,39,406
27,40,454
27,41,401
27,42,415
27,43,367
27,44,393
27,45,375
27,46,303
27,47,230
27,48,255
27,49,315
27,50,231
27,51,642
27,52,322
27,53,294
27,54,229
27,55,231
27,56,228
27,57,217
27,58,245
27,59,463
27,60,245
27,61,250
27,62,244
27,63,207
27,64,331
27,65,214
27,66,230
27,67,241
27,68,290
27,69,227
27,70,231
27,71,571
27,72,564
27,73,420
27,74,234
27,75,247
27,76,286
27,77,378
27,78,236
27,79,217
27,80,271
27,81,232
27,82,230
27,83,222
27,84,228
27,85,200
27,86,254
27,87,236
27,88,301
27,89,207
27,90,224
27,91,232
27,92,345
27,93,241
27,94,229
27,95,226
27,96,207
27,97,297
27,98,213
27,99,249
27,100,267
27,101,212
27,102,206
27,103,316
27,104,244
27,105,207
27,106,199
27,107,209
27,108,214
27,109,217
27,110,206
27,111,209
27,112,210
27,113,219
27,114,310
27,115,273
27,116,207
27,117,203
27,118,210
27,119,235
27,120,207
27,121,201
27,122,221
27,123,184
27,124,282
27,125,191
27,126,227
27,127,197
27,128,237
27,129,166
27,130,250
27,131,174
27,132,209
27,133,166
27,134,146
27,135,237
27,136,132
27,137,157
27,138,169
27,139,181
27,140,158
27,141,154
27,142,141
27,143,2632
27,144,679
27,145,229
27,146,139
27,147,158
27,148,310
27,149,160
27,150,164
27,151,169
27,152,174
27,153,195
27,154,156
27,155,251
27,156,169
27,157,225
27,158,181
27,159,181
27,160,274
27,161,222
27,162,170
27,163,253
27,164,181
27,165,174
27,166,184
27,167,180
27,168,182
27,169,182
27,170,243
27,171,221
27,172,179
27,173,191
27,174,221
27,175,189
27,176,175
27,177,193
27,178,212
27,179,3131
27,180,198
27,181,224
27,182,194
27,183,274
27,184,205
27,185,240
27,186,177
27,187,199
27,188,221
27,189,227
27,190,177
27,191,259
27,192,199
27,193,213
27,194,179
27,195,231
27,196,189
27,197,255
27,198,293
27,199,213
27,200,212
27,201,241
27,202,215
27,203,231
27,204,202
27,205,255
27,206,215
27,207,249
27,208,211
27,209,254
27,210,2573
27,211,343
27,212,213
27,213,426
27,214,290
27,215,422
27,216,214
27,217,286
27,218,267
27,219,325
27,220,266
27,221,1749
27,222,258
27,223,340
27,224,266
27,225,834
27,226,271
27,227,440
27,228,278
27,229,376
27,230,307
27,231,375
27,232,321
27,233,436
27,234,336
27,235,4095
27,236,385
27,237,470
27,238,499
27,239,485
27,240,426
27,241,498
27,242,459
27,243,538
27,244,480
27,245,884
27,246,657
27,247,866
27,248,550
27,249,677
27,250,577
27,251,654
27,252,619
27,253,677
27,254,750
27,255,652
27,256,620
28,1,360
28,2,400
28,3,379
28,4,395
28,5,370
28,6,528
28,7,400
28,8,742
28,9,1041
28,10,457
28,11,406
28,12,413
28,13,495
28,14,440
28,15,430
28,16,452
28,17,394
28,18,427
28,19,392
28,20,472
28,21,373
28,22,437
28,23,3708
28,24,420
28,25,393
28,26,421
28,27,437
28,28,1205
28,29,401
28,30,490
28,31,422
28,32,464
28,33,391
28,34,479
28,35,502
28,36,418
28,37,450
28,38,618
28,39,406
28,40,454
28,41,401
28,42,415
28,43,367
28,44,393
28,45,375
28,46,303
28,47,230
28,48,255
28,49,315
28,50,231
28,51,642
28,52,322
28,53,294
28,54,229
28,55,231
28,56,228
28,57,217
28,58,245
28,59,463
28,60,245
28,61,250
28,62,244
28,63,207
28,64,331
28,65,214
28,66,230
28,67,241
28,68,290
28,69,227
28,70,231
28,71,571
28,72,564
28,73,420
28,74,234
28,75,247
28,76,286
28,77,378
28,78,236
28,79,217
28,80,271
28,81,232
28,82,230
28,83,222
28,84,228
28,85,200
28,86,254
28,87,236
28,88,301
28,89,207
28,90,224
28,91,232
28,92,345
28,93,241
28,94,229
28,95,226
28,96,207
28,97,297
28,98,213
28,99,249
28,100,267
28,101,212
28,102,206
28,103,316
28,104,244
28,105,207
28,106,199
28,107,209
28,108,214
28,109,217
28,110,206
28,111,209
28,112,210
28,113,219
28,114,310
28,115,273
28,116,207
28,117,203
28,118,210
28,119,235
28,120,207
28,121,201
28,122,221
28,123,184
28,124,282
28,125,191
28,126,227
28,127,197
28,128,237
28,129,166
28,130,250
28,131,174
28,132,209
28,133,166
28,134,146
28,135,237
28,136,132
28,137,157
28,138,169
28,139,181
28,140,158
28,141,154
28,142,141
28,143,2632
28,144,679
28,145,229
28,146,139
28,147,158
28,148,310
28,149,160
28,150,164
28,151,169
28,152,174
28,153,195
28,154,156
28,155,251
28,156,169
28,157,225
28,158,181
28,159,181
28,160,274
28,161,222
28,162,170
28,163,253
28,164,181
28,165,174
28,166,184
28,167,180
28,168,182
28,169,182
28,170,243
28,171,221
28,172,179
28,173,191
28,174,221
28,175,189
28,176,175
28,177,193
28,178,212
28,179,3131
28,180,198
28,181,224
28,182,194
28,183,274
28,184,205
28,185,240
28,186,177
28,187,199
28,188,221
28,189,227
28,190,177
28,191,259
28,192,199
28,193,213
28,194,179
28,195,231
28,196,189
28,197,255
28,198,293
28,199,213
28,200,212
28,201,241
28,202,215
28,203,231
28,204,202
28,205,255
28,206,215
28,207,249
28,208,211
28,209,254
28,210,2573
28,211,343
28,212,213
28,213,426
28,214,290
28,215,422
28,216,214
28,217,286
28,218,267
28,219,325
28,220,266
28,221,1749
28,222,258
28,223,340
28,224,266
28,225,834
28,226,271
28,227,440
28,228,278
28,229,376
28,230,307
28,231,375
28,232,321
28,233,436
28,234,336
28,235,4095
28,236,385
28,237,470
28,238,499
28,239,485
28,240,426
28,241,498
28,242,459
28,243,538
28,244,480
28,245,884
28,246,657
28,247,866
28,248,550
28,249,677
28,250,577
28,251,654
28,252,619
28,253,677
28,254,750
28,255,652
28,256,620
29,1,359
29,2,400
29,3,379
29,4,394
29,5,369
29,6,527
29,7,399
29,8,735
29,9,1026
29,10,456
29,11,405
29,12,415
29,13,495
29,14,440
29,15,430
29,16,450
29,17,394
29,18,428
29,19,392
29,20,473
29,21,373
29,22,437
29,23,3740
29,24,421
29,25,396
29,26,420
29,27,435
29,28,1204
29,29,403
29,30,491
29,31,421
29,32,465
29,33,389
29,34,477
29,35,497
29,36,417
29,37,446
29,38,620
29,39,404
29,40,452
29,41,399
29,42,417
29,43,365
29,44,393
29,45,378
29,46,305
29,47,231
29,48,256
29,49,314
29,50,231
29,51,632
29,52,317
29,53,293
29,54,231
29,55,230
29,56,228
29,57,216
29,58,243
29,59,462
29,60,244
29,61,251
29,62,243
29,63,206
29,64,330
29,65,213
29,66,229
29,67,243
29,68,289
29,69,226
29,70,231
29,71,570
29,72,558
29,73,415
29,74,236
29,75,247
29,76,287
29,77,379
29,78,238
29,79,215
29,80,268
29,81,233
29,82,227
29,83,220
29,84,229
29,85,199
29,86,254
29,87,235
29,88,302
29,89,207
29,90,223
29,91,228
29,92,336
29,93,241
29,94,229
29,95,226
29,96,208
29,97,301
29,98,213
29,99,250
29,100,266
29,101,213
29,102,207
29,103,316
29,104,243
29,105,206
29,106,199
29,107,209
29,108,214
29,109,217
29,110,206
29,111,209
29,112,209
29,113,220
29,114,311
29,115,275
29,116,207
29,117,202
29,118,210
29,119,235
29,120,207
29,121,199
29,122,221
29,123,183
29,124,286
29,125,191
29,126,228
29,127,197
29,128,237
29,129,167
29,130,246
29,131,173
29,132,209
29,133,164
29,134,146
29,135,240
29,136,130
29,137,155
29,138,170
29,139,173
29,140,150
29,141,153
29,142,141
29,143,2627
29,144,679
29,145,231
29,146,139
29,147,158
29,148,306
29,149,160
29,150,163
29,151,170
29,152,174
29,153,196
29,154,154
29,155,242
29,156,171
29,157,226
29,158,190
29,159,183
29,160,272
29,161,221
29,162,169
29,163,249
29,164,182
29,165,174
29,166,183
29,167,180
29,168,184
29,169,182
29,170,246
29,171,221
29,172,179
29,173,191
29,174,220
29,175,188
29,176,176
29,177,191
29,178,215
29,179,3136
29,180,197
29,181,225
29,182,192
29,183,277
29,184,205
29,185,239
29,186,175
29,187,200
29,188,220
29,189,226
29,190,177
29,191,259
29,192,201
29,193,212
29,194,178
29,195,228
29,196,190
29,197,255
29,198,293
29,199,212
29,200,214
29,201,240
29,202,216
29,203,231
29,204,204
29,205,256
29,206,214
29,207,248
29,208,211
29,209,255
29,210,2577
29,211,344
29,212,211
29,213,430
29,214,289
29,215,419
29,216,215
29,217,286
29,218,268
29,219,326
29,220,266
29,221,1749
29,222,260
29,223,338
29,224,268
29,225,832
29,226,273
29,227,424
29,228,278
29,229,376
29,230,307
29,231,375
29,232,320
29,233,435
29,234,335
29,235,4095
29,236,388
29,237,469
29,238,498
29,239,486
29,240,428
29,241,495
29,242,461
29,243,537
29,244,479
29,245,884
29,246,656
29,247,870
29,248,552
29,249,674
29,250,580
29,251,654
29,252,618
29,253,679
29,254,750
29,255,652
29,256,622
30,1,359
30,2,400
30,3,379
30,4,394
30,5,369
30,6,527
30,7,399
30,8,735
30,9,1026
30,10,456
30,11,405
30,12,415
30,13,495
30,14,440
30,15,430
30,16,450
30,17,394
30,18,428
30,19,392
30,20,473
30,21,373
30,22,437
30,23,3740
30,24,421
30,25,396
30,26,420
30,27,435
30,28,1204
30,29,403
30,30,491
30,31,421
30,32,465
30,33,389
30,34,477
30,35,497
30,36,417
30,37,446
30,38,620
30,39,404
30,40,452
30,41,399
30,42,417
30,43,365
30,44,393
30,45,378
30,46,305
30,47,231
30,48,256
30,49,314
30,50,231
30,51,632
30,52,317
30,53,293
30,54,231
30,55,230
30,56,228
30,57,216
30,58,243
30,59,462
30,60,244
30,61,251
30,62,243
30,63,206
30,64,330
30,65,213
30,66,229
30,67,243
30,68,289
30,69,226
30,70,231
30,71,570
30,72,558
30,73,415
30,74,236
30,75,247
30,76,287
30,77,379
30,78,238
30,79,215
30,80,268
30,81,233
30,82,227
30,83,220
30,84,229
30,85,199
30,86,254
30,87,235
30,88,302
30,89,207
30,90,223
30,91,228
30,92,336
30,93,241
30,94,229
30,95,226
30,96,208
30,97,301
30,98,213
30,99,250
30,100,266
30,101,213
30,102,207
30,103,316
30,104,243
30,105,206
30,106,199
30,107,209
30,108,214
30,109,217
30,110,206
30,111,209
30,112,209
30,113,220
30,114,311
30,115,275
30,116,207
30,117,202
30,118,210
30,119,235
30,120,207
30,121,199
30,122,221
30,123,183
30,124,286
30,125,191
30,126,228
30,127,197
30,128,237
30,129,167
30,130,246
30,131,173
30,132,209
30,133,164
30,134,146
30,135,240
30,136,130
30,137,155
30,138,170
30,139,173
30,140,150
30,141,153
30,142,141
30,143,2627
30,144,679
30,145,231
30,146,139
30,147,158
30,148,306
30,149,160
30,150,163
30,151,170
30,152,174
30,153,196
30,154,154
30,155,242
30,156,171
30,157,226
30,158,190
30,159,183
30,160,272
30,161,221
30,162,169
30,163,249
30,164,182
30,165,174
30,166,183
30,167,180
30,168,184
30,169,182
30,170,246
30,171,221
30,172,179
30,173,191
30,174,220
30,175,188
30,176,176
30,177,191
30,178,215
30,179,3136
30,180,197
30,181,225
30,182,192
30,183,277
30,184,205
30,185,239
30,186,175
30,187,200
30,188,220
30,189,226
30,190,177
30,191,259
30,192,201
30,193,212
30,194,178
30,195,228
30,196,190
30,197,255
30,198,293
30,199,212
30,200,214
30,201,240
30,202,216
30,203,231
30,204,204
30,205,256
30,206,214
30,207,248
30,208,211
30,209,255
30,210,2577
30,211,344
30,212,211
30,213,430
30,214,289
30,215,419
30,216,215
30,217,286
30,218,268
30,219,326
30,220,266
30,221,1749
30,222,260
30,223,338
30,224,268
30,225,832
30,226,273
30,227,424
30,228,278
30,229,376
30,230,307
30,231,375
30,232,320
30,233,435
30,234,335
30,235,4095
30,236,388
30,237,469
30,238,498
30,239,486
30,240,428
30,241,495
30,242,461
30,243,537
30,244,479
30,245,884
30,246,656
30,247,870
30,248,552
30,249,674
30,250,580
30,251,654
30,252,618
30,253,679
30,254,750
30,255,652
30,256,622
