Line,Band,Value
1,1,159
1,2,197
1,3,166
1,4,187
1,5,159
1,6,221
1,7,180
1,8,274
1,9,324
1,10,201
1,11,178
1,12,201
1,13,192
1,14,207
1,15,176
1,16,207
1,17,166
1,18,200
1,19,167
1,20,209
1,21,157
1,22,198
1,23,981
1,24,200
1,25,169
1,26,199
1,27,183
1,28,392
1,29,175
1,30,222
1,31,175
1,32,210
1,33,165
1,34,219
1,35,199
1,36,196
1,37,185
1,38,249
1,39,170
1,40,219
1,41,172
1,42,209
1,43,171
1,44,193
1,45,169
1,46,172
1,47,137
1,48,161
1,49,164
1,50,158
1,51,233
1,52,167
1,53,154
1,54,154
1,55,136
1,56,153
1,57,135
1,58,151
1,59,193
1,60,155
1,61,152
1,62,158
1,63,129
1,64,175
1,65,133
1,66,146
1,67,146
1,68,167
1,69,126
1,70,154
1,71,222
1,72,230
1,73,183
1,74,155
1,75,143
1,76,157
1,77,190
1,78,154
1,79,145
1,80,155
1,81,146
1,82,140
1,83,148
1,84,137
1,85,133
1,86,149
1,87,153
1,88,167
1,89,140
1,90,147
1,91,145
1,92,171
1,93,148
1,94,139
1,95,151
1,96,137
1,97,171
1,98,137
1,99,149
1,100,155
1,101,142
1,102,136
1,103,168
1,104,148
1,105,142
1,106,130
1,107,141
1,108,141
1,109,138
1,110,134
1,111,143
1,112,140
1,113,134
1,114,162
1,115,152
1,116,132
1,117,132
1,118,136
1,119,145
1,120,136
1,121,129
1,122,139
1,123,123
1,124,162
1,125,125
1,126,146
1,127,132
1,128,150
1,129,112
1,130,115
1,131,109
1,132,106
1,133,113
1,134,93
1,135,131
1,136,78
1,137,108
1,138,106
1,139,123
1,140,98
1,141,109
1,142,87
1,143,722
1,144,226
1,145,135
1,146,95
1,147,118
1,148,132
1,149,118
1,150,112
1,151,117
1,152,109
1,153,128
1,154,106
1,155,143
1,156,120
1,157,136
1,158,126
1,159,137
1,160,143
1,161,133
1,162,122
1,163,145
1,164,124
1,165,129
1,166,125
1,167,129
1,168,124
1,169,134
1,170,146
1,171,146
1,172,127
1,173,141
1,174,137
1,175,137
1,176,127
1,177,146
1,178,131
1,179,875
1,180,128
1,181,152
1,182,127
1,183,165
1,184,141
1,185,165
1,186,119
1,187,145
1,188,138
1,189,162
1,190,120
1,191,163
1,192,126
1,193,155
1,194,118
1,195,161
1,196,124
1,197,167
1,198,152
1,199,152
1,200,134
1,201,164
1,202,134
1,203,158
1,204,121
1,205,171
1,206,127
1,207,170
1,208,126
1,209,173
1,210,706
1,211,195
1,212,122
1,213,217
1,214,140
1,215,211
1,216,113
1,217,181
1,218,132
1,219,193
1,220,135
1,221,535
1,222,125
1,223,198
1,224,126
1,225,310
1,226,124
1,227,215
1,228,118
1,229,208
1,230,134
1,231,195
1,232,127
1,233,209
1,234,131
1,235,1449
1,236,141
1,237,215
1,238,177
1,239,214
1,240,147
1,241,215
1,242,157
1,243,224
1,244,160
1,245,305
1,246,195
1,247,295
1,248,167
1,249,245
1,250,177
1,251,245
1,252,192
1,253,240
1,254,219
1,255,230
1,256,179
2,1,159
2,2,197
2,3,166
2,4,187
2,5,159
2,6,221
2,7,180
2,8,274
2,9,324
2,10,201
2,11,178
2,12,201
2,13,192
2,14,207
2,15,176
2,16,207
2,17,166
2,18,200
2,19,167
2,20,209
2,21,157
2,22,198
2,23,981
2,24,200
2,25,169
2,26,199
2,27,183
2,28,392
2,29,175
2,30,222
2,31,175
2,32,210
2,33,165
2,34,219
2,35,199
2,36,196
2,37,185
2,38,249
2,39,170
2,40,219
2,41,172
2,42,209
2,43,171
2,44,193
2,45,169
2,46,172
2,47,137
2,48,161
2,49,164
2,50,158
2,51,233
2,52,167
2,53,154
2,54,154
2,55,136
2,56,153
2,57,135
2,58,151
2,59,193
2,60,155
2,61,152
2,62,158
2,63,129
2,64,175
2,65,133
2,66,146
2,67,146
2,68,167
2,69,126
2,70,154
2,71,222
2,72,230
2,73,183
2,74,155
2,75,143
2,76,157
2,77,190
2,78,154
2,79,145
2,80,155
2,81,146
2,82,140
2,83,148
2,84,137
2,85,133
2,86,149
2,87,153
2,88,167
2,89,140
2,90,147
2,91,145
2,92,171
2,93,148
2,94,139
2,95,151
2,96,137
2,97,171
2,98,137
2,99,149
2,100,155
2,101,142
2,102,136
2,103,168
2,104,148
2,105,142
2,106,130
2,107,141
2,108,141
2,109,138
2,110,134
2,111,143
2,112,140
2,113,134
2,114,162
2,115,152
2,116,132
2,117,132
2,118,136
2,119,145
2,120,136
2,121,129
2,122,139
2,123,123
2,124,162
2,125,125
2,126,146
2,127,132
2,128,150
2,129,112
2,130,115
2,131,109
2,132,106
2,133,113
2,134,93
2,135,131
2,136,78
2,137,108
2,138,106
2,139,123
2,140,98
2,141,109
2,142,87
2,143,722
2,144,226
2,145,135
2,146,95
2,147,118
2,148,132
2,149,118
2,150,112
2,151,117
2,152,109
2,153,128
2,154,106
2,155,143
2,156,120
2,157,136
2,158,126
2,159,137
2,160,143
2,161,133
2,162,122
2,163,145
2,164,124
2,165,129
2,166,125
2,167,129
2,168,124
2,169,134
2,170,146
2,171,146
2,172,127
2,173,141
2,174,137
2,175,137
2,176,127
2,177,146
2,178,131
2,179,875
2,180,128
2,181,152
2,182,127
2,183,165
2,184,141
2,185,165
2,186,119
2,187,145
2,188,138
2,189,162
2,190,120
2,191,163
2,192,126
2,193,155
2,194,118
2,195,161
2,196,124
2,197,167
2,198,152
2,199,152
2,200,134
2,201,164
2,202,134
2,203,158
2,204,121
2,205,171
2,206,127
2,207,170
2,208,126
2,209,173
2,210,706
2,211,195
2,212,122
2,213,217
2,214,140
2,215,211
2,216,113
2,217,181
2,218,132
2,219,193
2,220,135
2,221,535
2,222,125
2,223,198
2,224,126
2,225,310
2,226,124
2,227,215
2,228,118
2,229,208
2,230,134
2,231,195
2,232,127
2,233,209
2,234,131
2,235,1449
2,236,141
2,237,215
2,238,177
2,239,214
2,240,147
2,241,215
2,242,157
2,243,224
2,244,160
2,245,305
2,246,195
2,247,295
2,248,167
2,249,245
2,250,177
2,251,245
2,252,192
2,253,240
2,254,219
2,255,230
2,256,179
3,1,158
3,2,198
3,3,168
3,4,189
3,5,158
3,6,220
3,7,178
3,8,271
3,9,325
3,10,201
3,11,178
3,12,201
3,13,192
3,14,206
3,15,178
3,16,208
3,17,165
3,18,200
3,19,168
3,20,209
3,21,157
3,22,198
3,23,983
3,24,201
3,25,169
3,26,200
3,27,184
3,28,392
3,29,175
3,30,222
3,31,175
3,32,209
3,33,165
3,34,217
3,35,199
3,36,195
3,37,185
3,38,249
3,39,171
3,40,219
3,41,172
3,42,209
3,43,171
3,44,194
3,45,169
3,46,171
3,47,137
3,48,161
3,49,165
3,50,159
3,51,233
3,52,168
3,53,154
3,54,156
3,55,135
3,56,156
3,57,134
3,58,151
3,59,193
3,60,154
3,61,153
3,62,158
3,63,129
3,64,175
3,65,134
3,66,146
3,67,145
3,68,168
3,69,126
3,70,154
3,71,223
3,72,232
3,73,184
3,74,154
3,75,143
3,76,158
3,77,189
3,78,154
3,79,144
3,80,156
3,81,147
3,82,140
3,83,147
3,84,138
3,85,133
3,86,149
3,87,152
3,88,168
3,89,142
3,90,148
3,91,145
3,92,171
3,93,148
3,94,138
3,95,151
3,96,135
3,97,171
3,98,137
3,99,149
3,100,156
3,101,142
3,102,136
3,103,170
3,104,148
3,105,142
3,106,130
3,107,140
3,108,142
3,109,139
3,110,134
3,111,144
3,112,140
3,113,133
3,114,161
3,115,152
3,116,133
3,117,132
3,118,137
3,119,145
3,120,137
3,121,130
3,122,140
3,123,123
3,124,161
3,125,126
3,126,146
3,127,131
3,128,150
3,129,112
3,130,116
3,131,109
3,132,108
3,133,113
3,134,93
3,135,134
3,136,78
3,137,108
3,138,104
3,139,123
3,140,98
3,141,110
3,142,88
3,143,719
3,144,230
3,145,134
3,146,96
3,147,118
3,148,134
3,149,117
3,150,111
3,151,118
3,152,109
3,153,129
3,154,106
3,155,143
3,156,119
3,157,136
3,158,126
3,159,136
3,160,146
3,161,133
3,162,122
3,163,145
3,164,124
3,165,128
3,166,126
3,167,129
3,168,125
3,169,134
3,170,145
3,171,148
3,172,127
3,173,140
3,174,137
3,175,137
3,176,127
3,177,145
3,178,133
3,179,875
3,180,127
3,181,152
3,182,128
3,183,166
3,184,142
3,185,166
3,186,119
3,187,145
3,188,139
3,189,160
3,190,121
3,191,164
3,192,125
3,193,156
3,194,118
3,195,162
3,196,125
3,197,165
3,198,151
3,199,152
3,200,134
3,201,164
3,202,134
3,203,158
3,204,122
3,205,170
3,206,128
3,207,171
3,208,127
3,209,173
3,210,706
3,211,195
3,212,122
3,213,218
3,214,141
3,215,212
3,216,114
3,217,182
3,218,131
3,219,194
3,220,136
3,221,526
3,222,126
3,223,197
3,224,125
3,225,308
3,226,125
3,227,215
3,228,118
3,229,207
3,230,135
3,231,195
3,232,127
3,233,208
3,234,131
3,235,1446
3,236,142
3,237,216
3,238,178
3,239,214
3,240,147
3,241,215
3,242,157
3,243,224
3,244,162
3,245,302
3,246,194
3,247,298
3,248,168
3,249,243
3,250,175
3,251,244
3,252,193
3,253,241
3,254,217
3,255,229
3,256,179
4,1,158
4,2,198
4,3,168
4,4,189
4,5,158
4,6,220
4,7,178
4,8,271
4,9,325
4,10,201
4,11,178
4,12,201
4,13,192
4,14,206
4,15,178
4,16,208
4,17,165
4,18,200
4,19,168
4,20,209
4,21,157
4,22,198
4,23,983
4,24,201
4,25,169
4,26,200
4,27,184
4,28,392
4,29,175
4,30,222
4,31,175
4,32,209
4,33,165
4,34,217
4,35,199
4,36,195
4,37,185
4,38,249
4,39,171
4,40,219
4,41,172
4,42,209
4,43,171
4,44,194
4,45,169
4,46,171
4,47,137
4,48,161
4,49,165
4,50,159
4,51,233
4,52,168
4,53,154
4,54,156
4,55,135
4,56,156
4,57,134
4,58,151
4,59,193
4,60,154
4,61,153
4,62,158
4,63,129
4,64,175
4,65,134
4,66,146
4,67,145
4,68,168
4,69,126
4,70,154
4,71,223
4,72,232
4,73,184
4,74,154
4,75,143
4,76,158
4,77,189
4,78,154
4,79,144
4,80,156
4,81,147
4,82,140
4,83,147
4,84,138
4,85,133
4,86,149
4,87,152
4,88,168
4,89,142
4,90,148
4,91,145
4,92,171
4,93,148
4,94,138
4,95,151
4,96,135
4,97,171
4,98,137
4,99,149
4,100,156
4,101,142
4,102,136
4,103,170
4,104,148
4,105,142
4,106,130
4,107,140
4,108,142
4,109,139
4,110,134
4,111,144
4,112,140
4,113,133
4,114,161
4,115,152
4,116,133
4,117,132
4,118,137
4,119,145
4,120,137
4,121,130
4,122,140
4,123,123
4,124,161
4,125,126
4,126,146
4,127,131
4,128,150
4,129,112
4,130,116
4,131,109
4,132,108
4,133,113
4,134,93
4,135,134
4,136,78
4,137,108
4,138,104
4,139,123
4,140,98
4,141,110
4,142,88
4,143,719
4,144,230
4,145,134
4,146,96
4,147,118
4,148,134
4,149,117
4,150,111
4,151,118
4,152,109
4,153,129
4,154,106
4,155,143
4,156,119
4,157,136
4,158,126
4,159,136
4,160,146
4,161,133
4,162,122
4,163,145
4,164,124
4,165,128
4,166,126
4,167,129
4,168,125
4,169,134
4,170,145
4,171,148
4,172,127
4,173,140
4,174,137
4,175,137
4,176,127
4,177,145
4,178,133
4,179,875
4,180,127
4,181,152
4,182,128
4,183,166
4,184,142
4,185,166
4,186,119
4,187,145
4,188,139
4,189,160
4,190,121
4,191,164
4,192,125
4,193,156
4,194,118
4,195,162
4,196,125
4,197,165
4,198,151
4,199,152
4,200,134
4,201,164
4,202,134
4,203,158
4,204,122
4,205,170
4,206,128
4,207,171
4,208,127
4,209,173
4,210,706
4,211,195
4,212,122
4,213,218
4,214,141
4,215,212
4,216,114
4,217,182
4,218,131
4,219,194
4,220,136
4,221,526
4,222,126
4,223,197
4,224,125
4,225,308
4,226,125
4,227,215
4,228,118
4,229,207
4,230,135
4,231,195
4,232,127
4,233,208
4,234,131
4,235,1446
4,236,142
4,237,216
4,238,178
4,239,214
4,240,147
4,241,215
4,242,157
4,243,224
4,244,162
4,245,302
4,246,194
4,247,298
4,248,168
4,249,243
4,250,175
4,251,244
4,252,193
4,253,241
4,254,217
4,255,229
4,256,179
5,1,159
5,2,197
5,3,166
5,4,187
5,5,158
5,6,219
5,7,180
5,8,269
5,9,338
5,10,201
5,11,178
5,12,200
5,13,191
5,14,206
5,15,176
5,16,208
5,17,166
5,18,199
5,19,167
5,20,206
5,21,157
5,22,199
5,23,984
5,24,199
5,25,168
5,26,200
5,27,183
5,28,392
5,29,174
5,30,222
5,31,175
5,32,208
5,33,165
5,34,219
5,35,197
5,36,195
5,37,183
5,38,250
5,39,170
5,40,219
5,41,172
5,42,208
5,43,171
5,44,194
5,45,169
5,46,171
5,47,136
5,48,162
5,49,163
5,50,158
5,51,236
5,52,167
5,53,154
5,54,154
5,55,136
5,56,155
5,57,134
5,58,151
5,59,194
5,60,154
5,61,153
5,62,157
5,63,129
5,64,175
5,65,133
5,66,146
5,67,145
5,68,167
5,69,126
5,70,154
5,71,224
5,72,229
5,73,185
5,74,154
5,75,143
5,76,158
5,77,190
5,78,154
5,79,145
5,80,156
5,81,146
5,82,139
5,83,148
5,84,136
5,85,133
5,86,149
5,87,151
5,88,167
5,89,140
5,90,147
5,91,146
5,92,170
5,93,147
5,94,139
5,95,150
5,96,134
5,97,172
5,98,136
5,99,149
5,100,155
5,101,143
5,102,136
5,103,168
5,104,149
5,105,143
5,106,130
5,107,141
5,108,142
5,109,138
5,110,134
5,111,141
5,112,139
5,113,134
5,114,162
5,115,152
5,116,134
5,117,131
5,118,137
5,119,144
5,120,136
5,121,129
5,122,139
5,123,122
5,124,161
5,125,125
5,126,146
5,127,130
5,128,150
5,129,112
5,130,116
5,131,108
5,132,106
5,133,113
5,134,93
5,135,131
5,136,77
5,137,108
5,138,104
5,139,124
5,140,97
5,141,109
5,142,88
5,143,722
5,144,228
5,145,135
5,146,95
5,147,118
5,148,134
5,149,117
5,150,112
5,151,117
5,152,109
5,153,128
5,154,105
5,155,142
5,156,118
5,157,137
5,158,125
5,159,137
5,160,143
5,161,132
5,162,123
5,163,149
5,164,125
5,165,129
5,166,125
5,167,129
5,168,124
5,169,134
5,170,144
5,171,146
5,172,128
5,173,140
5,174,138
5,175,136
5,176,127
5,177,144
5,178,133
5,179,873
5,180,127
5,181,152
5,182,127
5,183,166
5,184,141
5,185,165
5,186,119
5,187,145
5,188,139
5,189,161
5,190,121
5,191,162
5,192,126
5,193,155
5,194,118
5,195,161
5,196,124
5,197,166
5,198,150
5,199,150
5,200,135
5,201,163
5,202,134
5,203,158
5,204,121
5,205,170
5,206,127
5,207,171
5,208,126
5,209,173
5,210,707
5,211,195
5,212,122
5,213,218
5,214,142
5,215,212
5,216,112
5,217,181
5,218,131
5,219,194
5,220,134
5,221,539
5,222,125
5,223,197
5,224,125
5,225,312
5,226,124
5,227,214
5,228,118
5,229,208
5,230,133
5,231,193
5,232,127
5,233,209
5,234,131
5,235,1452
5,236,142
5,237,215
5,238,176
5,239,214
5,240,146
5,241,215
5,242,156
5,243,224
5,244,160
5,245,304
5,246,197
5,247,295
5,248,168
5,249,243
5,250,176
5,251,243
5,252,192
5,253,239
5,254,223
5,255,229
5,256,179
6,1,159
6,2,197
6,3,166
6,4,187
6,5,158
6,6,219
6,7,180
6,8,269
6,9,338
6,10,201
6,11,178
6,12,200
6,13,191
6,14,206
6,15,176
6,16,208
6,17,166
6,18,199
6,19,167
6,20,206
6,21,157
6,22,199
6,23,984
6,24,199
6,25,168
6,26,200
6,27,183
6,28,392
6,29,174
6,30,222
6,31,175
6,32,208
6,33,165
6,34,219
6,35,197
6,36,195
6,37,183
6,38,250
6,39,170
6,40,219
6,41,172
6,42,208
6,43,171
6,44,194
6,45,169
6,46,171
6,47,136
6,48,162
6,49,163
6,50,158
6,51,236
6,52,167
6,53,154
6,54,154
6,55,136
6,56,155
6,57,134
6,58,151
6,59,194
6,60,154
6,61,153
6,62,157
6,63,129
6,64,175
6,65,133
6,66,146
6,67,145
6,68,167
6,69,126
6,70,154
6,71,224
6,72,229
6,73,185
6,74,154
6,75,143
6,76,158
6,77,190
6,78,154
6,79,145
6,80,156
6,81,146
6,82,139
6,83,148
6,84,136
6,85,133
6,86,149
6,87,151
6,88,167
6,89,140
6,90,147
6,91,146
6,92,170
6,93,147
6,94,139
6,95,150
6,96,134
6,97,172
6,98,136
6,99,149
6,100,155
6,101,143
6,102,136
6,103,168
6,104,149
6,105,143
6,106,130
6,107,141
6,108,142
6,109,138
6,110,134
6,111,141
6,112,139
6,113,134
6,114,162
6,115,152
6,116,134
6,117,131
6,118,137
6,119,144
6,120,136
6,121,129
6,122,139
6,123,122
6,124,161
6,125,125
6,126,146
6,127,130
6,128,150
6,129,112
6,130,116
6,131,108
6,132,106
6,133,113
6,134,93
6,135,131
6,136,77
6,137,108
6,138,104
6,139,124
6,140,97
6,141,109
6,142,88
6,143,722
6,144,228
6,145,135
6,146,95
6,147,118
6,148,134
6,149,117
6,150,112
6,151,117
6,152,109
6,153,128
6,154,105
6,155,142
6,156,118
6,157,137
6,158,125
6,159,137
6,160,143
6,161,132
6,162,123
6,163,149
6,164,125
6,165,129
6,166,125
6,167,129
6,168,124
6,169,134
6,170,144
6,171,146
6,172,128
6,173,140
6,174,138
6,175,136
6,176,127
6,177,144
6,178,133
6,179,873
6,180,127
6,181,152
6,182,127
6,183,166
6,184,141
6,185,165
6,186,119
6,187,145
6,188,139
6,189,161
6,190,121
6,191,162
6,192,126
6,193,155
6,194,118
6,195,161
6,196,124
6,197,166
6,198,150
6,199,150
6,200,135
6,201,163
6,202,134
6,203,158
6,204,121
6,205,170
6,206,127
6,207,171
6,208,126
6,209,173
6,210,707
6,211,195
6,212,122
6,213,218
6,214,142
6,215,212
6,216,112
6,217,181
6,218,131
6,219,194
6,220,134
6,221,539
6,222,125
6,223,197
6,224,125
6,225,312
6,226,124
6,227,214
6,228,118
6,229,208
6,230,133
6,231,193
6,232,127
6,233,209
6,234,131
6,235,1452
6,236,142
6,237,215
6,238,176
6,239,214
6,240,146
6,241,215
6,242,156
6,243,224
6,244,160
6,245,304
6,246,197
6,247,295
6,248,168
6,249,243
6,250,176
6,251,243
6,252,192
6,253,239
6,254,223
6,255,229
6,256,179
7,1,157
7,2,197
7,3,167
7,4,188
7,5,158
7,6,221
7,7,179
7,8,273
7,9,322
7,10,202
7,11,178
7,12,202
7,13,191
7,14,207
7,15,175
7,16,207
7,17,165
7,18,200
7,19,166
7,20,210
7,21,157
7,22,197
7,23,982
7,24,201
7,25,169
7,26,201
7,27,182
7,28,391
7,29,174
7,30,222
7,31,174
7,32,208
7,33,165
7,34,219
7,35,198
7,36,196
7,37,183
7,38,250
7,39,170
7,40,220
7,41,171
7,42,209
7,43,171
7,44,194
7,45,172
7,46,178
7,47,138
7,48,160
7,49,164
7,50,157
7,51,234
7,52,168
7,53,153
7,54,155
7,55,135
7,56,156
7,57,133
7,58,153
7,59,193
7,60,155
7,61,152
7,62,158
7,63,128
7,64,176
7,65,133
7,66,147
7,67,145
7,68,167
7,69,126
7,70,154
7,71,222
7,72,233
7,73,185
7,74,155
7,75,142
7,76,158
7,77,189
7,78,155
7,79,143
7,80,155
7,81,147
7,82,141
7,83,148
7,84,137
7,85,131
7,86,150
7,87,151
7,88,167
7,89,140
7,90,148
7,91,145
7,92,170
7,93,149
7,94,139
7,95,150
7,96,136
7,97,169
7,98,137
7,99,148
7,100,156
7,101,142
7,102,136
7,103,168
7,104,149
7,105,142
7,106,130
7,107,139
7,108,142
7,109,138
7,110,135
7,111,143
7,112,141
7,113,133
7,114,162
7,115,152
7,116,134
7,117,131
7,118,138
7,119,144
7,120,137
7,121,129
7,122,141
7,123,122
7,124,163
7,125,125
7,126,146
7,127,130
7,128,150
7,129,111
7,130,117
7,131,109
7,132,106
7,133,113
7,134,93
7,135,131
7,136,78
7,137,109
7,138,105
7,139,122
7,140,98
7,141,109
7,142,88
7,143,724
7,144,231
7,145,135
7,146,95
7,147,116
7,148,130
7,149,117
7,150,112
7,151,117
7,152,109
7,153,128
7,154,106
7,155,142
7,156,119
7,157,134
7,158,126
7,159,137
7,160,146
7,161,132
7,162,122
7,163,146
7,164,124
7,165,128
7,166,125
7,167,129
7,168,125
7,169,133
7,170,145
7,171,146
7,172,128
7,173,139
7,174,138
7,175,137
7,176,128
7,177,144
7,178,134
7,179,871
7,180,129
7,181,153
7,182,128
7,183,165
7,184,141
7,185,165
7,186,119
7,187,145
7,188,140
7,189,160
7,190,119
7,191,163
7,192,127
7,193,155
7,194,119
7,195,160
7,196,125
7,197,166
7,198,153
7,199,151
7,200,135
7,201,165
7,202,135
7,203,158
7,204,121
7,205,170
7,206,128
7,207,171
7,208,127
7,209,172
7,210,707
7,211,194
7,212,122
7,213,215
7,214,140
7,215,212
7,216,114
7,217,181
7,218,133
7,219,193
7,220,135
7,221,538
7,222,126
7,223,197
7,224,125
7,225,313
7,226,125
7,227,214
7,228,119
7,229,207
7,230,134
7,231,194
7,232,126
7,233,208
7,234,131
7,235,1447
7,236,142
7,237,214
7,238,176
7,239,213
7,240,147
7,241,215
7,242,157
7,243,223
7,244,160
7,245,304
7,246,202
7,247,297
7,248,168
7,249,243
7,250,177
7,251,244
7,252,193
7,253,239
7,254,224
7,255,227
7,256,178
8,1,157
8,2,197
8,3,167
8,4,188
8,5,158
8,6,221
8,7,179
8,8,273
8,9,322
8,10,202
8,11,178
8,12,202
8,13,191
8,14,207
8,15,175
8,16,207
8,17,165
8,18,200
8,19,166
8,20,210
8,21,157
8,22,197
8,23,982
8,24,201
8,25,169
8,26,201
8,27,182
8,28,391
8,29,174
8,30,222
8,31,174
8,32,208
8,33,165
8,34,219
8,35,198
8,36,196
8,37,183
8,38,250
8,39,170
8,40,220
8,41,171
8,42,209
8,43,171
8,44,194
8,45,172
8,46,178
8,47,138
8,48,160
8,49,164
8,50,157
8,51,234
8,52,168
8,53,153
8,54,155
8,55,135
8,56,156
8,57,133
8,58,153
8,59,193
8,60,155
8,61,152
8,62,158
8,63,128
8,64,176
8,65,133
8,66,147
8,67,145
8,68,167
8,69,126
8,70,154
8,71,222
8,72,233
8,73,185
8,74,155
8,75,142
8,76,158
8,77,189
8,78,155
8,79,143
8,80,155
8,81,147
8,82,141
8,83,148
8,84,137
8,85,131
8,86,150
8,87,151
8,88,167
8,89,140
8,90,148
8,91,145
8,92,170
8,93,149
8,94,139
8,95,150
8,96,136
8,97,169
8,98,137
8,99,148
8,100,156
8,101,142
8,102,136
8,103,168
8,104,149
8,105,142
8,106,130
8,107,139
8,108,142
8,109,138
8,110,135
8,111,143
8,112,141
8,113,133
8,114,162
8,115,152
8,116,134
8,117,131
8,118,138
8,119,144
8,120,137
8,121,129
8,122,141
8,123,122
8,124,163
8,125,125
8,126,146
8,127,130
8,128,150
8,129,111
8,130,117
8,131,109
8,132,106
8,133,113
8,134,93
8,135,131
8,136,78
8,137,109
8,138,105
8,139,122
8,140,98
8,141,109
8,142,88
8,143,724
8,144,231
8,145,135
8,146,95
8,147,116
8,148,130
8,149,117
8,150,112
8,151,117
8,152,109
8,153,128
8,154,106
8,155,142
8,156,119
8,157,134
8,158,126
8,159,137
8,160,146
8,161,132
8,162,122
8,163,146
8,164,124
8,165,128
8,166,125
8,167,129
8,168,125
8,169,133
8,170,145
8,171,146
8,172,128
8,173,139
8,174,138
8,175,137
8,176,128
8,177,144
8,178,134
8,179,871
8,180,129
8,181,153
8,182,128
8,183,165
8,184,141
8,185,165
8,186,119
8,187,145
8,188,140
8,189,160
8,190,119
8,191,163
8,192,127
8,193,155
8,194,119
8,195,160
8,196,125
8,197,166
8,198,153
8,199,151
8,200,135
8,201,165
8,202,135
8,203,158
8,204,121
8,205,170
8,206,128
8,207,171
8,208,127
8,209,172
8,210,707
8,211,194
8,212,122
8,213,215
8,214,140
8,215,212
8,216,114
8,217,181
8,218,133
8,219,193
8,220,135
8,221,538
8,222,126
8,223,197
8,224,125
8,225,313
8,226,125
8,227,214
8,228,119
8,229,207
8,230,134
8,231,194
8,232,126
8,233,208
8,234,131
8,235,1447
8,236,142
8,237,214
8,238,176
8,239,213
8,240,147
8,241,215
8,242,157
8,243,223
8,244,160
8,245,304
8,246,202
8,247,297
8,248,168
8,249,243
8,250,177
8,251,244
8,252,193
8,253,239
8,254,224
8,255,227
8,256,178
9,1,156
9,2,198
9,3,166
9,4,188
9,5,159
9,6,221
9,7,179
9,8,272
9,9,331
9,10,202
9,11,178
9,12,200
9,13,191
9,14,205
9,15,176
9,16,208
9,17,166
9,18,200
9,19,167
9,20,210
9,21,156
9,22,198
9,23,975
9,24,200
9,25,168
9,26,200
9,27,182
9,28,392
9,29,173
9,30,222
9,31,174
9,32,210
9,33,166
9,34,219
9,35,196
9,36,195
9,37,184
9,38,251
9,39,169
9,40,219
9,41,171
9,42,209
9,43,171
9,44,195
9,45,169
9,46,173
9,47,135
9,48,160
9,49,162
9,50,158
9,51,232
9,52,167
9,53,153
9,54,155
9,55,136
9,56,154
9,57,133
9,58,152
9,59,193
9,60,156
9,61,153
9,62,158
9,63,128
9,64,174
9,65,131
9,66,146
9,67,144
9,68,167
9,69,125
9,70,153
9,71,222
9,72,229
9,73,183
9,74,154
9,75,142
9,76,159
9,77,189
9,78,154
9,79,143
9,80,155
9,81,145
9,82,140
9,83,148
9,84,137
9,85,131
9,86,149
9,87,152
9,88,165
9,89,139
9,90,148
9,91,144
9,92,169
9,93,147
9,94,139
9,95,150
9,96,136
9,97,168
9,98,137
9,99,148
9,100,155
9,101,142
9,102,136
9,103,167
9,104,148
9,105,142
9,106,130
9,107,139
9,108,142
9,109,138
9,110,134
9,111,142
9,112,139
9,113,133
9,114,162
9,115,151
9,116,133
9,117,131
9,118,137
9,119,143
9,120,137
9,121,128
9,122,139
9,123,123
9,124,162
9,125,126
9,126,146
9,127,130
9,128,150
9,129,110
9,130,116
9,131,109
9,132,107
9,133,113
9,134,93
9,135,131
9,136,78
9,137,108
9,138,105
9,139,123
9,140,98
9,141,110
9,142,88
9,143,722
9,144,230
9,145,134
9,146,96
9,147,117
9,148,132
9,149,117
9,150,113
9,151,117
9,152,109
9,153,128
9,154,105
9,155,143
9,156,119
9,157,134
9,158,126
9,159,136
9,160,145
9,161,132
9,162,122
9,163,145
9,164,124
9,165,128
9,166,125
9,167,128
9,168,125
9,169,133
9,170,145
9,171,146
9,172,127
9,173,138
9,174,138
9,175,135
9,176,127
9,177,144
9,178,133
9,179,873
9,180,127
9,181,152
9,182,128
9,183,166
9,184,140
9,185,164
9,186,119
9,187,145
9,188,138
9,189,160
9,190,121
9,191,162
9,192,126
9,193,155
9,194,119
9,195,160
9,196,124
9,197,166
9,198,150
9,199,150
9,200,135
9,201,163
9,202,134
9,203,157
9,204,121
9,205,170
9,206,127
9,207,170
9,208,127
9,209,172
9,210,706
9,211,194
9,212,122
9,213,219
9,214,139
9,215,213
9,216,113
9,217,180
9,218,131
9,219,193
9,220,135
9,221,519
9,222,125
9,223,196
9,224,125
9,225,309
9,226,124
9,227,213
9,228,119
9,229,207
9,230,133
9,231,193
9,232,126
9,233,206
9,234,131
9,235,1448
9,236,142
9,237,214
9,238,176
9,239,213
9,240,147
9,241,214
9,242,156
9,243,223
9,244,161
9,245,303
9,246,195
9,247,297
9,248,167
9,249,243
9,250,176
9,251,243
9,252,194
9,253,240
9,254,221
9,255,227
9,256,178
10,1,156
10,2,198
10,3,166
10,4,188
10,5,159
10,6,221
10,7,179
10,8,272
10,9,331
10,10,202
10,11,178
10,12,200
10,13,191
10,14,205
10,15,176
10,16,208
10,17,166
10,18,200
10,19,167
10,20,210
10,21,156
10,22,198
10,23,975
10,24,200
10,25,168
10,26,200
10,27,182
10,28,392
10,29,173
10,30,222
10,31,174
10,32,210
10,33,166
10,34,219
10,35,196
10,36,195
10,37,184
10,38,251
10,39,169
10,40,219
10,41,171
10,42,209
10,43,171
10,44,195
10,45,169
10,46,173
10,47,135
10,48,160
10,49,162
10,50,158
10,51,232
10,52,167
10,53,153
10,54,155
10,55,136
10,56,154
10,57,133
10,58,152
10,59,193
10,60,156
10,61,153
10,62,158
10,63,128
10,64,174
10,65,131
10,66,146
10,67,144
10,68,167
10,69,125
10,70,153
10,71,222
10,72,229
10,73,183
10,74,154
10,75,142
10,76,159
10,77,189
10,78,154
10,79,143
10,80,155
10,81,145
10,82,140
10,83,148
10,84,137
10,85,131
10,86,149
10,87,152
10,88,165
10,89,139
10,90,148
10,91,144
10,92,169
10,93,147
10,94,139
10,95,150
10,96,136
10,97,168
10,98,137
10,99,148
10,100,155
10,101,142
10,102,136
10,103,167
10,104,148
10,105,142
10,106,130
10,107,139
10,108,142
10,109,138
10,110,134
10,111,142
10,112,139
10,113,133
10,114,162
10,115,151
10,116,133
10,117,131
10,118,137
10,119,143
10,120,137
10,121,128
10,122,139
10,123,123
10,124,162
10,125,126
10,126,146
10,127,130
10,128,150
10,129,110
10,130,116
10,131,109
10,132,107
10,133,113
10,134,93
10,135,131
10,136,78
10,137,108
10,138,105
10,139,123
10,140,98
10,141,110
10,142,88
10,143,722
10,144,230
10,145,134
10,146,96
10,147,117
10,148,132
10,149,117
10,150,113
10,151,117
10,152,109
10,153,128
10,154,105
10,155,143
10,156,119
10,157,134
10,158,126
10,159,136
10,160,145
10,161,132
10,162,122
10,163,145
10,164,124
10,165,128
10,166,125
10,167,128
10,168,125
10,169,133
10,170,145
10,171,146
10,172,127
10,173,138
10,174,138
10,175,135
10,176,127
10,177,144
10,178,133
10,179,873
10,180,127
10,181,152
10,182,128
10,183,166
10,184,140
10,185,164
10,186,119
10,187,145
10,188,138
10,189,160
10,190,121
10,191,162
10,192,126
10,193,155
10,194,119
10,195,160
10,196,124
10,197,166
10,198,150
10,199,150
10,200,135
10,201,163
10,202,134
10,203,157
10,204,121
10,205,170
10,206,127
10,207,170
10,208,127
10,209,172
10,210,706
10,211,194
10,212,122
10,213,219
10,214,139
10,215,213
10,216,113
10,217,180
10,218,131
10,219,193
10,220,135
10,221,519
10,222,125
10,223,196
10,224,125
10,225,309
10,226,124
10,227,213
10,228,119
10,229,207
10,230,133
10,231,193
10,232,126
10,233,206
10,234,131
10,235,1448
10,236,142
10,237,214
10,238,176
10,239,213
10,240,147
10,241,214
10,242,156
10,243,223
10,244,161
10,245,303
10,246,195
10,247,297
10,248,167
10,249,243
10,250,176
10,251,243
10,252,194
10,253,240
10,254,221
10,255,227
10,256,178
11,1,158
11,2,198
11,3,166
11,4,188
11,5,157
11,6,221
11,7,179
11,8,275
11,9,322
11,10,202
11,11,177
11,12,201
11,13,190
11,14,206
11,15,177
11,16,209
11,17,164
11,18,201
11,19,167
11,20,210
11,21,157
11,22,198
11,23,976
11,24,201
11,25,168
11,26,201
11,27,182
11,28,391
11,29,174
11,30,223
11,31,174
11,32,208
11,33,165
11,34,220
11,35,199
11,36,196
11,37,184
11,38,250
11,39,169
11,40,221
11,41,171
11,42,210
11,43,171
11,44,195
11,45,167
11,46,173
11,47,136
11,48,161
11,49,163
11,50,159
11,51,233
11,52,169
11,53,153
11,54,155
11,55,136
11,56,155
11,57,133
11,58,151
11,59,192
11,60,155
11,61,152
11,62,158
11,63,128
11,64,176
11,65,134
11,66,147
11,67,144
11,68,166
11,69,127
11,70,153
11,71,223
11,72,230
11,73,184
11,74,155
11,75,142
11,76,158
11,77,189
11,78,155
11,79,143
11,80,157
11,81,147
11,82,141
11,83,148
11,84,137
11,85,132
11,86,150
11,87,152
11,88,167
11,89,141
11,90,149
11,91,144
11,92,170
11,93,148
11,94,140
11,95,151
11,96,135
11,97,168
11,98,137
11,99,148
11,100,155
11,101,142
11,102,137
11,103,169
11,104,149
11,105,142
11,106,129
11,107,142
11,108,142
11,109,138
11,110,134
11,111,143
11,112,141
11,113,133
11,114,161
11,115,152
11,116,134
11,117,132
11,118,137
11,119,143
11,120,137
11,121,129
11,122,141
11,123,122
11,124,162
11,125,125
11,126,147
11,127,129
11,128,150
11,129,111
11,130,116
11,131,109
11,132,107
11,133,112
11,134,93
11,135,131
11,136,78
11,137,109
11,138,105
11,139,123
11,140,98
11,141,109
11,142,87
11,143,721
11,144,230
11,145,135
11,146,97
11,147,116
11,148,132
11,149,117
11,150,113
11,151,118
11,152,110
11,153,128
11,154,106
11,155,143
11,156,118
11,157,135
11,158,127
11,159,137
11,160,146
11,161,132
11,162,123
11,163,144
11,164,125
11,165,129
11,166,127
11,167,128
11,168,125
11,169,133
11,170,146
11,171,146
11,172,128
11,173,139
11,174,137
11,175,137
11,176,127
11,177,143
11,178,133
11,179,874
11,180,128
11,181,153
11,182,128
11,183,164
11,184,142
11,185,164
11,186,120
11,187,145
11,188,139
11,189,161
11,190,121
11,191,163
11,192,127
11,193,156
11,194,119
11,195,161
11,196,125
11,197,167
11,198,150
11,199,151
11,200,135
11,201,164
11,202,135
11,203,157
11,204,122
11,205,170
11,206,128
11,207,169
11,208,126
11,209,171
11,210,706
11,211,195
11,212,122
11,213,219
11,214,139
11,215,213
11,216,115
11,217,181
11,218,132
11,219,193
11,220,136
11,221,526
11,222,126
11,223,196
11,224,126
11,225,311
11,226,125
11,227,215
11,228,119
11,229,207
11,230,135
11,231,194
11,232,126
11,233,207
11,234,131
11,235,1439
11,236,142
11,237,215
11,238,177
11,239,213
11,240,148
11,241,215
11,242,157
11,243,225
11,244,162
11,245,305
11,246,195
11,247,297
11,248,167
11,249,241
11,250,177
11,251,245
11,252,193
11,253,238
11,254,223
11,255,228
11,256,179
12,1,158
12,2,198
12,3,166
12,4,188
12,5,157
12,6,221
12,7,179
12,8,275
12,9,322
12,10,202
12,11,177
12,12,201
12,13,190
12,14,206
12,15,177
12,16,209
12,17,164
12,18,201
12,19,167
12,20,210
12,21,157
12,22,198
12,23,976
12,24,201
12,25,168
12,26,201
12,27,182
12,28,391
12,29,174
12,30,223
12,31,174
12,32,208
12,33,165
12,34,220
12,35,199
12,36,196
12,37,184
12,38,250
12,39,169
12,40,221
12,41,171
12,42,210
12,43,171
12,44,195
12,45,167
12,46,173
12,47,136
12,48,161
12,49,163
12,50,159
12,51,233
12,52,169
12,53,153
12,54,155
12,55,136
12,56,155
12,57,133
12,58,151
12,59,192
12,60,155
12,61,152
12,62,158
12,63,128
12,64,176
12,65,134
12,66,147
12,67,144
12,68,166
12,69,127
12,70,153
12,71,223
12,72,230
12,73,184
12,74,155
12,75,142
12,76,158
12,77,189
12,78,155
12,79,143
12,80,157
12,81,147
12,82,141
12,83,148
12,84,137
12,85,132
12,86,150
12,87,152
12,88,167
12,89,141
12,90,149
12,91,144
12,92,170
12,93,148
12,94,140
12,95,151
12,96,135
12,97,168
12,98,137
12,99,148
12,100,155
12,101,142
12,102,137
12,103,169
12,104,149
12,105,142
12,106,129
12,107,142
12,108,142
12,109,138
12,110,134
12,111,143
12,112,141
12,113,133
12,114,161
12,115,152
12,116,134
12,117,132
12,118,137
12,119,143
12,120,137
12,121,129
12,122,141
12,123,122
12,124,162
12,125,125
12,126,147
12,127,129
12,128,150
12,129,111
12,130,116
12,131,109
12,132,107
12,133,112
12,134,93
12,135,131
12,136,78
12,137,109
12,138,105
12,139,123
12,140,98
12,141,109
12,142,87
12,143,721
12,144,230
12,145,135
12,146,97
12,147,116
12,148,132
12,149,117
12,150,113
12,151,118
12,152,110
12,153,128
12,154,106
12,155,143
12,156,118
12,157,135
12,158,127
12,159,137
12,160,146
12,161,132
12,162,123
12,163,144
12,164,125
12,165,129
12,166,127
12,167,128
12,168,125
12,169,133
12,170,146
12,171,146
12,172,128
12,173,139
12,174,137
12,175,137
12,176,127
12,177,143
12,178,133
12,179,874
12,180,128
12,181,153
12,182,128
12,183,164
12,184,142
12,185,164
12,186,120
12,187,145
12,188,139
12,189,161
12,190,121
12,191,163
12,192,127
12,193,156
12,194,119
12,195,161
12,196,125
12,197,167
12,198,150
12,199,151
12,200,135
12,201,164
12,202,135
12,203,157
12,204,122
12,205,170
12,206,128
12,207,169
12,208,126
12,209,171
12,210,706
12,211,195
12,212,122
12,213,219
12,214,139
12,215,213
12,216,115
12,217,181
12,218,132
12,219,193
12,220,136
12,221,526
12,222,126
12,223,196
12,224,126
12,225,311
12,226,125
12,227,215
12,228,119
12,229,207
12,230,135
12,231,194
12,232,126
12,233,207
12,234,131
12,235,1439
12,236,142
12,237,215
12,238,177
12,239,213
12,240,148
12,241,215
12,242,157
12,243,225
12,244,162
12,245,305
12,246,195
12,247,297
12,248,167
12,249,241
12,250,177
12,251,245
12,252,193
12,253,238
12,254,223
12,255,228
12,256,179
13,1,160
13,2,200
13,3,165
13,4,189
13,5,158
13,6,222
13,7,179
13,8,274
13,9,332
13,10,201
13,11,178
13,12,200
13,13,191
13,14,206
13,15,178
13,16,208
13,17,166
13,18,200
13,19,168
13,20,210
13,21,157
13,22,198
13,23,977
13,24,201
13,25,169
13,26,200
13,27,184
13,28,392
13,29,173
13,30,221
13,31,175
13,32,209
13,33,165
13,34,219
13,35,198
13,36,196
13,37,185
13,38,249
13,39,170
13,40,220
13,41,172
13,42,208
13,43,171
13,44,194
13,45,168
13,46,172
13,47,136
13,48,161
13,49,164
13,50,158
13,51,233
13,52,168
13,53,153
13,54,155
13,55,135
13,56,156
13,57,134
13,58,150
13,59,192
13,60,155
13,61,153
13,62,158
13,63,128
13,64,176
13,65,133
13,66,146
13,67,145
13,68,167
13,69,126
13,70,154
13,71,222
13,72,227
13,73,184
13,74,155
13,75,142
13,76,158
13,77,190
13,78,155
13,79,144
13,80,155
13,81,147
13,82,140
13,83,148
13,84,138
13,85,132
13,86,149
13,87,152
13,88,167
13,89,140
13,90,146
13,91,146
13,92,170
13,93,147
13,94,138
13,95,151
13,96,136
13,97,169
13,98,137
13,99,147
13,100,156
13,101,141
13,102,137
13,103,169
13,104,149
13,105,141
13,106,129
13,107,140
13,108,141
13,109,138
13,110,134
13,111,143
13,112,140
13,113,134
13,114,161
13,115,153
13,116,133
13,117,131
13,118,138
13,119,145
13,120,137
13,121,130
13,122,141
13,123,123
13,124,161
13,125,125
13,126,146
13,127,130
13,128,149
13,129,111
13,130,115
13,131,109
13,132,105
13,133,113
13,134,93
13,135,131
13,136,78
13,137,109
13,138,103
13,139,123
13,140,98
13,141,109
13,142,88
13,143,721
13,144,230
13,145,134
13,146,96
13,147,116
13,148,132
13,149,117
13,150,113
13,151,118
13,152,110
13,153,128
13,154,105
13,155,142
13,156,118
13,157,135
13,158,126
13,159,137
13,160,145
13,161,133
13,162,123
13,163,146
13,164,123
13,165,128
13,166,126
13,167,129
13,168,125
13,169,132
13,170,146
13,171,146
13,172,128
13,173,139
13,174,139
13,175,135
13,176,127
13,177,145
13,178,133
13,179,869
13,180,129
13,181,152
13,182,128
13,183,165
13,184,141
13,185,163
13,186,118
13,187,144
13,188,138
13,189,160
13,190,120
13,191,163
13,192,126
13,193,155
13,194,117
13,195,162
13,196,124
13,197,168
13,198,152
13,199,150
13,200,134
13,201,163
13,202,134
13,203,158
13,204,120
13,205,170
13,206,128
13,207,170
13,208,126
13,209,173
13,210,707
13,211,194
13,212,122
13,213,217
13,214,140
13,215,211
13,216,114
13,217,181
13,218,131
13,219,194
13,220,135
13,221,535
13,222,125
13,223,195
13,224,125
13,225,309
13,226,125
13,227,215
13,228,118
13,229,208
13,230,134
13,231,193
13,232,127
13,233,207
13,234,131
13,235,1440
13,236,142
13,237,216
13,238,176
13,239,213
13,240,147
13,241,215
13,242,157
13,243,225
13,244,161
13,245,304
13,246,194
13,247,295
13,248,167
13,249,243
13,250,177
13,251,244
13,252,192
13,253,239
13,254,219
13,255,227
13,256,179
14,1,160
14,2,200
14,3,165
14,4,189
14,5,158
14,6,222
14,7,179
14,8,274
14,9,332
14,10,201
14,11,178
14,12,200
14,13,191
14,14,206
14,15,178
14,16,208
14,17,166
14,18,200
14,19,168
14,20,210
14,21,157
14,22,198
14,23,977
14,24,201
14,25,169
14,26,200
14,27,184
14,28,392
14,29,173
14,30,221
14,31,175
14,32,209
14,33,165
14,34,219
14,35,198
14,36,196
14,37,185
14,38,249
14,39,170
14,40,220
14,41,172
14,42,208
14,43,171
14,44,194
14,45,168
14,46,172
14,47,136
14,48,161
14,49,164
14,50,158
14,51,233
14,52,168
14,53,153
14,54,155
14,55,135
14,56,156
14,57,134
14,58,150
14,59,192
14,60,155
14,61,153
14,62,158
14,63,128
14,64,176
14,65,133
14,66,146
14,67,145
14,68,167
14,69,126
14,70,154
14,71,222
14,72,227
14,73,184
14,74,155
14,75,142
14,76,158
14,77,190
14,78,155
14,79,144
14,80,155
14,81,147
14,82,140
14,83,148
14,84,138
14,85,132
14,86,149
14,87,152
14,88,167
14,89,140
14,90,146
14,91,146
14,92,170
14,93,147
14,94,138
14,95,151
14,96,136
14,97,169
14,98,137
14,99,147
14,100,156
14,101,141
14,102,137
14,103,169
14,104,149
14,105,141
14,106,129
14,107,140
14,108,141
14,109,138
14,110,134
14,111,143
14,112,140
14,113,134
14,114,161
14,115,153
14,116,133
14,117,131
14,118,138
14,119,145
14,120,137
14,121,130
14,122,141
14,123,123
14,124,161
14,125,125
14,126,146
14,127,130
14,128,149
14,129,111
14,130,115
14,131,109
14,132,105
14,133,113
14,134,93
14,135,131
14,136,78
14,137,109
14,138,103
14,139,123
14,140,98
14,141,109
14,142,88
14,143,721
14,144,230
14,145,134
14,146,96
14,147,116
14,148,132
14,149,117
14,150,113
14,151,118
14,152,110
14,153,128
14,154,105
14,155,142
14,156,118
14,157,135
14,158,126
14,159,137
14,160,145
14,161,133
14,162,123
14,163,146
14,164,123
14,165,128
14,166,126
14,167,129
14,168,125
14,169,132
14,170,146
14,171,146
14,172,128
14,173,139
14,174,139
14,175,135
14,176,127
14,177,145
14,178,133
14,179,869
14,180,129
14,181,152
14,182,128
14,183,165
14,184,141
14,185,163
14,186,118
14,187,144
14,188,138
14,189,160
14,190,120
14,191,163
14,192,126
14,193,155
14,194,117
14,195,162
14,196,124
14,197,168
14,198,152
14,199,150
14,200,134
14,201,163
14,202,134
14,203,158
14,204,120
14,205,170
14,206,128
14,207,170
14,208,126
14,209,173
14,210,707
14,211,194
14,212,122
14,213,217
14,214,140
14,215,211
14,216,114
14,217,181
14,218,131
14,219,194
14,220,135
14,221,535
14,222,125
14,223,195
14,224,125
14,225,309
14,226,125
14,227,215
14,228,118
14,229,208
14,230,134
14,231,193
14,232,127
14,233,207
14,234,131
14,235,1440
14,236,142
14,237,216
14,238,176
14,239,213
14,240,147
14,241,215
14,242,157
14,243,225
14,244,161
14,245,304
14,246,194
14,247,295
14,248,167
14,249,243
14,250,177
14,251,244
14,252,192
14,253,239
14,254,219
14,255,227
14,256,179
15,1,157
15,2,197
15,3,167
15,4,189
15,5,158
15,6,219
15,7,180
15,8,274
15,9,331
15,10,201
15,11,177
15,12,201
15,13,191
15,14,207
15,15,177
15,16,207
15,17,165
15,18,199
15,19,166
15,20,210
15,21,158
15,22,198
15,23,975
15,24,201
15,25,168
15,26,200
15,27,182
15,28,392
15,29,173
15,30,222
15,31,174
15,32,210
15,33,165
15,34,217
15,35,199
15,36,195
15,37,184
15,38,250
15,39,170
15,40,220
15,41,172
15,42,208
15,43,171
15,44,195
15,45,169
15,46,172
15,47,135
15,48,161
15,49,164
15,50,158
15,51,234
15,52,167
15,53,154
15,54,155
15,55,136
15,56,155
15,57,134
15,58,152
15,59,193
15,60,155
15,61,152
15,62,158
15,63,129
15,64,175
15,65,133
15,66,147
15,67,145
15,68,167
15,69,126
15,70,154
15,71,223
15,72,230
15,73,184
15,74,155
15,75,143
15,76,159
15,77,187
15,78,155
15,79,144
15,80,156
15,81,146
15,82,139
15,83,148
15,84,137
15,85,131
15,86,150
15,87,151
15,88,166
15,89,140
15,90,148
15,91,145
15,92,171
15,93,149
15,94,139
15,95,150
15,96,136
15,97,169
15,98,137
15,99,148
15,100,156
15,101,142
15,102,138
15,103,170
15,104,148
15,105,141
15,106,129
15,107,140
15,108,142
15,109,139
15,110,134
15,111,144
15,112,140
15,113,134
15,114,161
15,115,151
15,116,134
15,117,131
15,118,137
15,119,145
15,120,137
15,121,129
15,122,141
15,123,122
15,124,160
15,125,124
15,126,146
15,127,130
15,128,150
15,129,112
15,130,116
15,131,109
15,132,109
15,133,113
15,134,93
15,135,130
15,136,78
15,137,108
15,138,105
15,139,123
15,140,99
15,141,110
15,142,88
15,143,722
15,144,229
15,145,134
15,146,96
15,147,117
15,148,135
15,149,117
15,150,113
15,151,117
15,152,109
15,153,129
15,154,105
15,155,142
15,156,118
15,157,136
15,158,126
15,159,137
15,160,145
15,161,132
15,162,123
15,163,146
15,164,124
15,165,128
15,166,126
15,167,129
15,168,125
15,169,134
15,170,146
15,171,147
15,172,128
15,173,139
15,174,138
15,175,136
15,176,127
15,177,145
15,178,133
15,179,878
15,180,128
15,181,153
15,182,129
15,183,165
15,184,141
15,185,165
15,186,120
15,187,145
15,188,137
15,189,160
15,190,120
15,191,163
15,192,126
15,193,156
15,194,119
15,195,161
15,196,125
15,197,168
15,198,152
15,199,151
15,200,135
15,201,164
15,202,135
15,203,157
15,204,121
15,205,171
15,206,129
15,207,171
15,208,127
15,209,172
15,210,706
15,211,195
15,212,123
15,213,220
15,214,140
15,215,211
15,216,114
15,217,181
15,218,132
15,219,194
15,220,134
15,221,535
15,222,126
15,223,197
15,224,126
15,225,309
15,226,125
15,227,216
15,228,118
15,229,207
15,230,134
15,231,195
15,232,127
15,233,207
15,234,131
15,235,1443
15,236,143
15,237,215
15,238,177
15,239,213
15,240,148
15,241,215
15,242,157
15,243,224
15,244,162
15,245,304
15,246,195
15,247,297
15,248,169
15,249,243
15,250,177
15,251,242
15,252,194
15,253,239
15,254,219
15,255,228
15,256,180
16,1,157
16,2,197
16,3,167
16,4,189
16,5,158
16,6,219
16,7,180
16,8,274
16,9,331
16,10,201
16,11,177
16,12,201
16,13,191
16,14,207
16,15,177
16,16,207
16,17,165
16,18,199
16,19,166
16,20,210
16,21,158
16,22,198
16,23,975
16,24,201
16,25,168
16,26,200
16,27,182
16,28,392
16,29,173
16,30,222
16,31,174
16,32,210
16,33,165
16,34,217
16,35,199
16,36,195
16,37,184
16,38,250
16,39,170
16,40,220
16,41,172
16,42,208
16,43,171
16,44,195
16,45,169
16,46,172
16,47,135
16,48,161
16,49,164
16,50,158
16,51,234
16,52,167
16,53,154
16,54,155
16,55,136
16,56,155
16,57,134
16,58,152
16,59,193
16,60,155
16,61,152
16,62,158
16,63,129
16,64,175
16,65,133
16,66,147
16,67,145
16,68,167
16,69,126
16,70,154
16,71,223
16,72,230
16,73,184
16,74,155
16,75,143
16,76,159
16,77,187
16,78,155
16,79,144
16,80,156
16,81,146
16,82,139
16,83,148
16,84,137
16,85,131
16,86,150
16,87,151
16,88,166
16,89,140
16,90,148
16,91,145
16,92,171
16,93,149
16,94,139
16,95,150
16,96,136
16,97,169
16,98,137
16,99,148
16,100,156
16,101,142
16,102,138
16,103,170
16,104,148
16,105,141
16,106,129
16,107,140
16,108,142
16,109,139
16,110,134
16,111,144
16,112,140
16,113,134
16,114,161
16,115,151
16,116,134
16,117,131
16,118,137
16,119,145
16,120,137
16,121,129
16,122,141
16,123,122
16,124,160
16,125,124
16,126,146
16,127,130
16,128,150
16,129,112
16,130,116
16,131,109
16,132,109
16,133,113
16,134,93
16,135,130
16,136,78
16,137,108
16,138,105
16,139,123
16,140,99
16,141,110
16,142,88
16,143,722
16,144,229
16,145,134
16,146,96
16,147,117
16,148,135
16,149,117
16,150,113
16,151,117
16,152,109
16,153,129
16,154,105
16,155,142
16,156,118
16,157,136
16,158,126
16,159,137
16,160,145
16,161,132
16,162,123
16,163,146
16,164,124
16,165,128
16,166,126
16,167,129
16,168,125
16,169,134
16,170,146
16,171,147
16,172,128
16,173,139
16,174,138
16,175,136
16,176,127
16,177,145
16,178,133
16,179,878
16,180,128
16,181,153
16,182,129
16,183,165
16,184,141
16,185,165
16,186,120
16,187,145
16,188,137
16,189,160
16,190,120
16,191,163
16,192,126
16,193,156
16,194,119
16,195,161
16,196,125
16,197,168
16,198,152
16,199,151
16,200,135
16,201,164
16,202,135
16,203,157
16,204,121
16,205,171
16,206,129
16,207,171
16,208,127
16,209,172
16,210,706
16,211,195
16,212,123
16,213,220
16,214,140
16,215,211
16,216,114
16,217,181
16,218,132
16,219,194
16,220,134
16,221,535
16,222,126
16,223,197
16,224,126
16,225,309
16,226,125
16,227,216
16,228,118
16,229,207
16,230,134
16,231,195
16,232,127
16,233,207
16,234,131
16,235,1443
16,236,143
16,237,215
16,238,177
16,239,213
16,240,148
16,241,215
16,242,157
16,243,224
16,244,162
16,245,304
16,246,195
16,247,297
16,248,169
16,249,243
16,250,177
16,251,242
16,252,194
16,253,239
16,254,219
16,255,228
16,256,180
17,1,157
17,2,197
17,3,165
17,4,189
17,5,158
17,6,222
17,7,179
17,8,273
17,9,338
17,10,202
17,11,177
17,12,201
17,13,191
17,14,207
17,15,177
17,16,207
17,17,165
17,18,200
17,19,168
17,20,210
17,21,157
17,22,198
17,23,978
17,24,200
17,25,169
17,26,201
17,27,181
17,28,392
17,29,175
17,30,221
17,31,176
17,32,208
17,33,165
17,34,219
17,35,199
17,36,196
17,37,184
17,38,250
17,39,170
17,40,219
17,41,172
17,42,208
17,43,170
17,44,194
17,45,168
17,46,172
17,47,136
17,48,161
17,49,161
17,50,158
17,51,236
17,52,168
17,53,153
17,54,155
17,55,136
17,56,155
17,57,133
17,58,151
17,59,193
17,60,155
17,61,154
17,62,158
17,63,129
17,64,175
17,65,134
17,66,146
17,67,145
17,68,167
17,69,127
17,70,154
17,71,223
17,72,229
17,73,183
17,74,155
17,75,142
17,76,158
17,77,188
17,78,154
17,79,144
17,80,156
17,81,147
17,82,141
17,83,147
17,84,138
17,85,132
17,86,150
17,87,152
17,88,167
17,89,140
17,90,147
17,91,145
17,92,169
17,93,149
17,94,139
17,95,149
17,96,135
17,97,171
17,98,137
17,99,148
17,100,155
17,101,142
17,102,137
17,103,169
17,104,149
17,105,142
17,106,129
17,107,141
17,108,149
17,109,139
17,110,134
17,111,143
17,112,139
17,113,133
17,114,161
17,115,152
17,116,134
17,117,131
17,118,137
17,119,144
17,120,136
17,121,129
17,122,141
17,123,124
17,124,161
17,125,125
17,126,146
17,127,130
17,128,150
17,129,111
17,130,116
17,131,109
17,132,107
17,133,113
17,134,93
17,135,132
17,136,78
17,137,108
17,138,104
17,139,123
17,140,98
17,141,109
17,142,89
17,143,722
17,144,230
17,145,135
17,146,96
17,147,117
17,148,133
17,149,118
17,150,111
17,151,119
17,152,110
17,153,128
17,154,106
17,155,142
17,156,118
17,157,136
17,158,126
17,159,136
17,160,146
17,161,132
17,162,122
17,163,147
17,164,125
17,165,129
17,166,125
17,167,129
17,168,125
17,169,134
17,170,145
17,171,146
17,172,128
17,173,138
17,174,138
17,175,135
17,176,127
17,177,145
17,178,133
17,179,871
17,180,128
17,181,154
17,182,128
17,183,166
17,184,141
17,185,164
17,186,119
17,187,145
17,188,139
17,189,161
17,190,120
17,191,162
17,192,126
17,193,156
17,194,118
17,195,161
17,196,125
17,197,168
17,198,154
17,199,152
17,200,136
17,201,164
17,202,135
17,203,158
17,204,122
17,205,171
17,206,127
17,207,171
17,208,127
17,209,173
17,210,706
17,211,195
17,212,123
17,213,221
17,214,141
17,215,213
17,216,114
17,217,182
17,218,132
17,219,210
17,220,138
17,221,534
17,222,126
17,223,197
17,224,125
17,225,310
17,226,123
17,227,216
17,228,119
17,229,208
17,230,135
17,231,194
17,232,126
17,233,207
17,234,131
17,235,1442
17,236,142
17,237,216
17,238,178
17,239,214
17,240,146
17,241,215
17,242,156
17,243,225
17,244,163
17,245,307
17,246,195
17,247,297
17,248,167
17,249,243
17,250,175
17,251,243
17,252,193
17,253,240
17,254,220
17,255,227
17,256,179
18,1,157
18,2,197
18,3,165
18,4,189
18,5,158
18,6,222
18,7,179
18,8,273
18,9,338
18,10,202
18,11,177
18,12,201
18,13,191
18,14,207
18,15,177
18,16,207
18,17,165
18,18,200
18,19,168
18,20,210
18,21,157
18,22,198
18,23,978
18,24,200
18,25,169
18,26,201
18,27,181
18,28,392
18,29,175
18,30,221
18,31,176
18,32,208
18,33,165
18,34,219
18,35,199
18,36,196
18,37,184
18,38,250
18,39,170
18,40,219
18,41,172
18,42,208
18,43,170
18,44,194
18,45,168
18,46,172
18,47,136
18,48,161
18,49,161
18,50,158
18,51,236
18,52,168
18,53,153
18,54,155
18,55,136
18,56,155
18,57,133
18,58,151
18,59,193
18,60,155
18,61,154
18,62,158
18,63,129
18,64,175
18,65,134
18,66,146
18,67,145
18,68,167
18,69,127
18,70,154
18,71,223
18,72,229
18,73,183
18,74,155
18,75,142
18,76,158
18,77,188
18,78,154
18,79,144
18,80,156
18,81,147
18,82,141
18,83,147
18,84,138
18,85,132
18,86,150
18,87,152
18,88,167
18,89,140
18,90,147
18,91,145
18,92,169
18,93,149
18,94,139
18,95,149
18,96,135
18,97,171
18,98,137
18,99,148
18,100,155
18,101,142
18,102,137
18,103,169
18,104,149
18,105,142
18,106,129
18,107,141
18,108,149
18,109,139
18,110,134
18,111,143
18,112,139
18,113,133
18,114,161
18,115,152
18,116,134
18,117,131
18,118,137
18,119,144
18,120,136
18,121,129
18,122,141
18,123,124
18,124,161
18,125,125
18,126,146
18,127,130
18,128,150
18,129,111
18,130,116
18,131,109
18,132,107
18,133,113
18,134,93
18,135,132
18,136,78
18,137,108
18,138,104
18,139,123
18,140,98
18,141,109
18,142,89
18,143,722
18,144,230
18,145,135
18,146,96
18,147,117
18,148,133
18,149,118
18,150,111
18,151,119
18,152,110
18,153,128
18,154,106
18,155,142
18,156,118
18,157,136
18,158,126
18,159,136
18,160,146
18,161,132
18,162,122
18,163,147
18,164,125
18,165,129
18,166,125
18,167,129
18,168,125
18,169,134
18,170,145
18,171,146
18,172,128
18,173,138
18,174,138
18,175,135
18,176,127
18,177,145
18,178,133
18,179,871
18,180,128
18,181,154
18,182,128
18,183,166
18,184,141
18,185,164
18,186,119
18,187,145
18,188,139
18,189,161
18,190,120
18,191,162
18,192,126
18,193,156
18,194,118
18,195,161
18,196,125
18,197,168
18,198,154
18,199,152
18,200,136
18,201,164
18,202,135
18,203,158
18,204,122
18,205,171
18,206,127
18,207,171
18,208,127
18,209,173
18,210,706
18,211,195
18,212,123
18,213,221
18,214,141
18,215,213
18,216,114
18,217,182
18,218,132
18,219,210
18,220,138
18,221,534
18,222,126
18,223,197
18,224,125
18,225,310
18,226,123
18,227,216
18,228,119
18,229,208
18,230,135
18,231,194
18,232,126
18,233,207
18,234,131
18,235,1442
18,236,142
18,237,216
18,238,178
18,239,214
18,240,146
18,241,215
18,242,156
18,243,225
18,244,163
18,245,307
18,246,195
18,247,297
18,248,167
18,249,243
18,250,175
18,251,243
18,252,193
18,253,240
18,254,220
18,255,227
18,256,179
19,1,160
19,2,198
19,3,166
19,4,187
19,5,159
19,6,220
19,7,178
19,8,272
19,9,338
19,10,202
19,11,178
19,12,202
19,13,191
19,14,206
19,15,177
19,16,207
19,17,166
19,18,200
19,19,168
19,20,209
19,21,157
19,22,199
19,23,979
19,24,200
19,25,169
19,26,201
19,27,182
19,28,392
19,29,175
19,30,221
19,31,174
19,32,207
19,33,165
19,34,219
19,35,198
19,36,195
19,37,184
19,38,249
19,39,169
19,40,219
19,41,171
19,42,207
19,43,171
19,44,194
19,45,168
19,46,172
19,47,136
19,48,160
19,49,162
19,50,157
19,51,229
19,52,168
19,53,154
19,54,156
19,55,137
19,56,155
19,57,134
19,58,151
19,59,194
19,60,154
19,61,153
19,62,157
19,63,130
19,64,175
19,65,133
19,66,145
19,67,145
19,68,167
19,69,126
19,70,153
19,71,222
19,72,230
19,73,183
19,74,155
19,75,142
19,76,158
19,77,189
19,78,156
19,79,143
19,80,155
19,81,147
19,82,139
19,83,148
19,84,138
19,85,133
19,86,150
19,87,151
19,88,166
19,89,141
19,90,148
19,91,145
19,92,169
19,93,148
19,94,140
19,95,151
19,96,135
19,97,169
19,98,136
19,99,149
19,100,155
19,101,142
19,102,136
19,103,169
19,104,149
19,105,142
19,106,128
19,107,141
19,108,141
19,109,138
19,110,133
19,111,143
19,112,141
19,113,134
19,114,161
19,115,153
19,116,133
19,117,131
19,118,135
19,119,145
19,120,135
19,121,130
19,122,139
19,123,124
19,124,161
19,125,124
19,126,146
19,127,130
19,128,150
19,129,111
19,130,115
19,131,110
19,132,107
19,133,112
19,134,92
19,135,132
19,136,77
19,137,109
19,138,105
19,139,124
19,140,98
19,141,110
19,142,88
19,143,721
19,144,229
19,145,135
19,146,95
19,147,117
19,148,132
19,149,118
19,150,113
19,151,118
19,152,109
19,153,128
19,154,105
19,155,143
19,156,119
19,157,136
19,158,125
19,159,138
19,160,145
19,161,133
19,162,123
19,163,145
19,164,124
19,165,128
19,166,125
19,167,129
19,168,125
19,169,134
19,170,146
19,171,147
19,172,127
19,173,139
19,174,138
19,175,138
19,176,126
19,177,145
19,178,133
19,179,875
19,180,127
19,181,152
19,182,127
19,183,165
19,184,141
19,185,165
19,186,119
19,187,145
19,188,139
19,189,161
19,190,120
19,191,162
19,192,126
19,193,155
19,194,118
19,195,161
19,196,123
19,197,167
19,198,150
19,199,151
19,200,135
19,201,165
19,202,133
19,203,157
19,204,122
19,205,170
19,206,128
19,207,171
19,208,125
19,209,172
19,210,706
19,211,195
19,212,122
19,213,221
19,214,139
19,215,212
19,216,113
19,217,181
19,218,131
19,219,194
19,220,134
19,221,536
19,222,125
19,223,198
19,224,125
19,225,307
19,226,123
19,227,214
19,228,118
19,229,207
19,230,134
19,231,194
19,232,126
19,233,207
19,234,130
19,235,1444
19,236,142
19,237,216
19,238,175
19,239,213
19,240,147
19,241,216
19,242,156
19,243,224
19,244,162
19,245,305
19,246,196
19,247,299
19,248,168
19,249,244
19,250,176
19,251,244
19,252,193
19,253,240
19,254,218
19,255,228
19,256,178
20,1,160
20,2,198
20,3,166
20,4,187
20,5,159
20,6,220
20,7,178
20,8,272
20,9,338
20,10,202
20,11,178
20,12,202
20,13,191
20,14,206
20,15,177
20,16,207
20,17,166
20,18,200
20,19,168
20,20,209
20,21,157
20,22,199
20,23,979
20,24,200
20,25,169
20,26,201
20,27,182
20,28,392
20,29,175
20,30,221
20,31,174
20,32,207
20,33,165
20,34,219
20,35,198
20,36,195
20,37,184
20,38,249
20,39,169
20,40,219
20,41,171
20,42,207
20,43,171
20,44,194
20,45,168
20,46,172
20,47,136
20,48,160
20,49,162
20,50,157
20,51,229
20,52,168
20,53,154
20,54,156
20,55,137
20,56,155
20,57,134
20,58,151
20,59,194
20,60,154
20,61,153
20,62,157
20,63,130
20,64,175
20,65,133
20,66,145
20,67,145
20,68,167
20,69,126
20,70,153
20,71,222
20,72,230
20,73,183
20,74,155
20,75,142
20,76,158
20,77,189
20,78,156
20,79,143
20,80,155
20,81,147
20,82,139
20,83,148
20,84,138
20,85,133
20,86,150
20,87,151
20,88,166
20,89,141
20,90,148
20,91,145
20,92,169
20,93,148
20,94,140
20,95,151
20,96,135
20,97,169
20,98,136
20,99,149
20,100,155
20,101,142
20,102,136
20,103,169
20,104,149
20,105,142
20,106,128
20,107,141
20,108,141
20,109,138
20,110,133
20,111,143
20,112,141
20,113,134
20,114,161
20,115,153
20,116,133
20,117,131
20,118,135
20,119,145
20,120,135
20,121,130
20,122,139
20,123,124
20,124,161
20,125,124
20,126,146
20,127,130
20,128,150
20,129,111
20,130,115
20,131,110
20,132,107
20,133,112
20,134,92
20,135,132
20,136,77
20,137,109
20,138,105
20,139,124
20,140,98
20,141,110
20,142,88
20,143,721
20,144,229
20,145,135
20,146,95
20,147,117
20,148,132
20,149,118
20,150,113
20,151,118
20,152,109
20,153,128
20,154,105
20,155,143
20,156,119
20,157,136
20,158,125
20,159,138
20,160,145
20,161,133
20,162,123
20,163,145
20,164,124
20,165,128
20,166,125
20,167,129
20,168,125
20,169,134
20,170,146
20,171,147
20,172,127
20,173,139
20,174,138
20,175,138
20,176,126
20,177,145
20,178,133
20,179,875
20,180,127
20,181,152
20,182,127
20,183,165
20,184,141
20,185,165
20,186,119
20,187,145
20,188,139
20,189,161
20,190,120
20,191,162
20,192,126
20,193,155
20,194,118
20,195,161
20,196,123
20,197,167
20,198,150
20,199,151
20,200,135
20,201,165
20,202,133
20,203,157
20,204,122
20,205,170
20,206,128
20,207,171
20,208,125
20,209,172
20,210,706
20,211,195
20,212,122
20,213,221
20,214,139
20,215,212
20,216,113
20,217,181
20,218,131
20,219,194
20,220,134
20,221,536
20,222,125
20,223,198
20,224,125
20,225,307
20,226,123
20,227,214
20,228,118
20,229,207
20,230,134
20,231,194
20,232,126
20,233,207
20,234,130
20,235,1444
20,236,142
20,237,216
20,238,175
20,239,213
20,240,147
20,241,216
20,242,156
20,243,224
20,244,162
20,245,305
20,246,196
20,247,299
20,248,168
20,249,244
20,250,176
20,251,244
20,252,193
20,253,240
20,254,218
20,255,228
20,256,178
21,1,157
21,2,197
21,3,167
21,4,188
21,5,159
21,6,221
21,7,179
21,8,273
21,9,338
21,10,202
21,11,177
21,12,199
21,13,191
21,14,206
21,15,177
21,16,207
21,17,166
21,18,200
21,19,167
21,20,209
21,21,157
21,22,198
21,23,976
21,24,200
21,25,169
21,26,201
21,27,182
21,28,391
21,29,174
21,30,222
21,31,174
21,32,209
21,33,165
21,34,218
21,35,200
21,36,196
21,37,184
21,38,251
21,39,171
21,40,222
21,41,171
21,42,209
21,43,171
21,44,195
21,45,168
21,46,172
21,47,136
21,48,161
21,49,164
21,50,158
21,51,227
21,52,167
21,53,154
21,54,154
21,55,136
21,56,156
21,57,135
21,58,150
21,59,192
21,60,155
21,61,153
21,62,157
21,63,129
21,64,175
21,65,134
21,66,147
21,67,145
21,68,167
21,69,125
21,70,152
21,71,221
21,72,231
21,73,183
21,74,155
21,75,141
21,76,159
21,77,189
21,78,155
21,79,143
21,80,155
21,81,147
21,82,140
21,83,150
21,84,138
21,85,132
21,86,149
21,87,151
21,88,166
21,89,139
21,90,147
21,91,146
21,92,170
21,93,148
21,94,139
21,95,149
21,96,136
21,97,167
21,98,136
21,99,149
21,100,155
21,101,143
21,102,137
21,103,169
21,104,149
21,105,141
21,106,129
21,107,140
21,108,140
21,109,138
21,110,134
21,111,143
21,112,140
21,113,134
21,114,162
21,115,153
21,116,134
21,117,132
21,118,137
21,119,145
21,120,137
21,121,129
21,122,140
21,123,122
21,124,161
21,125,125
21,126,147
21,127,130
21,128,150
21,129,111
21,130,117
21,131,109
21,132,107
21,133,113
21,134,93
21,135,130
21,136,77
21,137,109
21,138,105
21,139,123
21,140,98
21,141,111
21,142,88
21,143,725
21,144,230
21,145,134
21,146,96
21,147,116
21,148,133
21,149,118
21,150,112
21,151,118
21,152,110
21,153,130
21,154,106
21,155,142
21,156,119
21,157,135
21,158,126
21,159,138
21,160,143
21,161,132
21,162,123
21,163,146
21,164,124
21,165,127
21,166,124
21,167,129
21,168,125
21,169,133
21,170,147
21,171,148
21,172,128
21,173,139
21,174,139
21,175,136
21,176,127
21,177,145
21,178,133
21,179,872
21,180,128
21,181,152
21,182,128
21,183,165
21,184,141
21,185,165
21,186,119
21,187,145
21,188,138
21,189,161
21,190,121
21,191,164
21,192,126
21,193,157
21,194,119
21,195,161
21,196,124
21,197,166
21,198,149
21,199,151
21,200,135
21,201,164
21,202,135
21,203,158
21,204,121
21,205,170
21,206,127
21,207,170
21,208,126
21,209,173
21,210,704
21,211,196
21,212,122
21,213,221
21,214,140
21,215,212
21,216,113
21,217,182
21,218,131
21,219,194
21,220,135
21,221,516
21,222,126
21,223,196
21,224,126
21,225,305
21,226,125
21,227,214
21,228,118
21,229,207
21,230,135
21,231,194
21,232,126
21,233,207
21,234,131
21,235,1445
21,236,142
21,237,216
21,238,176
21,239,214
21,240,147
21,241,215
21,242,156
21,243,224
21,244,162
21,245,304
21,246,195
21,247,300
21,248,167
21,249,245
21,250,177
21,251,244
21,252,193
21,253,239
21,254,224
21,255,227
21,256,178
22,1,157
22,2,197
22,3,167
22,4,188
22,5,159
22,6,221
22,7,179
22,8,273
22,9,338
22,10,202
22,11,177
22,12,199
22,13,191
22,14,206
22,15,177
22,16,207
22,17,166
22,18,200
22,19,167
22,20,209
22,21,157
22,22,198
22,23,976
22,24,200
22,25,169
22,26,201
22,27,182
22,28,391
22,29,174
22,30,222
22,31,174
22,32,209
22,33,165
22,34,218
22,35,200
22,36,196
22,37,184
22,38,251
22,39,171
22,40,222
22,41,171
22,42,209
22,43,171
22,44,195
22,45,168
22,46,172
22,47,136
22,48,161
22,49,164
22,50,158
22,51,227
22,52,167
22,53,154
22,54,154
22,55,136
22,56,156
22,57,135
22,58,150
22,59,192
22,60,155
22,61,153
22,62,157
22,63,129
22,64,175
22,65,134
22,66,147
22,67,145
22,68,167
22,69,125
22,70,152
22,71,221
22,72,231
22,73,183
22,74,155
22,75,141
22,76,159
22,77,189
22,78,155
22,79,143
22,80,155
22,81,147
22,82,140
22,83,150
22,84,138
22,85,132
22,86,149
22,87,151
22,88,166
22,89,139
22,90,147
22,91,146
22,92,170
22,93,148
22,94,139
22,95,149
22,96,136
22,97,167
22,98,136
22,99,149
22,100,155
22,101,143
22,102,137
22,103,169
22,104,149
22,105,141
22,106,129
22,107,140
22,108,140
22,109,138
22,110,134
22,111,143
22,112,140
22,113,134
22,114,162
22,115,153
22,116,134
22,117,132
22,118,137
22,119,145
22,120,137
22,121,129
22,122,140
22,123,122
22,124,161
22,125,125
22,126,147
22,127,130
22,128,150
22,129,111
22,130,117
22,131,109
22,132,107
22,133,113
22,134,93
22,135,130
22,136,77
22,137,109
22,138,105
22,139,123
22,140,98
22,141,111
22,142,88
22,143,725
22,144,230
22,145,134
22,146,96
22,147,116
22,148,133
22,149,118
22,150,112
22,151,118
22,152,110
22,153,130
22,154,106
22,155,142
22,156,119
22,157,135
22,158,126
22,159,138
22,160,143
22,161,132
22,162,123
22,163,146
22,164,124
22,165,127
22,166,124
22,167,129
22,168,125
22,169,133
22,170,147
22,171,148
22,172,128
22,173,139
22,174,139
22,175,136
22,176,127
22,177,145
22,178,133
22,179,872
22,180,128
22,181,152
22,182,128
22,183,165
22,184,141
22,185,165
22,186,119
22,187,145
22,188,138
22,189,161
22,190,121
22,191,164
22,192,126
22,193,157
22,194,119
22,195,161
22,196,124
22,197,166
22,198,149
22,199,151
22,200,135
22,201,164
22,202,135
22,203,158
22,204,121
22,205,170
22,206,127
22,207,170
22,208,126
22,209,173
22,210,704
22,211,196
22,212,122
22,213,221
22,214,140
22,215,212
22,216,113
22,217,182
22,218,131
22,219,194
22,220,135
22,221,516
22,222,126
22,223,196
22,224,126
22,225,305
22,226,125
22,227,214
22,228,118
22,229,207
22,230,135
22,231,194
22,232,126
22,233,207
22,234,131
22,235,1445
22,236,142
22,237,216
22,238,176
22,239,214
22,240,147
22,241,215
22,242,156
22,243,224
22,244,162
22,245,304
22,246,195
22,247,300
22,248,167
22,249,245
22,250,177
22,251,244
22,252,193
22,253,239
22,254,224
22,255,227
22,256,178
23,1,162
23,2,198
23,3,168
23,4,187
23,5,159
23,6,221
23,7,180
23,8,274
23,9,338
23,10,202
23,11,179
23,12,202
23,13,192
23,14,206
23,15,178
23,16,208
23,17,167
23,18,200
23,19,167
23,20,209
23,21,157
23,22,199
23,23,978
23,24,200
23,25,170
23,26,200
23,27,183
23,28,391
23,29,175
23,30,221
23,31,175
23,32,209
23,33,165
23,34,219
23,35,200
23,36,196
23,37,185
23,38,250
23,39,170
23,40,219
23,41,171
23,42,209
23,43,172
23,44,194
23,45,169
23,46,172
23,47,138
23,48,162
23,49,162
23,50,158
23,51,231
23,52,167
23,53,153
23,54,155
23,55,138
23,56,156
23,57,135
23,58,151
23,59,193
23,60,155
23,61,153
23,62,157
23,63,130
23,64,176
23,65,134
23,66,146
23,67,146
23,68,167
23,69,126
23,70,154
23,71,222
23,72,230
23,73,185
23,74,155
23,75,144
23,76,158
23,77,189
23,78,155
23,79,143
23,80,155
23,81,147
23,82,139
23,83,148
23,84,140
23,85,151
23,86,151
23,87,151
23,88,167
23,89,140
23,90,148
23,91,147
23,92,171
23,93,150
23,94,139
23,95,151
23,96,136
23,97,170
23,98,137
23,99,150
23,100,156
23,101,142
23,102,136
23,103,168
23,104,149
23,105,143
23,106,129
23,107,141
23,108,141
23,109,139
23,110,134
23,111,144
23,112,140
23,113,134
23,114,163
23,115,153
23,116,133
23,117,131
23,118,137
23,119,145
23,120,138
23,121,130
23,122,139
23,123,123
23,124,162
23,125,126
23,126,146
23,127,131
23,128,150
23,129,112
23,130,116
23,131,110
23,132,107
23,133,113
23,134,92
23,135,131
23,136,78
23,137,110
23,138,106
23,139,123
23,140,98
23,141,111
23,142,89
23,143,722
23,144,230
23,145,136
23,146,96
23,147,118
23,148,131
23,149,118
23,150,112
23,151,118
23,152,110
23,153,129
23,154,106
23,155,142
23,156,118
23,157,136
23,158,126
23,159,138
23,160,146
23,161,134
23,162,123
23,163,146
23,164,124
23,165,129
23,166,125
23,167,129
23,168,125
23,169,134
23,170,146
23,171,149
23,172,127
23,173,139
23,174,137
23,175,137
23,176,127
23,177,145
23,178,133
23,179,874
23,180,127
23,181,154
23,182,128
23,183,165
23,184,141
23,185,166
23,186,119
23,187,146
23,188,138
23,189,162
23,190,120
23,191,163
23,192,126
23,193,158
23,194,118
23,195,162
23,196,125
23,197,167
23,198,152
23,199,152
23,200,136
23,201,165
23,202,136
23,203,157
23,204,121
23,205,171
23,206,127
23,207,171
23,208,128
23,209,175
23,210,709
23,211,196
23,212,122
23,213,220
23,214,139
23,215,212
23,216,113
23,217,182
23,218,131
23,219,194
23,220,135
23,221,540
23,222,126
23,223,198
23,224,124
23,225,313
23,226,125
23,227,214
23,228,119
23,229,210
23,230,134
23,231,195
23,232,126
23,233,209
23,234,131
23,235,1451
23,236,143
23,237,217
23,238,177
23,239,214
23,240,148
23,241,215
23,242,156
23,243,225
23,244,161
23,245,304
23,246,195
23,247,298
23,248,168
23,249,241
23,250,177
23,251,243
23,252,192
23,253,238
23,254,220
23,255,230
23,256,178
24,1,162
24,2,198
24,3,168
24,4,187
24,5,159
24,6,221
24,7,180
24,8,274
24,9,338
24,10,202
24,11,179
24,12,202
24,13,192
24,14,206
24,15,178
24,16,208
24,17,167
24,18,200
24,19,167
24,20,209
24,21,157
24,22,199
24,23,978
24,24,200
24,25,170
24,26,200
24,27,183
24,28,391
24,29,175
24,30,221
24,31,175
24,32,209
24,33,165
24,34,219
24,35,200
24,36,196
24,37,185
24,38,250
24,39,170
24,40,219
24,41,171
24,42,209
24,43,172
24,44,194
24,45,169
24,46,172
24,47,138
24,48,162
24,49,162
24,50,158
24,51,231
24,52,167
24,53,153
24,54,155
24,55,138
24,56,156
24,57,135
24,58,151
24,59,193
24,60,155
24,61,153
24,62,157
24,63,130
24,64,176
24,65,134
24,66,146
24,67,146
24,68,167
24,69,126
24,70,154
24,71,222
24,72,230
24,73,185
24,74,155
24,75,144
24,76,158
24,77,189
24,78,155
24,79,143
24,80,155
24,81,147
24,82,139
24,83,148
24,84,140
24,85,151
24,86,151
24,87,151
24,88,167
24,89,140
24,90,148
24,91,147
24,92,171
24,93,150
24,94,139
24,95,151
24,96,136
24,97,170
24,98,137
24,99,150
24,100,156
24,101,142
24,102,136
24,103,168
24,104,149
24,105,143
24,106,129
24,107,141
24,108,141
24,109,139
24,110,134
24,111,144
24,112,140
24,113,134
24,114,163
24,115,153
24,116,133
24,117,131
24,118,137
24,119,145
24,120,138
24,121,130
24,122,139
24,123,123
24,124,162
24,125,126
24,126,146
24,127,131
24,128,150
24,129,112
24,130,116
24,131,110
24,132,107
24,133,113
24,134,92
24,135,131
24,136,78
24,137,110
24,138,106
24,139,123
24,140,98
24,141,111
24,142,89
24,143,722
24,144,230
24,145,136
24,146,96
24,147,118
24,148,131
24,149,118
24,150,112
24,151,118
24,152,110
24,153,129
24,154,106
24,155,142
24,156,118
24,157,136
24,158,126
24,159,138
24,160,146
24,161,134
24,162,123
24,163,146
24,164,124
24,165,129
24,166,125
24,167,129
24,168,125
24,169,134
24,170,146
24,171,149
24,172,127
24,173,139
24,174,137
24,175,137
24,176,127
24,177,145
24,178,133
24,179,874
24,180,127
24,181,154
24,182,128
24,183,165
24,184,141
24,185,166
24,186,119
24,187,146
24,188,138
24,189,162
24,190,120
24,191,163
24,192,126
24,193,158
24,194,118
24,195,162
24,196,125
24,197,167
24,198,152
24,199,152
24,200,136
24,201,165
24,202,136
24,203,157
24,204,121
24,205,171
24,206,127
24,207,171
24,208,128
24,209,175
24,210,709
24,211,196
24,212,122
24,213,220
24,214,139
24,215,212
24,216,113
24,217,182
24,218,131
24,219,194
24,220,135
24,221,540
24,222,126
24,223,198
24,224,124
24,225,313
24,226,125
24,227,214
24,228,119
24,229,210
24,230,134
24,231,195
24,232,126
24,233,209
24,234,131
24,235,1451
24,236,143
24,237,217
24,238,177
24,239,214
24,240,148
24,241,215
24,242,156
24,243,225
24,244,161
24,245,304
24,246,195
24,247,298
24,248,168
24,249,241
24,250,177
24,251,243
24,252,192
24,253,238
24,254,220
24,255,230
24,256,178
25,1,160
25,2,197
25,3,167
25,4,188
25,5,159
25,6,221
25,7,181
25,8,273
25,9,336
25,10,201
25,11,178
25,12,202
25,13,191
25,14,206
25,15,178
25,16,208
25,17,165
25,18,200
25,19,167
25,20,210
25,21,157
25,22,199
25,23,976
25,24,202
25,25,170
25,26,201
25,27,183
25,28,393
25,29,174
25,30,223
25,31,175
25,32,209
25,33,164
25,34,219
25,35,199
25,36,195
25,37,184
25,38,250
25,39,171
25,40,219
25,41,171
25,42,207
25,43,172
25,44,194
25,45,169
25,46,173
25,47,137
25,48,161
25,49,162
25,50,158
25,51,232
25,52,168
25,53,154
25,54,155
25,55,136
25,56,156
25,57,135
25,58,158
25,59,193
25,60,155
25,61,153
25,62,157
25,63,128
25,64,176
25,65,134
25,66,147
25,67,145
25,68,167
25,69,126
25,70,153
25,71,223
25,72,233
25,73,185
25,74,154
25,75,143
25,76,158
25,77,188
25,78,155
25,79,144
25,80,155
25,81,147
25,82,141
25,83,149
25,84,137
25,85,132
25,86,150
25,87,153
25,88,167
25,89,141
25,90,148
25,91,145
25,92,170
25,93,149
25,94,139
25,95,151
25,96,137
25,97,169
25,98,137
25,99,149
25,100,157
25,101,144
25,102,137
25,103,169
25,104,149
25,105,142
25,106,129
25,107,141
25,108,141
25,109,138
25,110,134
25,111,144
25,112,140
25,113,134
25,114,162
25,115,152
25,116,134
25,117,132
25,118,137
25,119,145
25,120,137
25,121,130
25,122,139
25,123,123
25,124,163
25,125,126
25,126,146
25,127,131
25,128,150
25,129,113
25,130,115
25,131,109
25,132,108
25,133,114
25,134,94
25,135,132
25,136,77
25,137,109
25,138,105
25,139,123
25,140,99
25,141,110
25,142,87
25,143,722
25,144,229
25,145,134
25,146,96
25,147,117
25,148,134
25,149,118
25,150,113
25,151,118
25,152,110
25,153,129
25,154,106
25,155,144
25,156,119
25,157,136
25,158,127
25,159,137
25,160,145
25,161,133
25,162,123
25,163,146
25,164,124
25,165,129
25,166,125
25,167,129
25,168,125
25,169,134
25,170,146
25,171,148
25,172,129
25,173,140
25,174,138
25,175,135
25,176,127
25,177,145
25,178,133
25,179,878
25,180,127
25,181,153
25,182,128
25,183,165
25,184,141
25,185,165
25,186,119
25,187,146
25,188,139
25,189,161
25,190,120
25,191,163
25,192,127
25,193,156
25,194,118
25,195,161
25,196,124
25,197,166
25,198,151
25,199,152
25,200,136
25,201,164
25,202,135
25,203,158
25,204,122
25,205,170
25,206,128
25,207,171
25,208,127
25,209,173
25,210,706
25,211,195
25,212,123
25,213,219
25,214,140
25,215,213
25,216,114
25,217,182
25,218,132
25,219,194
25,220,136
25,221,540
25,222,126
25,223,197
25,224,125
25,225,308
25,226,124
25,227,215
25,228,118
25,229,208
25,230,134
25,231,195
25,232,127
25,233,208
25,234,131
25,235,1442
25,236,142
25,237,216
25,238,181
25,239,214
25,240,148
25,241,215
25,242,157
25,243,224
25,244,162
25,245,306
25,246,196
25,247,301
25,248,167
25,249,244
25,250,177
25,251,243
25,252,193
25,253,238
25,254,221
25,255,229
25,256,179
26,1,160
26,2,197
26,3,167
26,4,188
26,5,159
26,6,221
26,7,181
26,8,273
26,9,336
26,10,201
26,11,178
26,12,202
26,13,191
26,14,206
26,15,178
26,16,208
26,17,165
26,18,200
26,19,167
26,20,210
26,21,157
26,22,199
26,23,976
26,24,202
26,25,170
26,26,201
26,27,183
26,28,393
26,29,174
26,30,223
26,31,175
26,32,209
26,33,164
26,34,219
26,35,199
26,36,195
26,37,184
26,38,250
26,39,171
26,40,219
26,41,171
26,42,207
26,43,172
26,44,194
26,45,169
26,46,173
26,47,137
26,48,161
26,49,162
26,50,158
26,51,232
26,52,168
26,53,154
26,54,155
26,55,136
26,56,156
26,57,135
26,58,158
26,59,193
26,60,155
26,61,153
26,62,157
26,63,128
26,64,176
26,65,134
26,66,147
26,67,145
26,68,167
26,69,126
26,70,153
26,71,223
26,72,233
26,73,185
26,74,154
26,75,143
26,76,158
26,77,188
26,78,155
26,79,144
26,80,155
26,81,147
26,82,141
26,83,149
26,84,137
26,85,132
26,86,150
26,87,153
26,88,167
26,89,141
26,90,148
26,91,145
26,92,170
26,93,149
26,94,139
26,95,151
26,96,137
26,97,169
26,98,137
26,99,149
26,100,157
26,101,144
26,102,137
26,103,169
26,104,149
26,105,142
26,106,129
26,107,141
26,108,141
26,109,138
26,110,134
26,111,144
26,112,140
26,113,134
26,114,162
26,115,152
26,116,134
26,117,132
26,118,137
26,119,145
26,120,137
26,121,130
26,122,139
26,123,123
26,124,163
26,125,126
26,126,146
26,127,131
26,128,150
26,129,113
26,130,115
26,131,109
26,132,108
26,133,114
26,134,94
26,135,132
26,136,77
26,137,109
26,138,105
26,139,123
26,140,99
26,141,110
26,142,87
26,143,722
26,144,229
26,145,134
26,146,96
26,147,117
26,148,134
26,149,118
26,150,113
26,151,118
26,152,110
26,153,129
26,154,106
26,155,144
26,156,119
26,157,136
26,158,127
26,159,137
26,160,145
26,161,133
26,162,123
26,163,146
26,164,124
26,165,129
26,166,125
26,167,129
26,168,125
26,169,134
26,170,146
26,171,148
26,172,129
26,173,140
26,174,138
26,175,135
26,176,127
26,177,145
26,178,133
26,179,878
26,180,127
26,181,153
26,182,128
26,183,165
26,184,141
26,185,165
26,186,119
26,187,146
26,188,139
26,189,161
26,190,120
26,191,163
26,192,127
26,193,156
26,194,118
26,195,161
26,196,124
26,197,166
26,198,151
26,199,152
26,200,136
26,201,164
26,202,135
26,203,158
26,204,122
26,205,170
26,206,128
26,207,171
26,208,127
26,209,173
26,210,706
26,211,195
26,212,123
26,213,219
26,214,140
26,215,213
26,216,114
26,217,182
26,218,132
26,219,194
26,220,136
26,221,540
26,222,126
26,223,197
26,224,125
26,225,308
26,226,124
26,227,215
26,228,118
26,229,208
26,230,134
26,231,195
26,232,127
26,233,208
26,234,131
26,235,1442
26,236,142
26,237,216
26,238,181
26,239,214
26,240,148
26,241,215
26,242,157
26,243,224
26,244,162
26,245,306
26,246,196
26,247,301
26,248,167
26,249,244
26,250,177
26,251,243
26,252,193
26,253,238
26,254,221
26,255,229
26,256,179
27,1,160
27,2,198
27,3,167
27,4,188
27,5,158
27,6,219
27,7,179
27,8,273
27,9,328
27,10,202
27,11,178
27,12,202
27,13,191
27,14,207
27,15,177
27,16,208
27,17,166
27,18,201
27,19,168
27,20,209
27,21,158
27,22,198
27,23,977
27,24,200
27,25,168
27,26,200
27,27,183
27,28,393
27,29,174
27,30,223
27,31,175
27,32,209
27,33,163
27,34,218
27,35,199
27,36,197
27,37,184
27,38,249
27,39,170
27,40,221
27,41,170
27,42,210
27,43,171
27,44,195
27,45,169
27,46,173
27,47,136
27,48,161
27,49,163
27,50,158
27,51,231
27,52,167
27,53,153
27,54,155
27,55,136
27,56,156
27,57,134
27,58,151
27,59,192
27,60,154
27,61,152
27,62,158
27,63,129
27,64,175
27,65,134
27,66,146
27,67,145
27,68,166
27,69,126
27,70,154
27,71,222
27,72,234
27,73,186
27,74,155
27,75,143
27,76,157
27,77,190
27,78,155
27,79,144
27,80,155
27,81,147
27,82,140
27,83,148
27,84,138
27,85,133
27,86,150
27,87,152
27,88,167
27,89,140
27,90,147
27,91,146
27,92,170
27,93,149
27,94,140
27,95,151
27,96,137
27,97,169
27,98,137
27,99,149
27,100,156
27,101,142
27,102,136
27,103,169
27,104,149
27,105,142
27,106,129
27,107,141
27,108,141
27,109,139
27,110,134
27,111,143
27,112,140
27,113,134
27,114,162
27,115,152
27,116,133
27,117,131
27,118,137
27,119,145
27,120,137
27,121,129
27,122,140
27,123,123
27,124,161
27,125,125
27,126,146
27,127,129
27,128,149
27,129,112
27,130,115
27,131,109
27,132,107
27,133,113
27,134,93
27,135,131
27,136,78
27,137,108
27,138,105
27,139,124
27,140,98
27,141,110
27,142,88
27,143,723
27,144,230
27,145,134
27,146,96
27,147,117
27,148,132
27,149,117
27,150,113
27,151,117
27,152,110
27,153,128
27,154,105
27,155,143
27,156,118
27,157,135
27,158,126
27,159,138
27,160,146
27,161,134
27,162,122
27,163,146
27,164,123
27,165,129
27,166,125
27,167,130
27,168,123
27,169,134
27,170,146
27,171,146
27,172,128
27,173,139
27,174,138
27,175,137
27,176,127
27,177,145
27,178,133
27,179,878
27,180,128
27,181,153
27,182,127
27,183,165
27,184,141
27,185,165
27,186,119
27,187,146
27,188,138
27,189,162
27,190,120
27,191,164
27,192,127
27,193,156
27,194,119
27,195,161
27,196,124
27,197,167
27,198,151
27,199,153
27,200,133
27,201,165
27,202,135
27,203,157
27,204,121
27,205,170
27,206,128
27,207,170
27,208,126
27,209,173
27,210,708
27,211,195
27,212,123
27,213,213
27,214,140
27,215,211
27,216,114
27,217,182
27,218,131
27,219,194
27,220,134
27,221,530
27,222,126
27,223,197
27,224,125
27,225,313
27,226,124
27,227,215
27,228,121
27,229,208
27,230,134
27,231,195
27,232,127
27,233,207
27,234,131
27,235,1448
27,236,143
27,237,215
27,238,175
27,239,214
27,240,147
27,241,216
27,242,157
27,243,225
27,244,161
27,245,304
27,246,200
27,247,299
27,248,168
27,249,243
27,250,177
27,251,243
27,252,194
27,253,240
27,254,223
27,255,229
27,256,179
28,1,160
28,2,198
28,3,167
28,4,188
28,5,158
28,6,219
28,7,179
28,8,273
28,9,328
28,10,202
28,11,178
28,12,202
28,13,191
28,14,207
28,15,177
28,16,208
28,17,166
28,18,201
28,19,168
28,20,209
28,21,158
28,22,198
28,23,977
28,24,200
28,25,168
28,26,200
28,27,183
28,28,393
28,29,174
28,30,223
28,31,175
28,32,209
28,33,163
28,34,218
28,35,199
28,36,197
28,37,184
28,38,249
28,39,170
28,40,221
28,41,170
28,42,210
28,43,171
28,44,195
28,45,169
28,46,173
28,47,136
28,48,161
28,49,163
28,50,158
28,51,231
28,52,167
28,53,153
28,54,155
28,55,136
28,56,156
28,57,134
28,58,151
28,59,192
28,60,154
28,61,152
28,62,158
28,63,129
28,64,175
28,65,134
28,66,146
28,67,145
28,68,166
28,69,126
28,70,154
28,71,222
28,72,234
28,73,186
28,74,155
28,75,143
28,76,157
28,77,190
28,78,155
28,79,144
28,80,155
28,81,147
28,82,140
28,83,148
28,84,138
28,85,133
28,86,150
28,87,152
28,88,167
28,89,140
28,90,147
28,91,146
28,92,170
28,93,149
28,94,140
28,95,151
28,96,137
28,97,169
28,98,137
28,99,149
28,100,156
28,101,142
28,102,136
28,103,169
28,104,149
28,105,142
28,106,129
28,107,141
28,108,141
28,109,139
28,110,134
28,111,143
28,112,140
28,113,134
28,114,162
28,115,152
28,116,133
28,117,131
28,118,137
28,119,145
28,120,137
28,121,129
28,122,140
28,123,123
28,124,161
28,125,125
28,126,146
28,127,129
28,128,149
28,129,112
28,130,115
28,131,109
28,132,107
28,133,113
28,134,93
28,135,131
28,136,78
28,137,108
28,138,105
28,139,124
28,140,98
28,141,110
28,142,88
28,143,723
28,144,230
28,145,134
28,146,96
28,147,117
28,148,132
28,149,117
28,150,113
28,151,117
28,152,110
28,153,128
28,154,105
28,155,143
28,156,118
28,157,135
28,158,126
28,159,138
28,160,146
28,161,134
28,162,122
28,163,146
28,164,123
28,165,129
28,166,125
28,167,130
28,168,123
28,169,134
28,170,146
28,171,146
28,172,128
28,173,139
28,174,138
28,175,137
28,176,127
28,177,145
28,178,133
28,179,878
28,180,128
28,181,153
28,182,127
28,183,165
28,184,141
28,185,165
28,186,119
28,187,146
28,188,138
28,189,162
28,190,120
28,191,164
28,192,127
28,193,156
28,194,119
28,195,161
28,196,124
28,197,167
28,198,151
28,199,153
28,200,133
28,201,165
28,202,135
28,203,157
28,204,121
28,205,170
28,206,128
28,207,170
28,208,126
28,209,173
28,210,708
28,211,195
28,212,123
28,213,213
28,214,140
28,215,211
28,216,114
28,217,182
28,218,131
28,219,194
28,220,134
28,221,530
28,222,126
28,223,197
28,224,125
28,225,313
28,226,124
28,227,215
28,228,121
28,229,208
28,230,134
28,231,195
28,232,127
28,233,207
28,234,131
28,235,1448
28,236,143
28,237,215
28,238,175
28,239,214
28,240,147
28,241,216
28,242,157
28,243,225
28,244,161
28,245,304
28,246,200
28,247,299
28,248,168
28,249,243
28,250,177
28,251,243
28,252,194
28,253,240
28,254,223
28,255,229
28,256,179
