Line,Band,Value
1,1,352
1,2,394
1,3,370
1,4,388
1,5,360
1,6,515
1,7,390
1,8,721
1,9,1015
1,10,447
1,11,395
1,12,410
1,13,531
1,14,431
1,15,419
1,16,439
1,17,383
1,18,419
1,19,381
1,20,461
1,21,362
1,22,429
1,23,3692
1,24,412
1,25,385
1,26,412
1,27,427
1,28,1188
1,29,393
1,30,481
1,31,410
1,32,454
1,33,379
1,34,469
1,35,488
1,36,408
1,37,436
1,38,633
1,39,394
1,40,442
1,41,389
1,42,407
1,43,359
1,44,387
1,45,373
1,46,298
1,47,226
1,48,252
1,49,306
1,50,230
1,51,594
1,52,313
1,53,290
1,54,227
1,55,227
1,56,225
1,57,212
1,58,242
1,59,454
1,60,241
1,61,250
1,62,241
1,63,204
1,64,328
1,65,212
1,66,229
1,67,241
1,68,285
1,69,225
1,70,230
1,71,562
1,72,552
1,73,398
1,74,233
1,75,241
1,76,283
1,77,369
1,78,236
1,79,214
1,80,267
1,81,230
1,82,222
1,83,218
1,84,223
1,85,197
1,86,251
1,87,232
1,88,297
1,89,203
1,90,221
1,91,224
1,92,330
1,93,233
1,94,227
1,95,222
1,96,206
1,97,306
1,98,209
1,99,245
1,100,261
1,101,208
1,102,205
1,103,307
1,104,241
1,105,204
1,106,197
1,107,205
1,108,212
1,109,213
1,110,204
1,111,206
1,112,208
1,113,216
1,114,318
1,115,269
1,116,205
1,117,200
1,118,207
1,119,231
1,120,205
1,121,196
1,122,218
1,123,181
1,124,281
1,125,187
1,126,222
1,127,195
1,128,232
1,129,164
1,130,234
1,131,171
1,132,205
1,133,163
1,134,146
1,135,231
1,136,130
1,137,153
1,138,166
1,139,171
1,140,149
1,141,150
1,142,140
1,143,2614
1,144,672
1,145,234
1,146,138
1,147,156
1,148,294
1,149,161
1,150,161
1,151,165
1,152,173
1,153,194
1,154,151
1,155,239
1,156,169
1,157,222
1,158,182
1,159,179
1,160,268
1,161,217
1,162,168
1,163,245
1,164,175
1,165,173
1,166,183
1,167,177
1,168,181
1,169,181
1,170,242
1,171,219
1,172,179
1,173,190
1,174,223
1,175,187
1,176,175
1,177,190
1,178,211
1,179,3081
1,180,194
1,181,219
1,182,191
1,183,269
1,184,201
1,185,234
1,186,173
1,187,197
1,188,218
1,189,226
1,190,175
1,191,270
1,192,196
1,193,211
1,194,176
1,195,228
1,196,186
1,197,252
1,198,282
1,199,210
1,200,210
1,201,237
1,202,216
1,203,228
1,204,199
1,205,252
1,206,210
1,207,244
1,208,209
1,209,251
1,210,2538
1,211,335
1,212,209
1,213,427
1,214,285
1,215,415
1,216,211
1,217,281
1,218,263
1,219,319
1,220,261
1,221,1699
1,222,251
1,223,333
1,224,263
1,225,815
1,226,265
1,227,430
1,228,271
1,229,369
1,230,301
1,231,366
1,232,312
1,233,429
1,234,327
1,235,4095
1,236,376
1,237,459
1,238,483
1,239,475
1,240,418
1,241,487
1,242,447
1,243,524
1,244,468
1,245,869
1,246,640
1,247,853
1,248,554
1,249,658
1,250,562
1,251,637
1,252,602
1,253,659
1,254,713
1,255,637
1,256,597
2,1,352
2,2,394
2,3,370
2,4,388
2,5,360
2,6,515
2,7,390
2,8,721
2,9,1015
2,10,447
2,11,395
2,12,410
2,13,531
2,14,431
2,15,419
2,16,439
2,17,383
2,18,419
2,19,381
2,20,461
2,21,362
2,22,429
2,23,3692
2,24,412
2,25,385
2,26,412
2,27,427
2,28,1188
2,29,393
2,30,481
2,31,410
2,32,454
2,33,379
2,34,469
2,35,488
2,36,408
2,37,436
2,38,633
2,39,394
2,40,442
2,41,389
2,42,407
2,43,359
2,44,387
2,45,373
2,46,298
2,47,226
2,48,252
2,49,306
2,50,230
2,51,594
2,52,313
2,53,290
2,54,227
2,55,227
2,56,225
2,57,212
2,58,242
2,59,454
2,60,241
2,61,250
2,62,241
2,63,204
2,64,328
2,65,212
2,66,229
2,67,241
2,68,285
2,69,225
2,70,230
2,71,562
2,72,552
2,73,398
2,74,233
2,75,241
2,76,283
2,77,369
2,78,236
2,79,214
2,80,267
2,81,230
2,82,222
2,83,218
2,84,223
2,85,197
2,86,251
2,87,232
2,88,297
2,89,203
2,90,221
2,91,224
2,92,330
2,93,233
2,94,227
2,95,222
2,96,206
2,97,306
2,98,209
2,99,245
2,100,261
2,101,208
2,102,205
2,103,307
2,104,241
2,105,204
2,106,197
2,107,205
2,108,212
2,109,213
2,110,204
2,111,206
2,112,208
2,113,216
2,114,318
2,115,269
2,116,205
2,117,200
2,118,207
2,119,231
2,120,205
2,121,196
2,122,218
2,123,181
2,124,281
2,125,187
2,126,222
2,127,195
2,128,232
2,129,164
2,130,234
2,131,171
2,132,205
2,133,163
2,134,146
2,135,231
2,136,130
2,137,153
2,138,166
2,139,171
2,140,149
2,141,150
2,142,140
2,143,2614
2,144,672
2,145,234
2,146,138
2,147,156
2,148,294
2,149,161
2,150,161
2,151,165
2,152,173
2,153,194
2,154,151
2,155,239
2,156,169
2,157,222
2,158,182
2,159,179
2,160,268
2,161,217
2,162,168
2,163,245
2,164,175
2,165,173
2,166,183
2,167,177
2,168,181
2,169,181
2,170,242
2,171,219
2,172,179
2,173,190
2,174,223
2,175,187
2,176,175
2,177,190
2,178,211
2,179,3081
2,180,194
2,181,219
2,182,191
2,183,269
2,184,201
2,185,234
2,186,173
2,187,197
2,188,218
2,189,226
2,190,175
2,191,270
2,192,196
2,193,211
2,194,176
2,195,228
2,196,186
2,197,252
2,198,282
2,199,210
2,200,210
2,201,237
2,202,216
2,203,228
2,204,199
2,205,252
2,206,210
2,207,244
2,208,209
2,209,251
2,210,2538
2,211,335
2,212,209
2,213,427
2,214,285
2,215,415
2,216,211
2,217,281
2,218,263
2,219,319
2,220,261
2,221,1699
2,222,251
2,223,333
2,224,263
2,225,815
2,226,265
2,227,430
2,228,271
2,229,369
2,230,301
2,231,366
2,232,312
2,233,429
2,234,327
2,235,4095
2,236,376
2,237,459
2,238,483
2,239,475
2,240,418
2,241,487
2,242,447
2,243,524
2,244,468
2,245,869
2,246,640
2,247,853
2,248,554
2,249,658
2,250,562
2,251,637
2,252,602
2,253,659
2,254,713
2,255,637
2,256,597
3,1,351
3,2,391
3,3,371
3,4,387
3,5,359
3,6,517
3,7,389
3,8,731
3,9,1016
3,10,445
3,11,398
3,12,406
3,13,483
3,14,429
3,15,419
3,16,441
3,17,384
3,18,418
3,19,383
3,20,462
3,21,362
3,22,428
3,23,3636
3,24,411
3,25,386
3,26,411
3,27,430
3,28,1187
3,29,393
3,30,480
3,31,409
3,32,454
3,33,379
3,34,467
3,35,490
3,36,407
3,37,437
3,38,631
3,39,394
3,40,441
3,41,389
3,42,409
3,43,359
3,44,385
3,45,374
3,46,298
3,47,228
3,48,251
3,49,309
3,50,229
3,51,603
3,52,315
3,53,290
3,54,227
3,55,227
3,56,224
3,57,212
3,58,240
3,59,455
3,60,241
3,61,246
3,62,238
3,63,203
3,64,328
3,65,212
3,66,228
3,67,241
3,68,285
3,69,223
3,70,229
3,71,561
3,72,545
3,73,402
3,74,232
3,75,240
3,76,283
3,77,365
3,78,233
3,79,214
3,80,268
3,81,230
3,82,223
3,83,219
3,84,224
3,85,196
3,86,250
3,87,233
3,88,297
3,89,205
3,90,220
3,91,224
3,92,329
3,93,233
3,94,225
3,95,223
3,96,205
3,97,310
3,98,210
3,99,245
3,100,260
3,101,209
3,102,204
3,103,322
3,104,241
3,105,203
3,106,196
3,107,206
3,108,212
3,109,215
3,110,204
3,111,207
3,112,209
3,113,215
3,114,311
3,115,270
3,116,206
3,117,200
3,118,208
3,119,230
3,120,204
3,121,196
3,122,217
3,123,181
3,124,282
3,125,186
3,126,222
3,127,195
3,128,232
3,129,165
3,130,234
3,131,171
3,132,207
3,133,164
3,134,144
3,135,238
3,136,130
3,137,154
3,138,166
3,139,171
3,140,147
3,141,152
3,142,139
3,143,2613
3,144,671
3,145,234
3,146,137
3,147,155
3,148,304
3,149,160
3,150,160
3,151,166
3,152,173
3,153,193
3,154,153
3,155,238
3,156,169
3,157,219
3,158,180
3,159,181
3,160,266
3,161,219
3,162,167
3,163,243
3,164,174
3,165,172
3,166,182
3,167,178
3,168,182
3,169,181
3,170,242
3,171,217
3,172,177
3,173,191
3,174,222
3,175,187
3,176,173
3,177,191
3,178,209
3,179,3084
3,180,194
3,181,222
3,182,190
3,183,272
3,184,202
3,185,236
3,186,174
3,187,200
3,188,217
3,189,223
3,190,176
3,191,254
3,192,196
3,193,212
3,194,175
3,195,226
3,196,186
3,197,251
3,198,279
3,199,212
3,200,209
3,201,238
3,202,214
3,203,227
3,204,198
3,205,252
3,206,210
3,207,244
3,208,208
3,209,251
3,210,2539
3,211,335
3,212,209
3,213,425
3,214,283
3,215,413
3,216,211
3,217,281
3,218,261
3,219,321
3,220,260
3,221,1681
3,222,253
3,223,334
3,224,261
3,225,819
3,226,266
3,227,421
3,228,270
3,229,369
3,230,300
3,231,365
3,232,311
3,233,428
3,234,326
3,235,4095
3,236,376
3,237,460
3,238,485
3,239,472
3,240,415
3,241,486
3,242,448
3,243,526
3,244,466
3,245,867
3,246,635
3,247,864
3,248,534
3,249,658
3,250,560
3,251,638
3,252,601
3,253,660
3,254,718
3,255,635
3,256,599
4,1,351
4,2,391
4,3,371
4,4,387
4,5,359
4,6,517
4,7,389
4,8,731
4,9,1016
4,10,445
4,11,398
4,12,406
4,13,483
4,14,429
4,15,419
4,16,441
4,17,384
4,18,418
4,19,383
4,20,462
4,21,362
4,22,428
4,23,3636
4,24,411
4,25,386
4,26,411
4,27,430
4,28,1187
4,29,393
4,30,480
4,31,409
4,32,454
4,33,379
4,34,467
4,35,490
4,36,407
4,37,437
4,38,631
4,39,394
4,40,441
4,41,389
4,42,409
4,43,359
4,44,385
4,45,374
4,46,298
4,47,228
4,48,251
4,49,309
4,50,229
4,51,603
4,52,315
4,53,290
4,54,227
4,55,227
4,56,224
4,57,212
4,58,240
4,59,455
4,60,241
4,61,246
4,62,238
4,63,203
4,64,328
4,65,212
4,66,228
4,67,241
4,68,285
4,69,223
4,70,229
4,71,561
4,72,545
4,73,402
4,74,232
4,75,240
4,76,283
4,77,365
4,78,233
4,79,214
4,80,268
4,81,230
4,82,223
4,83,219
4,84,224
4,85,196
4,86,250
4,87,233
4,88,297
4,89,205
4,90,220
4,91,224
4,92,329
4,93,233
4,94,225
4,95,223
4,96,205
4,97,310
4,98,210
4,99,245
4,100,260
4,101,209
4,102,204
4,103,322
4,104,241
4,105,203
4,106,196
4,107,206
4,108,212
4,109,215
4,110,204
4,111,207
4,112,209
4,113,215
4,114,311
4,115,270
4,116,206
4,117,200
4,118,208
4,119,230
4,120,204
4,121,196
4,122,217
4,123,181
4,124,282
4,125,186
4,126,222
4,127,195
4,128,232
4,129,165
4,130,234
4,131,171
4,132,207
4,133,164
4,134,144
4,135,238
4,136,130
4,137,154
4,138,166
4,139,171
4,140,147
4,141,152
4,142,139
4,143,2613
4,144,671
4,145,234
4,146,137
4,147,155
4,148,304
4,149,160
4,150,160
4,151,166
4,152,173
4,153,193
4,154,153
4,155,238
4,156,169
4,157,219
4,158,180
4,159,181
4,160,266
4,161,219
4,162,167
4,163,243
4,164,174
4,165,172
4,166,182
4,167,178
4,168,182
4,169,181
4,170,242
4,171,217
4,172,177
4,173,191
4,174,222
4,175,187
4,176,173
4,177,191
4,178,209
4,179,3084
4,180,194
4,181,222
4,182,190
4,183,272
4,184,202
4,185,236
4,186,174
4,187,200
4,188,217
4,189,223
4,190,176
4,191,254
4,192,196
4,193,212
4,194,175
4,195,226
4,196,186
4,197,251
4,198,279
4,199,212
4,200,209
4,201,238
4,202,214
4,203,227
4,204,198
4,205,252
4,206,210
4,207,244
4,208,208
4,209,251
4,210,2539
4,211,335
4,212,209
4,213,425
4,214,283
4,215,413
4,216,211
4,217,281
4,218,261
4,219,321
4,220,260
4,221,1681
4,222,253
4,223,334
4,224,261
4,225,819
4,226,266
4,227,421
4,228,270
4,229,369
4,230,300
4,231,365
4,232,311
4,233,428
4,234,326
4,235,4095
4,236,376
4,237,460
4,238,485
4,239,472
4,240,415
4,241,486
4,242,448
4,243,526
4,244,466
4,245,867
4,246,635
4,247,864
4,248,534
4,249,658
4,250,560
4,251,638
4,252,601
4,253,660
4,254,718
4,255,635
4,256,599
5,1,351
5,2,394
5,3,368
5,4,386
5,5,361
5,6,516
5,7,391
5,8,741
5,9,1000
5,10,446
5,11,397
5,12,405
5,13,484
5,14,430
5,15,419
5,16,441
5,17,384
5,18,419
5,19,383
5,20,461
5,21,363
5,22,427
5,23,3644
5,24,412
5,25,385
5,26,412
5,27,429
5,28,1189
5,29,395
5,30,481
5,31,410
5,32,453
5,33,380
5,34,467
5,35,490
5,36,407
5,37,438
5,38,632
5,39,394
5,40,440
5,41,391
5,42,408
5,43,359
5,44,385
5,45,374
5,46,298
5,47,224
5,48,250
5,49,310
5,50,227
5,51,605
5,52,316
5,53,291
5,54,227
5,55,226
5,56,226
5,57,212
5,58,238
5,59,455
5,60,241
5,61,248
5,62,240
5,63,203
5,64,327
5,65,210
5,66,229
5,67,241
5,68,286
5,69,225
5,70,229
5,71,564
5,72,557
5,73,413
5,74,233
5,75,243
5,76,284
5,77,366
5,78,234
5,79,214
5,80,267
5,81,230
5,82,222
5,83,220
5,84,225
5,85,196
5,86,250
5,87,232
5,88,297
5,89,204
5,90,220
5,91,225
5,92,328
5,93,235
5,94,226
5,95,223
5,96,205
5,97,304
5,98,209
5,99,246
5,100,262
5,101,210
5,102,204
5,103,312
5,104,241
5,105,205
5,106,197
5,107,207
5,108,213
5,109,214
5,110,203
5,111,207
5,112,207
5,113,217
5,114,309
5,115,271
5,116,205
5,117,201
5,118,209
5,119,232
5,120,203
5,121,197
5,122,218
5,123,182
5,124,272
5,125,187
5,126,223
5,127,196
5,128,233
5,129,164
5,130,235
5,131,171
5,132,206
5,133,164
5,134,143
5,135,235
5,136,129
5,137,155
5,138,166
5,139,172
5,140,150
5,141,151
5,142,138
5,143,2613
5,144,670
5,145,231
5,146,137
5,147,156
5,148,299
5,149,161
5,150,160
5,151,165
5,152,172
5,153,193
5,154,152
5,155,238
5,156,167
5,157,220
5,158,182
5,159,180
5,160,255
5,161,217
5,162,169
5,163,247
5,164,175
5,165,173
5,166,183
5,167,178
5,168,182
5,169,181
5,170,242
5,171,221
5,172,178
5,173,189
5,174,217
5,175,186
5,176,174
5,177,190
5,178,210
5,179,3095
5,180,195
5,181,221
5,182,191
5,183,270
5,184,202
5,185,235
5,186,174
5,187,199
5,188,217
5,189,224
5,190,175
5,191,257
5,192,197
5,193,212
5,194,176
5,195,225
5,196,187
5,197,252
5,198,279
5,199,211
5,200,211
5,201,238
5,202,215
5,203,230
5,204,198
5,205,251
5,206,211
5,207,245
5,208,208
5,209,251
5,210,2540
5,211,335
5,212,209
5,213,425
5,214,286
5,215,416
5,216,211
5,217,282
5,218,262
5,219,321
5,220,263
5,221,1643
5,222,253
5,223,334
5,224,264
5,225,826
5,226,266
5,227,420
5,228,270
5,229,369
5,230,301
5,231,365
5,232,311
5,233,429
5,234,326
5,235,4095
5,236,375
5,237,461
5,238,485
5,239,477
5,240,417
5,241,487
5,242,448
5,243,524
5,244,467
5,245,866
5,246,640
5,247,864
5,248,535
5,249,649
5,250,562
5,251,637
5,252,601
5,253,658
5,254,711
5,255,635
5,256,597
6,1,351
6,2,394
6,3,368
6,4,386
6,5,361
6,6,516
6,7,391
6,8,741
6,9,1000
6,10,446
6,11,397
6,12,405
6,13,484
6,14,430
6,15,419
6,16,441
6,17,384
6,18,419
6,19,383
6,20,461
6,21,363
6,22,427
6,23,3644
6,24,412
6,25,385
6,26,412
6,27,429
6,28,1189
6,29,395
6,30,481
6,31,410
6,32,453
6,33,380
6,34,467
6,35,490
6,36,407
6,37,438
6,38,632
6,39,394
6,40,440
6,41,391
6,42,408
6,43,359
6,44,385
6,45,374
6,46,298
6,47,224
6,48,250
6,49,310
6,50,227
6,51,605
6,52,316
6,53,291
6,54,227
6,55,226
6,56,226
6,57,212
6,58,238
6,59,455
6,60,241
6,61,248
6,62,240
6,63,203
6,64,327
6,65,210
6,66,229
6,67,241
6,68,286
6,69,225
6,70,229
6,71,564
6,72,557
6,73,413
6,74,233
6,75,243
6,76,284
6,77,366
6,78,234
6,79,214
6,80,267
6,81,230
6,82,222
6,83,220
6,84,225
6,85,196
6,86,250
6,87,232
6,88,297
6,89,204
6,90,220
6,91,225
6,92,328
6,93,235
6,94,226
6,95,223
6,96,205
6,97,304
6,98,209
6,99,246
6,100,262
6,101,210
6,102,204
6,103,312
6,104,241
6,105,205
6,106,197
6,107,207
6,108,213
6,109,214
6,110,203
6,111,207
6,112,207
6,113,217
6,114,309
6,115,271
6,116,205
6,117,201
6,118,209
6,119,232
6,120,203
6,121,197
6,122,218
6,123,182
6,124,272
6,125,187
6,126,223
6,127,196
6,128,233
6,129,164
6,130,235
6,131,171
6,132,206
6,133,164
6,134,143
6,135,235
6,136,129
6,137,155
6,138,166
6,139,172
6,140,150
6,141,151
6,142,138
6,143,2613
6,144,670
6,145,231
6,146,137
6,147,156
6,148,299
6,149,161
6,150,160
6,151,165
6,152,172
6,153,193
6,154,152
6,155,238
6,156,167
6,157,220
6,158,182
6,159,180
6,160,255
6,161,217
6,162,169
6,163,247
6,164,175
6,165,173
6,166,183
6,167,178
6,168,182
6,169,181
6,170,242
6,171,221
6,172,178
6,173,189
6,174,217
6,175,186
6,176,174
6,177,190
6,178,210
6,179,3095
6,180,195
6,181,221
6,182,191
6,183,270
6,184,202
6,185,235
6,186,174
6,187,199
6,188,217
6,189,224
6,190,175
6,191,257
6,192,197
6,193,212
6,194,176
6,195,225
6,196,187
6,197,252
6,198,279
6,199,211
6,200,211
6,201,238
6,202,215
6,203,230
6,204,198
6,205,251
6,206,211
6,207,245
6,208,208
6,209,251
6,210,2540
6,211,335
6,212,209
6,213,425
6,214,286
6,215,416
6,216,211
6,217,282
6,218,262
6,219,321
6,220,263
6,221,1643
6,222,253
6,223,334
6,224,264
6,225,826
6,226,266
6,227,420
6,228,270
6,229,369
6,230,301
6,231,365
6,232,311
6,233,429
6,234,326
6,235,4095
6,236,375
6,237,461
6,238,485
6,239,477
6,240,417
6,241,487
6,242,448
6,243,524
6,244,467
6,245,866
6,246,640
6,247,864
6,248,535
6,249,649
6,250,562
6,251,637
6,252,601
6,253,658
6,254,711
6,255,635
6,256,597
7,1,351
7,2,393
7,3,369
7,4,387
7,5,358
7,6,516
7,7,390
7,8,731
7,9,1006
7,10,448
7,11,396
7,12,405
7,13,482
7,14,429
7,15,418
7,16,442
7,17,385
7,18,420
7,19,383
7,20,463
7,21,362
7,22,427
7,23,3633
7,24,412
7,25,384
7,26,413
7,27,426
7,28,1187
7,29,391
7,30,483
7,31,407
7,32,455
7,33,379
7,34,467
7,35,491
7,36,407
7,37,438
7,38,634
7,39,393
7,40,447
7,41,388
7,42,407
7,43,355
7,44,386
7,45,372
7,46,298
7,47,226
7,48,252
7,49,301
7,50,228
7,51,596
7,52,315
7,53,290
7,54,226
7,55,227
7,56,225
7,57,211
7,58,241
7,59,454
7,60,242
7,61,248
7,62,239
7,63,203
7,64,330
7,65,211
7,66,229
7,67,239
7,68,287
7,69,224
7,70,229
7,71,563
7,72,538
7,73,409
7,74,232
7,75,242
7,76,287
7,77,365
7,78,233
7,79,213
7,80,268
7,81,228
7,82,222
7,83,220
7,84,225
7,85,196
7,86,250
7,87,232
7,88,298
7,89,204
7,90,220
7,91,224
7,92,329
7,93,235
7,94,226
7,95,222
7,96,206
7,97,301
7,98,211
7,99,244
7,100,262
7,101,209
7,102,204
7,103,308
7,104,240
7,105,203
7,106,198
7,107,206
7,108,211
7,109,213
7,110,205
7,111,205
7,112,209
7,113,215
7,114,311
7,115,270
7,116,206
7,117,199
7,118,209
7,119,229
7,120,205
7,121,195
7,122,217
7,123,179
7,124,274
7,125,185
7,126,223
7,127,194
7,128,233
7,129,164
7,130,236
7,131,170
7,132,206
7,133,164
7,134,145
7,135,237
7,136,130
7,137,154
7,138,168
7,139,171
7,140,151
7,141,151
7,142,140
7,143,2611
7,144,669
7,145,239
7,146,138
7,147,155
7,148,294
7,149,160
7,150,160
7,151,165
7,152,173
7,153,195
7,154,153
7,155,239
7,156,169
7,157,220
7,158,181
7,159,179
7,160,259
7,161,216
7,162,169
7,163,242
7,164,173
7,165,172
7,166,182
7,167,177
7,168,180
7,169,181
7,170,243
7,171,219
7,172,177
7,173,191
7,174,223
7,175,187
7,176,174
7,177,190
7,178,210
7,179,3079
7,180,194
7,181,219
7,182,191
7,183,266
7,184,203
7,185,234
7,186,173
7,187,197
7,188,217
7,189,223
7,190,175
7,191,255
7,192,195
7,193,211
7,194,176
7,195,230
7,196,188
7,197,252
7,198,284
7,199,210
7,200,211
7,201,237
7,202,216
7,203,227
7,204,199
7,205,252
7,206,213
7,207,244
7,208,209
7,209,250
7,210,2539
7,211,336
7,212,210
7,213,431
7,214,286
7,215,411
7,216,211
7,217,281
7,218,261
7,219,320
7,220,261
7,221,1673
7,222,253
7,223,332
7,224,261
7,225,803
7,226,268
7,227,419
7,228,273
7,229,367
7,230,299
7,231,366
7,232,312
7,233,429
7,234,326
7,235,4095
7,236,373
7,237,458
7,238,484
7,239,474
7,240,417
7,241,485
7,242,448
7,243,521
7,244,466
7,245,866
7,246,640
7,247,867
7,248,535
7,249,646
7,250,562
7,251,636
7,252,604
7,253,661
7,254,730
7,255,634
7,256,598
8,1,351
8,2,393
8,3,369
8,4,387
8,5,358
8,6,516
8,7,390
8,8,731
8,9,1006
8,10,448
8,11,396
8,12,405
8,13,482
8,14,429
8,15,418
8,16,442
8,17,385
8,18,420
8,19,383
8,20,463
8,21,362
8,22,427
8,23,3633
8,24,412
8,25,384
8,26,413
8,27,426
8,28,1187
8,29,391
8,30,483
8,31,407
8,32,455
8,33,379
8,34,467
8,35,491
8,36,407
8,37,438
8,38,634
8,39,393
8,40,447
8,41,388
8,42,407
8,43,355
8,44,386
8,45,372
8,46,298
8,47,226
8,48,252
8,49,301
8,50,228
8,51,596
8,52,315
8,53,290
8,54,226
8,55,227
8,56,225
8,57,211
8,58,241
8,59,454
8,60,242
8,61,248
8,62,239
8,63,203
8,64,330
8,65,211
8,66,229
8,67,239
8,68,287
8,69,224
8,70,229
8,71,563
8,72,538
8,73,409
8,74,232
8,75,242
8,76,287
8,77,365
8,78,233
8,79,213
8,80,268
8,81,228
8,82,222
8,83,220
8,84,225
8,85,196
8,86,250
8,87,232
8,88,298
8,89,204
8,90,220
8,91,224
8,92,329
8,93,235
8,94,226
8,95,222
8,96,206
8,97,301
8,98,211
8,99,244
8,100,262
8,101,209
8,102,204
8,103,308
8,104,240
8,105,203
8,106,198
8,107,206
8,108,211
8,109,213
8,110,205
8,111,205
8,112,209
8,113,215
8,114,311
8,115,270
8,116,206
8,117,199
8,118,209
8,119,229
8,120,205
8,121,195
8,122,217
8,123,179
8,124,274
8,125,185
8,126,223
8,127,194
8,128,233
8,129,164
8,130,236
8,131,170
8,132,206
8,133,164
8,134,145
8,135,237
8,136,130
8,137,154
8,138,168
8,139,171
8,140,151
8,141,151
8,142,140
8,143,2611
8,144,669
8,145,239
8,146,138
8,147,155
8,148,294
8,149,160
8,150,160
8,151,165
8,152,173
8,153,195
8,154,153
8,155,239
8,156,169
8,157,220
8,158,181
8,159,179
8,160,259
8,161,216
8,162,169
8,163,242
8,164,173
8,165,172
8,166,182
8,167,177
8,168,180
8,169,181
8,170,243
8,171,219
8,172,177
8,173,191
8,174,223
8,175,187
8,176,174
8,177,190
8,178,210
8,179,3079
8,180,194
8,181,219
8,182,191
8,183,266
8,184,203
8,185,234
8,186,173
8,187,197
8,188,217
8,189,223
8,190,175
8,191,255
8,192,195
8,193,211
8,194,176
8,195,230
8,196,188
8,197,252
8,198,284
8,199,210
8,200,211
8,201,237
8,202,216
8,203,227
8,204,199
8,205,252
8,206,213
8,207,244
8,208,209
8,209,250
8,210,2539
8,211,336
8,212,210
8,213,431
8,214,286
8,215,411
8,216,211
8,217,281
8,218,261
8,219,320
8,220,261
8,221,1673
8,222,253
8,223,332
8,224,261
8,225,803
8,226,268
8,227,419
8,228,273
8,229,367
8,230,299
8,231,366
8,232,312
8,233,429
8,234,326
8,235,4095
8,236,373
8,237,458
8,238,484
8,239,474
8,240,417
8,241,485
8,242,448
8,243,521
8,244,466
8,245,866
8,246,640
8,247,867
8,248,535
8,249,646
8,250,562
8,251,636
8,252,604
8,253,661
8,254,730
8,255,634
8,256,598
9,1,353
9,2,393
9,3,369
9,4,386
9,5,358
9,6,520
9,7,390
9,8,732
9,9,990
9,10,447
9,11,394
9,12,406
9,13,484
9,14,430
9,15,420
9,16,441
9,17,384
9,18,419
9,19,382
9,20,462
9,21,362
9,22,432
9,23,3632
9,24,412
9,25,386
9,26,411
9,27,430
9,28,1185
9,29,394
9,30,481
9,31,407
9,32,457
9,33,379
9,34,467
9,35,497
9,36,417
9,37,439
9,38,637
9,39,394
9,40,446
9,41,390
9,42,408
9,43,358
9,44,386
9,45,373
9,46,298
9,47,225
9,48,252
9,49,307
9,50,227
9,51,591
9,52,314
9,53,289
9,54,227
9,55,228
9,56,225
9,57,211
9,58,240
9,59,453
9,60,245
9,61,248
9,62,240
9,63,204
9,64,333
9,65,210
9,66,229
9,67,241
9,68,289
9,69,225
9,70,229
9,71,562
9,72,558
9,73,408
9,74,234
9,75,240
9,76,284
9,77,368
9,78,234
9,79,214
9,80,268
9,81,226
9,82,224
9,83,219
9,84,224
9,85,196
9,86,250
9,87,232
9,88,298
9,89,204
9,90,220
9,91,224
9,92,331
9,93,235
9,94,227
9,95,224
9,96,206
9,97,309
9,98,210
9,99,244
9,100,261
9,101,208
9,102,204
9,103,311
9,104,240
9,105,203
9,106,197
9,107,207
9,108,211
9,109,213
9,110,204
9,111,207
9,112,209
9,113,215
9,114,315
9,115,271
9,116,205
9,117,200
9,118,209
9,119,230
9,120,204
9,121,197
9,122,218
9,123,182
9,124,273
9,125,186
9,126,221
9,127,205
9,128,241
9,129,165
9,130,234
9,131,171
9,132,204
9,133,163
9,134,145
9,135,239
9,136,130
9,137,154
9,138,165
9,139,172
9,140,149
9,141,151
9,142,139
9,143,2611
9,144,671
9,145,238
9,146,138
9,147,156
9,148,292
9,149,161
9,150,160
9,151,166
9,152,172
9,153,194
9,154,152
9,155,238
9,156,170
9,157,222
9,158,179
9,159,180
9,160,266
9,161,217
9,162,168
9,163,245
9,164,175
9,165,172
9,166,182
9,167,178
9,168,182
9,169,181
9,170,243
9,171,218
9,172,177
9,173,191
9,174,222
9,175,187
9,176,174
9,177,192
9,178,211
9,179,3082
9,180,194
9,181,220
9,182,192
9,183,268
9,184,203
9,185,235
9,186,175
9,187,198
9,188,218
9,189,224
9,190,175
9,191,257
9,192,198
9,193,212
9,194,176
9,195,229
9,196,187
9,197,253
9,198,271
9,199,211
9,200,211
9,201,239
9,202,215
9,203,227
9,204,199
9,205,253
9,206,211
9,207,245
9,208,210
9,209,250
9,210,2534
9,211,338
9,212,209
9,213,435
9,214,285
9,215,417
9,216,212
9,217,282
9,218,262
9,219,318
9,220,262
9,221,1657
9,222,254
9,223,334
9,224,262
9,225,815
9,226,267
9,227,420
9,228,272
9,229,368
9,230,300
9,231,366
9,232,311
9,233,427
9,234,326
9,235,4095
9,236,374
9,237,459
9,238,487
9,239,473
9,240,417
9,241,486
9,242,447
9,243,523
9,244,466
9,245,866
9,246,641
9,247,865
9,248,536
9,249,658
9,250,562
9,251,635
9,252,606
9,253,662
9,254,728
9,255,637
9,256,599
10,1,353
10,2,393
10,3,369
10,4,386
10,5,358
10,6,520
10,7,390
10,8,732
10,9,990
10,10,447
10,11,394
10,12,406
10,13,484
10,14,430
10,15,420
10,16,441
10,17,384
10,18,419
10,19,382
10,20,462
10,21,362
10,22,432
10,23,3632
10,24,412
10,25,386
10,26,411
10,27,430
10,28,1185
10,29,394
10,30,481
10,31,407
10,32,457
10,33,379
10,34,467
10,35,497
10,36,417
10,37,439
10,38,637
10,39,394
10,40,446
10,41,390
10,42,408
10,43,358
10,44,386
10,45,373
10,46,298
10,47,225
10,48,252
10,49,307
10,50,227
10,51,591
10,52,314
10,53,289
10,54,227
10,55,228
10,56,225
10,57,211
10,58,240
10,59,453
10,60,245
10,61,248
10,62,240
10,63,204
10,64,333
10,65,210
10,66,229
10,67,241
10,68,289
10,69,225
10,70,229
10,71,562
10,72,558
10,73,408
10,74,234
10,75,240
10,76,284
10,77,368
10,78,234
10,79,214
10,80,268
10,81,226
10,82,224
10,83,219
10,84,224
10,85,196
10,86,250
10,87,232
10,88,298
10,89,204
10,90,220
10,91,224
10,92,331
10,93,235
10,94,227
10,95,224
10,96,206
10,97,309
10,98,210
10,99,244
10,100,261
10,101,208
10,102,204
10,103,311
10,104,240
10,105,203
10,106,197
10,107,207
10,108,211
10,109,213
10,110,204
10,111,207
10,112,209
10,113,215
10,114,315
10,115,271
10,116,205
10,117,200
10,118,209
10,119,230
10,120,204
10,121,197
10,122,218
10,123,182
10,124,273
10,125,186
10,126,221
10,127,205
10,128,241
10,129,165
10,130,234
10,131,171
10,132,204
10,133,163
10,134,145
10,135,239
10,136,130
10,137,154
10,138,165
10,139,172
10,140,149
10,141,151
10,142,139
10,143,2611
10,144,671
10,145,238
10,146,138
10,147,156
10,148,292
10,149,161
10,150,160
10,151,166
10,152,172
10,153,194
10,154,152
10,155,238
10,156,170
10,157,222
10,158,179
10,159,180
10,160,266
10,161,217
10,162,168
10,163,245
10,164,175
10,165,172
10,166,182
10,167,178
10,168,182
10,169,181
10,170,243
10,171,218
10,172,177
10,173,191
10,174,222
10,175,187
10,176,174
10,177,192
10,178,211
10,179,3082
10,180,194
10,181,220
10,182,192
10,183,268
10,184,203
10,185,235
10,186,175
10,187,198
10,188,218
10,189,224
10,190,175
10,191,257
10,192,198
10,193,212
10,194,176
10,195,229
10,196,187
10,197,253
10,198,271
10,199,211
10,200,211
10,201,239
10,202,215
10,203,227
10,204,199
10,205,253
10,206,211
10,207,245
10,208,210
10,209,250
10,210,2534
10,211,338
10,212,209
10,213,435
10,214,285
10,215,417
10,216,212
10,217,282
10,218,262
10,219,318
10,220,262
10,221,1657
10,222,254
10,223,334
10,224,262
10,225,815
10,226,267
10,227,420
10,228,272
10,229,368
10,230,300
10,231,366
10,232,311
10,233,427
10,234,326
10,235,4095
10,236,374
10,237,459
10,238,487
10,239,473
10,240,417
10,241,486
10,242,447
10,243,523
10,244,466
10,245,866
10,246,641
10,247,865
10,248,536
10,249,658
10,250,562
10,251,635
10,252,606
10,253,662
10,254,728
10,255,637
10,256,599
11,1,350
11,2,392
11,3,364
11,4,385
11,5,359
11,6,515
11,7,390
11,8,735
11,9,1017
11,10,449
11,11,394
11,12,406
11,13,483
11,14,430
11,15,419
11,16,441
11,17,382
11,18,418
11,19,381
11,20,461
11,21,361
11,22,428
11,23,3656
11,24,411
11,25,383
11,26,413
11,27,431
11,28,1188
11,29,393
11,30,482
11,31,408
11,32,455
11,33,380
11,34,468
11,35,490
11,36,407
11,37,437
11,38,631
11,39,394
11,40,447
11,41,389
11,42,408
11,43,357
11,44,385
11,45,373
11,46,298
11,47,225
11,48,253
11,49,309
11,50,228
11,51,588
11,52,315
11,53,290
11,54,229
11,55,226
11,56,226
11,57,211
11,58,241
11,59,453
11,60,245
11,61,246
11,62,240
11,63,203
11,64,333
11,65,210
11,66,228
11,67,241
11,68,288
11,69,225
11,70,229
11,71,560
11,72,555
11,73,398
11,74,232
11,75,242
11,76,286
11,77,368
11,78,236
11,79,215
11,80,269
11,81,228
11,82,223
11,83,218
11,84,224
11,85,195
11,86,251
11,87,231
11,88,298
11,89,203
11,90,220
11,91,224
11,92,337
11,93,233
11,94,227
11,95,222
11,96,206
11,97,300
11,98,209
11,99,244
11,100,261
11,101,208
11,102,205
11,103,305
11,104,241
11,105,203
11,106,198
11,107,206
11,108,211
11,109,212
11,110,204
11,111,206
11,112,210
11,113,215
11,114,316
11,115,271
11,116,205
11,117,199
11,118,207
11,119,228
11,120,205
11,121,194
11,122,215
11,123,179
11,124,275
11,125,187
11,126,223
11,127,194
11,128,234
11,129,164
11,130,237
11,131,170
11,132,205
11,133,163
11,134,145
11,135,238
11,136,129
11,137,153
11,138,167
11,139,170
11,140,148
11,141,150
11,142,138
11,143,2617
11,144,670
11,145,236
11,146,138
11,147,157
11,148,293
11,149,160
11,150,161
11,151,166
11,152,174
11,153,193
11,154,153
11,155,238
11,156,168
11,157,221
11,158,181
11,159,180
11,160,260
11,161,217
11,162,169
11,163,247
11,164,175
11,165,171
11,166,183
11,167,178
11,168,182
11,169,181
11,170,243
11,171,219
11,172,177
11,173,190
11,174,219
11,175,186
11,176,174
11,177,190
11,178,211
11,179,3077
11,180,195
11,181,220
11,182,191
11,183,267
11,184,202
11,185,234
11,186,174
11,187,198
11,188,218
11,189,222
11,190,175
11,191,254
11,192,198
11,193,211
11,194,176
11,195,226
11,196,186
11,197,250
11,198,278
11,199,210
11,200,212
11,201,237
11,202,217
11,203,228
11,204,199
11,205,250
11,206,211
11,207,244
11,208,209
11,209,250
11,210,2531
11,211,335
11,212,209
11,213,429
11,214,287
11,215,420
11,216,210
11,217,282
11,218,262
11,219,319
11,220,261
11,221,1636
11,222,255
11,223,343
11,224,263
11,225,821
11,226,266
11,227,418
11,228,270
11,229,367
11,230,299
11,231,365
11,232,311
11,233,427
11,234,326
11,235,4095
11,236,376
11,237,454
11,238,486
11,239,477
11,240,419
11,241,486
11,242,447
11,243,524
11,244,468
11,245,865
11,246,635
11,247,866
11,248,535
11,249,658
11,250,562
11,251,636
11,252,604
11,253,659
11,254,721
11,255,636
11,256,598
12,1,350
12,2,392
12,3,364
12,4,385
12,5,359
12,6,515
12,7,390
12,8,735
12,9,1017
12,10,449
12,11,394
12,12,406
12,13,483
12,14,430
12,15,419
12,16,441
12,17,382
12,18,418
12,19,381
12,20,461
12,21,361
12,22,428
12,23,3656
12,24,411
12,25,383
12,26,413
12,27,431
12,28,1188
12,29,393
12,30,482
12,31,408
12,32,455
12,33,380
12,34,468
12,35,490
12,36,407
12,37,437
12,38,631
12,39,394
12,40,447
12,41,389
12,42,408
12,43,357
12,44,385
12,45,373
12,46,298
12,47,225
12,48,253
12,49,309
12,50,228
12,51,588
12,52,315
12,53,290
12,54,229
12,55,226
12,56,226
12,57,211
12,58,241
12,59,453
12,60,245
12,61,246
12,62,240
12,63,203
12,64,333
12,65,210
12,66,228
12,67,241
12,68,288
12,69,225
12,70,229
12,71,560
12,72,555
12,73,398
12,74,232
12,75,242
12,76,286
12,77,368
12,78,236
12,79,215
12,80,269
12,81,228
12,82,223
12,83,218
12,84,224
12,85,195
12,86,251
12,87,231
12,88,298
12,89,203
12,90,220
12,91,224
12,92,337
12,93,233
12,94,227
12,95,222
12,96,206
12,97,300
12,98,209
12,99,244
12,100,261
12,101,208
12,102,205
12,103,305
12,104,241
12,105,203
12,106,198
12,107,206
12,108,211
12,109,212
12,110,204
12,111,206
12,112,210
12,113,215
12,114,316
12,115,271
12,116,205
12,117,199
12,118,207
12,119,228
12,120,205
12,121,194
12,122,215
12,123,179
12,124,275
12,125,187
12,126,223
12,127,194
12,128,234
12,129,164
12,130,237
12,131,170
12,132,205
12,133,163
12,134,145
12,135,238
12,136,129
12,137,153
12,138,167
12,139,170
12,140,148
12,141,150
12,142,138
12,143,2617
12,144,670
12,145,236
12,146,138
12,147,157
12,148,293
12,149,160
12,150,161
12,151,166
12,152,174
12,153,193
12,154,153
12,155,238
12,156,168
12,157,221
12,158,181
12,159,180
12,160,260
12,161,217
12,162,169
12,163,247
12,164,175
12,165,171
12,166,183
12,167,178
12,168,182
12,169,181
12,170,243
12,171,219
12,172,177
12,173,190
12,174,219
12,175,186
12,176,174
12,177,190
12,178,211
12,179,3077
12,180,195
12,181,220
12,182,191
12,183,267
12,184,202
12,185,234
12,186,174
12,187,198
12,188,218
12,189,222
12,190,175
12,191,254
12,192,198
12,193,211
12,194,176
12,195,226
12,196,186
12,197,250
12,198,278
12,199,210
12,200,212
12,201,237
12,202,217
12,203,228
12,204,199
12,205,250
12,206,211
12,207,244
12,208,209
12,209,250
12,210,2531
12,211,335
12,212,209
12,213,429
12,214,287
12,215,420
12,216,210
12,217,282
12,218,262
12,219,319
12,220,261
12,221,1636
12,222,255
12,223,343
12,224,263
12,225,821
12,226,266
12,227,418
12,228,270
12,229,367
12,230,299
12,231,365
12,232,311
12,233,427
12,234,326
12,235,4095
12,236,376
12,237,454
12,238,486
12,239,477
12,240,419
12,241,486
12,242,447
12,243,524
12,244,468
12,245,865
12,246,635
12,247,866
12,248,535
12,249,658
12,250,562
12,251,636
12,252,604
12,253,659
12,254,721
12,255,636
12,256,598
13,1,353
13,2,392
13,3,368
13,4,384
13,5,359
13,6,522
13,7,389
13,8,734
13,9,1011
13,10,446
13,11,394
13,12,405
13,13,484
13,14,431
13,15,420
13,16,438
13,17,384
13,18,419
13,19,383
13,20,462
13,21,361
13,22,426
13,23,3779
13,24,410
13,25,386
13,26,412
13,27,427
13,28,1187
13,29,392
13,30,481
13,31,410
13,32,456
13,33,380
13,34,468
13,35,489
13,36,408
13,37,439
13,38,634
13,39,395
13,40,447
13,41,390
13,42,408
13,43,357
13,44,386
13,45,368
13,46,297
13,47,225
13,48,251
13,49,309
13,50,228
13,51,588
13,52,309
13,53,291
13,54,227
13,55,228
13,56,225
13,57,214
13,58,238
13,59,454
13,60,242
13,61,247
13,62,240
13,63,202
13,64,330
13,65,210
13,66,227
13,67,240
13,68,286
13,69,224
13,70,229
13,71,561
13,72,561
13,73,404
13,74,232
13,75,242
13,76,283
13,77,366
13,78,234
13,79,214
13,80,266
13,81,229
13,82,221
13,83,218
13,84,223
13,85,197
13,86,252
13,87,231
13,88,298
13,89,204
13,90,220
13,91,224
13,92,330
13,93,233
13,94,225
13,95,223
13,96,205
13,97,303
13,98,210
13,99,246
13,100,260
13,101,208
13,102,203
13,103,309
13,104,240
13,105,203
13,106,196
13,107,205
13,108,212
13,109,211
13,110,203
13,111,206
13,112,209
13,113,215
13,114,316
13,115,270
13,116,205
13,117,199
13,118,207
13,119,230
13,120,204
13,121,198
13,122,216
13,123,180
13,124,274
13,125,187
13,126,223
13,127,194
13,128,231
13,129,164
13,130,237
13,131,172
13,132,206
13,133,163
13,134,143
13,135,232
13,136,129
13,137,153
13,138,167
13,139,173
13,140,148
13,141,151
13,142,138
13,143,2616
13,144,671
13,145,229
13,146,137
13,147,157
13,148,308
13,149,161
13,150,159
13,151,166
13,152,174
13,153,195
13,154,153
13,155,237
13,156,167
13,157,221
13,158,181
13,159,180
13,160,265
13,161,217
13,162,168
13,163,248
13,164,173
13,165,171
13,166,182
13,167,179
13,168,179
13,169,180
13,170,244
13,171,221
13,172,177
13,173,189
13,174,221
13,175,187
13,176,173
13,177,191
13,178,209
13,179,3079
13,180,193
13,181,222
13,182,190
13,183,263
13,184,202
13,185,234
13,186,174
13,187,198
13,188,217
13,189,224
13,190,174
13,191,257
13,192,197
13,193,212
13,194,175
13,195,229
13,196,186
13,197,251
13,198,280
13,199,210
13,200,210
13,201,239
13,202,215
13,203,229
13,204,197
13,205,252
13,206,211
13,207,243
13,208,209
13,209,249
13,210,2539
13,211,337
13,212,209
13,213,424
13,214,284
13,215,417
13,216,211
13,217,281
13,218,262
13,219,317
13,220,261
13,221,1693
13,222,254
13,223,333
13,224,263
13,225,820
13,226,265
13,227,420
13,228,271
13,229,368
13,230,299
13,231,365
13,232,311
13,233,428
13,234,324
13,235,4095
13,236,374
13,237,458
13,238,484
13,239,474
13,240,416
13,241,486
13,242,447
13,243,523
13,244,466
13,245,865
13,246,638
13,247,853
13,248,535
13,249,659
13,250,563
13,251,637
13,252,602
13,253,660
13,254,730
13,255,635
13,256,599
14,1,353
14,2,392
14,3,368
14,4,384
14,5,359
14,6,522
14,7,389
14,8,734
14,9,1011
14,10,446
14,11,394
14,12,405
14,13,484
14,14,431
14,15,420
14,16,438
14,17,384
14,18,419
14,19,383
14,20,462
14,21,361
14,22,426
14,23,3779
14,24,410
14,25,386
14,26,412
14,27,427
14,28,1187
14,29,392
14,30,481
14,31,410
14,32,456
14,33,380
14,34,468
14,35,489
14,36,408
14,37,439
14,38,634
14,39,395
14,40,447
14,41,390
14,42,408
14,43,357
14,44,386
14,45,368
14,46,297
14,47,225
14,48,251
14,49,309
14,50,228
14,51,588
14,52,309
14,53,291
14,54,227
14,55,228
14,56,225
14,57,214
14,58,238
14,59,454
14,60,242
14,61,247
14,62,240
14,63,202
14,64,330
14,65,210
14,66,227
14,67,240
14,68,286
14,69,224
14,70,229
14,71,561
14,72,561
14,73,404
14,74,232
14,75,242
14,76,283
14,77,366
14,78,234
14,79,214
14,80,266
14,81,229
14,82,221
14,83,218
14,84,223
14,85,197
14,86,252
14,87,231
14,88,298
14,89,204
14,90,220
14,91,224
14,92,330
14,93,233
14,94,225
14,95,223
14,96,205
14,97,303
14,98,210
14,99,246
14,100,260
14,101,208
14,102,203
14,103,309
14,104,240
14,105,203
14,106,196
14,107,205
14,108,212
14,109,211
14,110,203
14,111,206
14,112,209
14,113,215
14,114,316
14,115,270
14,116,205
14,117,199
14,118,207
14,119,230
14,120,204
14,121,198
14,122,216
14,123,180
14,124,274
14,125,187
14,126,223
14,127,194
14,128,231
14,129,164
14,130,237
14,131,172
14,132,206
14,133,163
14,134,143
14,135,232
14,136,129
14,137,153
14,138,167
14,139,173
14,140,148
14,141,151
14,142,138
14,143,2616
14,144,671
14,145,229
14,146,137
14,147,157
14,148,308
14,149,161
14,150,159
14,151,166
14,152,174
14,153,195
14,154,153
14,155,237
14,156,167
14,157,221
14,158,181
14,159,180
14,160,265
14,161,217
14,162,168
14,163,248
14,164,173
14,165,171
14,166,182
14,167,179
14,168,179
14,169,180
14,170,244
14,171,221
14,172,177
14,173,189
14,174,221
14,175,187
14,176,173
14,177,191
14,178,209
14,179,3079
14,180,193
14,181,222
14,182,190
14,183,263
14,184,202
14,185,234
14,186,174
14,187,198
14,188,217
14,189,224
14,190,174
14,191,257
14,192,197
14,193,212
14,194,175
14,195,229
14,196,186
14,197,251
14,198,280
14,199,210
14,200,210
14,201,239
14,202,215
14,203,229
14,204,197
14,205,252
14,206,211
14,207,243
14,208,209
14,209,249
14,210,2539
14,211,337
14,212,209
14,213,424
14,214,284
14,215,417
14,216,211
14,217,281
14,218,262
14,219,317
14,220,261
14,221,1693
14,222,254
14,223,333
14,224,263
14,225,820
14,226,265
14,227,420
14,228,271
14,229,368
14,230,299
14,231,365
14,232,311
14,233,428
14,234,324
14,235,4095
14,236,374
14,237,458
14,238,484
14,239,474
14,240,416
14,241,486
14,242,447
14,243,523
14,244,466
14,245,865
14,246,638
14,247,853
14,248,535
14,249,659
14,250,563
14,251,637
14,252,602
14,253,660
14,254,730
14,255,635
14,256,599
15,1,352
15,2,394
15,3,367
15,4,385
15,5,360
15,6,516
15,7,389
15,8,737
15,9,971
15,10,446
15,11,395
15,12,405
15,13,483
15,14,431
15,15,418
15,16,439
15,17,382
15,18,417
15,19,383
15,20,464
15,21,362
15,22,428
15,23,3654
15,24,413
15,25,384
15,26,413
15,27,425
15,28,1188
15,29,392
15,30,480
15,31,408
15,32,461
15,33,379
15,34,467
15,35,483
15,36,407
15,37,435
15,38,631
15,39,394
15,40,442
15,41,387
15,42,409
15,43,357
15,44,383
15,45,372
15,46,297
15,47,226
15,48,251
15,49,302
15,50,229
15,51,571
15,52,317
15,53,289
15,54,227
15,55,227
15,56,226
15,57,211
15,58,241
15,59,454
15,60,243
15,61,246
15,62,241
15,63,203
15,64,328
15,65,211
15,66,229
15,67,239
15,68,285
15,69,225
15,70,229
15,71,562
15,72,563
15,73,409
15,74,242
15,75,250
15,76,284
15,77,363
15,78,235
15,79,214
15,80,266
15,81,230
15,82,223
15,83,218
15,84,224
15,85,197
15,86,250
15,87,233
15,88,297
15,89,205
15,90,222
15,91,224
15,92,332
15,93,233
15,94,225
15,95,223
15,96,206
15,97,306
15,98,208
15,99,246
15,100,261
15,101,208
15,102,204
15,103,307
15,104,239
15,105,203
15,106,197
15,107,207
15,108,212
15,109,213
15,110,203
15,111,205
15,112,209
15,113,215
15,114,311
15,115,272
15,116,204
15,117,199
15,118,208
15,119,231
15,120,204
15,121,197
15,122,217
15,123,181
15,124,273
15,125,186
15,126,222
15,127,195
15,128,233
15,129,163
15,130,234
15,131,170
15,132,204
15,133,163
15,134,146
15,135,234
15,136,130
15,137,153
15,138,167
15,139,172
15,140,160
15,141,151
15,142,138
15,143,2619
15,144,667
15,145,229
15,146,137
15,147,156
15,148,302
15,149,160
15,150,161
15,151,166
15,152,172
15,153,193
15,154,159
15,155,237
15,156,169
15,157,218
15,158,180
15,159,180
15,160,266
15,161,217
15,162,169
15,163,247
15,164,174
15,165,173
15,166,181
15,167,178
15,168,182
15,169,180
15,170,243
15,171,218
15,172,177
15,173,190
15,174,222
15,175,186
15,176,174
15,177,190
15,178,210
15,179,3077
15,180,193
15,181,221
15,182,191
15,183,264
15,184,203
15,185,234
15,186,175
15,187,197
15,188,217
15,189,226
15,190,174
15,191,258
15,192,198
15,193,211
15,194,176
15,195,228
15,196,186
15,197,253
15,198,273
15,199,211
15,200,212
15,201,237
15,202,215
15,203,227
15,204,199
15,205,252
15,206,210
15,207,245
15,208,209
15,209,250
15,210,2534
15,211,335
15,212,209
15,213,435
15,214,285
15,215,423
15,216,213
15,217,282
15,218,261
15,219,318
15,220,262
15,221,1642
15,222,253
15,223,331
15,224,263
15,225,829
15,226,266
15,227,421
15,228,271
15,229,367
15,230,299
15,231,365
15,232,312
15,233,428
15,234,325
15,235,4095
15,236,373
15,237,458
15,238,487
15,239,473
15,240,417
15,241,484
15,242,447
15,243,523
15,244,466
15,245,865
15,246,639
15,247,857
15,248,535
15,249,657
15,250,563
15,251,637
15,252,601
15,253,659
15,254,720
15,255,635
15,256,598
16,1,352
16,2,394
16,3,367
16,4,385
16,5,360
16,6,516
16,7,389
16,8,737
16,9,971
16,10,446
16,11,395
16,12,405
16,13,483
16,14,431
16,15,418
16,16,439
16,17,382
16,18,417
16,19,383
16,20,464
16,21,362
16,22,428
16,23,3654
16,24,413
16,25,384
16,26,413
16,27,425
16,28,1188
16,29,392
16,30,480
16,31,408
16,32,461
16,33,379
16,34,467
16,35,483
16,36,407
16,37,435
16,38,631
16,39,394
16,40,442
16,41,387
16,42,409
16,43,357
16,44,383
16,45,372
16,46,297
16,47,226
16,48,251
16,49,302
16,50,229
16,51,571
16,52,317
16,53,289
16,54,227
16,55,227
16,56,226
16,57,211
16,58,241
16,59,454
16,60,243
16,61,246
16,62,241
16,63,203
16,64,328
16,65,211
16,66,229
16,67,239
16,68,285
16,69,225
16,70,229
16,71,562
16,72,563
16,73,409
16,74,242
16,75,250
16,76,284
16,77,363
16,78,235
16,79,214
16,80,266
16,81,230
16,82,223
16,83,218
16,84,224
16,85,197
16,86,250
16,87,233
16,88,297
16,89,205
16,90,222
16,91,224
16,92,332
16,93,233
16,94,225
16,95,223
16,96,206
16,97,306
16,98,208
16,99,246
16,100,261
16,101,208
16,102,204
16,103,307
16,104,239
16,105,203
16,106,197
16,107,207
16,108,212
16,109,213
16,110,203
16,111,205
16,112,209
16,113,215
16,114,311
16,115,272
16,116,204
16,117,199
16,118,208
16,119,231
16,120,204
16,121,197
16,122,217
16,123,181
16,124,273
16,125,186
16,126,222
16,127,195
16,128,233
16,129,163
16,130,234
16,131,170
16,132,204
16,133,163
16,134,146
16,135,234
16,136,130
16,137,153
16,138,167
16,139,172
16,140,160
16,141,151
16,142,138
16,143,2619
16,144,667
16,145,229
16,146,137
16,147,156
16,148,302
16,149,160
16,150,161
16,151,166
16,152,172
16,153,193
16,154,159
16,155,237
16,156,169
16,157,218
16,158,180
16,159,180
16,160,266
16,161,217
16,162,169
16,163,247
16,164,174
16,165,173
16,166,181
16,167,178
16,168,182
16,169,180
16,170,243
16,171,218
16,172,177
16,173,190
16,174,222
16,175,186
16,176,174
16,177,190
16,178,210
16,179,3077
16,180,193
16,181,221
16,182,191
16,183,264
16,184,203
16,185,234
16,186,175
16,187,197
16,188,217
16,189,226
16,190,174
16,191,258
16,192,198
16,193,211
16,194,176
16,195,228
16,196,186
16,197,253
16,198,273
16,199,211
16,200,212
16,201,237
16,202,215
16,203,227
16,204,199
16,205,252
16,206,210
16,207,245
16,208,209
16,209,250
16,210,2534
16,211,335
16,212,209
16,213,435
16,214,285
16,215,423
16,216,213
16,217,282
16,218,261
16,219,318
16,220,262
16,221,1642
16,222,253
16,223,331
16,224,263
16,225,829
16,226,266
16,227,421
16,228,271
16,229,367
16,230,299
16,231,365
16,232,312
16,233,428
16,234,325
16,235,4095
16,236,373
16,237,458
16,238,487
16,239,473
16,240,417
16,241,484
16,242,447
16,243,523
16,244,466
16,245,865
16,246,639
16,247,857
16,248,535
16,249,657
16,250,563
16,251,637
16,252,601
16,253,659
16,254,720
16,255,635
16,256,598
17,1,352
17,2,392
17,3,368
17,4,386
17,5,360
17,6,520
17,7,447
17,8,737
17,9,1023
17,10,447
17,11,393
17,12,407
17,13,484
17,14,431
17,15,418
17,16,442
17,17,382
17,18,422
17,19,382
17,20,463
17,21,360
17,22,428
17,23,3659
17,24,411
17,25,385
17,26,413
17,27,427
17,28,1189
17,29,392
17,30,483
17,31,407
17,32,457
17,33,379
17,34,468
17,35,484
17,36,408
17,37,438
17,38,631
17,39,393
17,40,448
17,41,387
17,42,409
17,43,357
17,44,385
17,45,367
17,46,298
17,47,227
17,48,251
17,49,308
17,50,229
17,51,586
17,52,313
17,53,291
17,54,228
17,55,227
17,56,225
17,57,211
17,58,238
17,59,454
17,60,242
17,61,289
17,62,257
17,63,203
17,64,329
17,65,211
17,66,229
17,67,239
17,68,285
17,69,223
17,70,228
17,71,561
17,72,562
17,73,402
17,74,232
17,75,242
17,76,282
17,77,367
17,78,236
17,79,211
17,80,267
17,81,227
17,82,223
17,83,219
17,84,224
17,85,196
17,86,249
17,87,233
17,88,298
17,89,205
17,90,220
17,91,224
17,92,330
17,93,235
17,94,227
17,95,222
17,96,205
17,97,302
17,98,208
17,99,243
17,100,259
17,101,208
17,102,205
17,103,306
17,104,240
17,105,204
17,106,197
17,107,205
17,108,212
17,109,213
17,110,204
17,111,206
17,112,209
17,113,215
17,114,317
17,115,270
17,116,207
17,117,200
17,118,209
17,119,230
17,120,204
17,121,195
17,122,218
17,123,181
17,124,275
17,125,187
17,126,223
17,127,195
17,128,234
17,129,164
17,130,236
17,131,170
17,132,207
17,133,162
17,134,144
17,135,237
17,136,131
17,137,153
17,138,166
17,139,169
17,140,149
17,141,150
17,142,140
17,143,2615
17,144,669
17,145,229
17,146,138
17,147,156
17,148,300
17,149,160
17,150,161
17,151,165
17,152,174
17,153,193
17,154,153
17,155,237
17,156,169
17,157,222
17,158,182
17,159,180
17,160,262
17,161,217
17,162,169
17,163,247
17,164,174
17,165,171
17,166,183
17,167,177
17,168,180
17,169,181
17,170,243
17,171,217
17,172,177
17,173,189
17,174,222
17,175,186
17,176,174
17,177,190
17,178,211
17,179,3078
17,180,194
17,181,220
17,182,192
17,183,268
17,184,202
17,185,233
17,186,175
17,187,196
17,188,216
17,189,226
17,190,175
17,191,255
17,192,198
17,193,212
17,194,175
17,195,230
17,196,186
17,197,250
17,198,274
17,199,210
17,200,211
17,201,237
17,202,217
17,203,227
17,204,199
17,205,250
17,206,211
17,207,243
17,208,211
17,209,250
17,210,2537
17,211,337
17,212,209
17,213,425
17,214,286
17,215,417
17,216,212
17,217,279
17,218,264
17,219,320
17,220,262
17,221,1646
17,222,254
17,223,331
17,224,263
17,225,832
17,226,268
17,227,418
17,228,271
17,229,367
17,230,300
17,231,367
17,232,313
17,233,427
17,234,324
17,235,4095
17,236,375
17,237,456
17,238,488
17,239,475
17,240,415
17,241,486
17,242,448
17,243,522
17,244,467
17,245,865
17,246,634
17,247,859
17,248,538
17,249,659
17,250,563
17,251,635
17,252,603
17,253,658
17,254,729
17,255,636
17,256,630
18,1,352
18,2,392
18,3,368
18,4,386
18,5,360
18,6,520
18,7,447
18,8,737
18,9,1023
18,10,447
18,11,393
18,12,407
18,13,484
18,14,431
18,15,418
18,16,442
18,17,382
18,18,422
18,19,382
18,20,463
18,21,360
18,22,428
18,23,3659
18,24,411
18,25,385
18,26,413
18,27,427
18,28,1189
18,29,392
18,30,483
18,31,407
18,32,457
18,33,379
18,34,468
18,35,484
18,36,408
18,37,438
18,38,631
18,39,393
18,40,448
18,41,387
18,42,409
18,43,357
18,44,385
18,45,367
18,46,298
18,47,227
18,48,251
18,49,308
18,50,229
18,51,586
18,52,313
18,53,291
18,54,228
18,55,227
18,56,225
18,57,211
18,58,238
18,59,454
18,60,242
18,61,289
18,62,257
18,63,203
18,64,329
18,65,211
18,66,229
18,67,239
18,68,285
18,69,223
18,70,228
18,71,561
18,72,562
18,73,402
18,74,232
18,75,242
18,76,282
18,77,367
18,78,236
18,79,211
18,80,267
18,81,227
18,82,223
18,83,219
18,84,224
18,85,196
18,86,249
18,87,233
18,88,298
18,89,205
18,90,220
18,91,224
18,92,330
18,93,235
18,94,227
18,95,222
18,96,205
18,97,302
18,98,208
18,99,243
18,100,259
18,101,208
18,102,205
18,103,306
18,104,240
18,105,204
18,106,197
18,107,205
18,108,212
18,109,213
18,110,204
18,111,206
18,112,209
18,113,215
18,114,317
18,115,270
18,116,207
18,117,200
18,118,209
18,119,230
18,120,204
18,121,195
18,122,218
18,123,181
18,124,275
18,125,187
18,126,223
18,127,195
18,128,234
18,129,164
18,130,236
18,131,170
18,132,207
18,133,162
18,134,144
18,135,237
18,136,131
18,137,153
18,138,166
18,139,169
18,140,149
18,141,150
18,142,140
18,143,2615
18,144,669
18,145,229
18,146,138
18,147,156
18,148,300
18,149,160
18,150,161
18,151,165
18,152,174
18,153,193
18,154,153
18,155,237
18,156,169
18,157,222
18,158,182
18,159,180
18,160,262
18,161,217
18,162,169
18,163,247
18,164,174
18,165,171
18,166,183
18,167,177
18,168,180
18,169,181
18,170,243
18,171,217
18,172,177
18,173,189
18,174,222
18,175,186
18,176,174
18,177,190
18,178,211
18,179,3078
18,180,194
18,181,220
18,182,192
18,183,268
18,184,202
18,185,233
18,186,175
18,187,196
18,188,216
18,189,226
18,190,175
18,191,255
18,192,198
18,193,212
18,194,175
18,195,230
18,196,186
18,197,250
18,198,274
18,199,210
18,200,211
18,201,237
18,202,217
18,203,227
18,204,199
18,205,250
18,206,211
18,207,243
18,208,211
18,209,250
18,210,2537
18,211,337
18,212,209
18,213,425
18,214,286
18,215,417
18,216,212
18,217,279
18,218,264
18,219,320
18,220,262
18,221,1646
18,222,254
18,223,331
18,224,263
18,225,832
18,226,268
18,227,418
18,228,271
18,229,367
18,230,300
18,231,367
18,232,313
18,233,427
18,234,324
18,235,4095
18,236,375
18,237,456
18,238,488
18,239,475
18,240,415
18,241,486
18,242,448
18,243,522
18,244,467
18,245,865
18,246,634
18,247,859
18,248,538
18,249,659
18,250,563
18,251,635
18,252,603
18,253,658
18,254,729
18,255,636
18,256,630
19,1,350
19,2,392
19,3,369
19,4,387
19,5,360
19,6,520
19,7,390
19,8,740
19,9,998
19,10,448
19,11,393
19,12,404
19,13,482
19,14,430
19,15,421
19,16,439
19,17,383
19,18,419
19,19,383
19,20,461
19,21,362
19,22,425
19,23,3658
19,24,411
19,25,384
19,26,412
19,27,427
19,28,1189
19,29,392
19,30,482
19,31,408
19,32,460
19,33,379
19,34,469
19,35,486
19,36,408
19,37,437
19,38,633
19,39,393
19,40,443
19,41,388
19,42,408
19,43,357
19,44,383
19,45,372
19,46,298
19,47,226
19,48,251
19,49,309
19,50,229
19,51,584
19,52,314
19,53,291
19,54,227
19,55,228
19,56,226
19,57,212
19,58,238
19,59,453
19,60,239
19,61,247
19,62,241
19,63,202
19,64,333
19,65,209
19,66,227
19,67,239
19,68,283
19,69,225
19,70,227
19,71,564
19,72,566
19,73,405
19,74,232
19,75,242
19,76,283
19,77,362
19,78,233
19,79,214
19,80,268
19,81,228
19,82,221
19,83,218
19,84,224
19,85,196
19,86,250
19,87,232
19,88,297
19,89,205
19,90,220
19,91,224
19,92,328
19,93,237
19,94,261
19,95,223
19,96,204
19,97,309
19,98,209
19,99,244
19,100,262
19,101,208
19,102,204
19,103,311
19,104,239
19,105,203
19,106,197
19,107,206
19,108,211
19,109,212
19,110,204
19,111,206
19,112,209
19,113,215
19,114,313
19,115,270
19,116,205
19,117,199
19,118,208
19,119,230
19,120,203
19,121,196
19,122,216
19,123,180
19,124,276
19,125,188
19,126,220
19,127,195
19,128,233
19,129,165
19,130,235
19,131,169
19,132,207
19,133,163
19,134,145
19,135,235
19,136,129
19,137,154
19,138,165
19,139,172
19,140,148
19,141,151
19,142,139
19,143,2612
19,144,671
19,145,230
19,146,138
19,147,156
19,148,294
19,149,160
19,150,161
19,151,165
19,152,172
19,153,194
19,154,152
19,155,238
19,156,167
19,157,219
19,158,181
19,159,179
19,160,266
19,161,217
19,162,167
19,163,249
19,164,174
19,165,173
19,166,183
19,167,178
19,168,179
19,169,182
19,170,242
19,171,218
19,172,177
19,173,191
19,174,223
19,175,186
19,176,173
19,177,190
19,178,209
19,179,3083
19,180,193
19,181,221
19,182,190
19,183,262
19,184,202
19,185,234
19,186,174
19,187,197
19,188,216
19,189,224
19,190,174
19,191,256
19,192,197
19,193,211
19,194,175
19,195,225
19,196,186
19,197,251
19,198,280
19,199,211
19,200,210
19,201,238
19,202,217
19,203,228
19,204,199
19,205,251
19,206,210
19,207,245
19,208,209
19,209,250
19,210,2535
19,211,336
19,212,208
19,213,435
19,214,285
19,215,418
19,216,211
19,217,281
19,218,262
19,219,321
19,220,262
19,221,1647
19,222,253
19,223,332
19,224,263
19,225,819
19,226,266
19,227,421
19,228,271
19,229,367
19,230,299
19,231,365
19,232,312
19,233,429
19,234,326
19,235,4095
19,236,373
19,237,457
19,238,483
19,239,476
19,240,416
19,241,486
19,242,447
19,243,522
19,244,466
19,245,867
19,246,640
19,247,849
19,248,533
19,249,660
19,250,561
19,251,635
19,252,602
19,253,663
19,254,711
19,255,636
19,256,601
20,1,350
20,2,392
20,3,369
20,4,387
20,5,360
20,6,520
20,7,390
20,8,740
20,9,998
20,10,448
20,11,393
20,12,404
20,13,482
20,14,430
20,15,421
20,16,439
20,17,383
20,18,419
20,19,383
20,20,461
20,21,362
20,22,425
20,23,3658
20,24,411
20,25,384
20,26,412
20,27,427
20,28,1189
20,29,392
20,30,482
20,31,408
20,32,460
20,33,379
20,34,469
20,35,486
20,36,408
20,37,437
20,38,633
20,39,393
20,40,443
20,41,388
20,42,408
20,43,357
20,44,383
20,45,372
20,46,298
20,47,226
20,48,251
20,49,309
20,50,229
20,51,584
20,52,314
20,53,291
20,54,227
20,55,228
20,56,226
20,57,212
20,58,238
20,59,453
20,60,239
20,61,247
20,62,241
20,63,202
20,64,333
20,65,209
20,66,227
20,67,239
20,68,283
20,69,225
20,70,227
20,71,564
20,72,566
20,73,405
20,74,232
20,75,242
20,76,283
20,77,362
20,78,233
20,79,214
20,80,268
20,81,228
20,82,221
20,83,218
20,84,224
20,85,196
20,86,250
20,87,232
20,88,297
20,89,205
20,90,220
20,91,224
20,92,328
20,93,237
20,94,261
20,95,223
20,96,204
20,97,309
20,98,209
20,99,244
20,100,262
20,101,208
20,102,204
20,103,311
20,104,239
20,105,203
20,106,197
20,107,206
20,108,211
20,109,212
20,110,204
20,111,206
20,112,209
20,113,215
20,114,313
20,115,270
20,116,205
20,117,199
20,118,208
20,119,230
20,120,203
20,121,196
20,122,216
20,123,180
20,124,276
20,125,188
20,126,220
20,127,195
20,128,233
20,129,165
20,130,235
20,131,169
20,132,207
20,133,163
20,134,145
20,135,235
20,136,129
20,137,154
20,138,165
20,139,172
20,140,148
20,141,151
20,142,139
20,143,2612
20,144,671
20,145,230
20,146,138
20,147,156
20,148,294
20,149,160
20,150,161
20,151,165
20,152,172
20,153,194
20,154,152
20,155,238
20,156,167
20,157,219
20,158,181
20,159,179
20,160,266
20,161,217
20,162,167
20,163,249
20,164,174
20,165,173
20,166,183
20,167,178
20,168,179
20,169,182
20,170,242
20,171,218
20,172,177
20,173,191
20,174,223
20,175,186
20,176,173
20,177,190
20,178,209
20,179,3083
20,180,193
20,181,221
20,182,190
20,183,262
20,184,202
20,185,234
20,186,174
20,187,197
20,188,216
20,189,224
20,190,174
20,191,256
20,192,197
20,193,211
20,194,175
20,195,225
20,196,186
20,197,251
20,198,280
20,199,211
20,200,210
20,201,238
20,202,217
20,203,228
20,204,199
20,205,251
20,206,210
20,207,245
20,208,209
20,209,250
20,210,2535
20,211,336
20,212,208
20,213,435
20,214,285
20,215,418
20,216,211
20,217,281
20,218,262
20,219,321
20,220,262
20,221,1647
20,222,253
20,223,332
20,224,263
20,225,819
20,226,266
20,227,421
20,228,271
20,229,367
20,230,299
20,231,365
20,232,312
20,233,429
20,234,326
20,235,4095
20,236,373
20,237,457
20,238,483
20,239,476
20,240,416
20,241,486
20,242,447
20,243,522
20,244,466
20,245,867
20,246,640
20,247,849
20,248,533
20,249,660
20,250,561
20,251,635
20,252,602
20,253,663
20,254,711
20,255,636
20,256,601
21,1,352
21,2,392
21,3,369
21,4,385
21,5,359
21,6,525
21,7,390
21,8,734
21,9,1031
21,10,451
21,11,396
21,12,407
21,13,484
21,14,431
21,15,420
21,16,438
21,17,384
21,18,417
21,19,381
21,20,459
21,21,363
21,22,426
21,23,3656
21,24,411
21,25,384
21,26,412
21,27,428
21,28,1187
21,29,391
21,30,483
21,31,409
21,32,461
21,33,378
21,34,466
21,35,482
21,36,407
21,37,438
21,38,634
21,39,393
21,40,443
21,41,385
21,42,407
21,43,357
21,44,386
21,45,370
21,46,298
21,47,226
21,48,252
21,49,300
21,50,228
21,51,583
21,52,316
21,53,290
21,54,227
21,55,227
21,56,226
21,57,211
21,58,241
21,59,453
21,60,243
21,61,245
21,62,239
21,63,202
21,64,330
21,65,210
21,66,228
21,67,239
21,68,287
21,69,223
21,70,230
21,71,562
21,72,557
21,73,397
21,74,232
21,75,239
21,76,285
21,77,366
21,78,234
21,79,213
21,80,268
21,81,228
21,82,222
21,83,218
21,84,224
21,85,195
21,86,251
21,87,232
21,88,296
21,89,204
21,90,220
21,91,224
21,92,334
21,93,232
21,94,225
21,95,221
21,96,205
21,97,305
21,98,207
21,99,245
21,100,262
21,101,208
21,102,204
21,103,309
21,104,237
21,105,203
21,106,196
21,107,205
21,108,211
21,109,211
21,110,205
21,111,204
21,112,209
21,113,215
21,114,309
21,115,271
21,116,205
21,117,200
21,118,208
21,119,230
21,120,205
21,121,195
21,122,218
21,123,180
21,124,274
21,125,187
21,126,222
21,127,193
21,128,233
21,129,164
21,130,236
21,131,171
21,132,206
21,133,163
21,134,143
21,135,233
21,136,129
21,137,153
21,138,165
21,139,171
21,140,148
21,141,151
21,142,139
21,143,2616
21,144,669
21,145,229
21,146,137
21,147,155
21,148,293
21,149,161
21,150,161
21,151,166
21,152,172
21,153,194
21,154,151
21,155,239
21,156,168
21,157,218
21,158,182
21,159,179
21,160,266
21,161,218
21,162,168
21,163,250
21,164,174
21,165,171
21,166,182
21,167,178
21,168,179
21,169,179
21,170,242
21,171,218
21,172,177
21,173,189
21,174,222
21,175,186
21,176,174
21,177,190
21,178,210
21,179,3078
21,180,194
21,181,220
21,182,190
21,183,261
21,184,203
21,185,233
21,186,175
21,187,199
21,188,218
21,189,223
21,190,175
21,191,255
21,192,197
21,193,211
21,194,176
21,195,228
21,196,187
21,197,252
21,198,275
21,199,211
21,200,210
21,201,236
21,202,214
21,203,226
21,204,199
21,205,252
21,206,210
21,207,243
21,208,208
21,209,249
21,210,2538
21,211,335
21,212,207
21,213,423
21,214,284
21,215,413
21,216,209
21,217,282
21,218,262
21,219,322
21,220,261
21,221,1678
21,222,253
21,223,333
21,224,284
21,225,842
21,226,270
21,227,420
21,228,269
21,229,367
21,230,300
21,231,366
21,232,313
21,233,430
21,234,326
21,235,4095
21,236,371
21,237,455
21,238,487
21,239,475
21,240,418
21,241,486
21,242,447
21,243,523
21,244,467
21,245,870
21,246,645
21,247,865
21,248,535
21,249,659
21,250,563
21,251,635
21,252,602
21,253,658
21,254,714
21,255,634
21,256,597
22,1,352
22,2,392
22,3,369
22,4,385
22,5,359
22,6,525
22,7,390
22,8,734
22,9,1031
22,10,451
22,11,396
22,12,407
22,13,484
22,14,431
22,15,420
22,16,438
22,17,384
22,18,417
22,19,381
22,20,459
22,21,363
22,22,426
22,23,3656
22,24,411
22,25,384
22,26,412
22,27,428
22,28,1187
22,29,391
22,30,483
22,31,409
22,32,461
22,33,378
22,34,466
22,35,482
22,36,407
22,37,438
22,38,634
22,39,393
22,40,443
22,41,385
22,42,407
22,43,357
22,44,386
22,45,370
22,46,298
22,47,226
22,48,252
22,49,300
22,50,228
22,51,583
22,52,316
22,53,290
22,54,227
22,55,227
22,56,226
22,57,211
22,58,241
22,59,453
22,60,243
22,61,245
22,62,239
22,63,202
22,64,330
22,65,210
22,66,228
22,67,239
22,68,287
22,69,223
22,70,230
22,71,562
22,72,557
22,73,397
22,74,232
22,75,239
22,76,285
22,77,366
22,78,234
22,79,213
22,80,268
22,81,228
22,82,222
22,83,218
22,84,224
22,85,195
22,86,251
22,87,232
22,88,296
22,89,204
22,90,220
22,91,224
22,92,334
22,93,232
22,94,225
22,95,221
22,96,205
22,97,305
22,98,207
22,99,245
22,100,262
22,101,208
22,102,204
22,103,309
22,104,237
22,105,203
22,106,196
22,107,205
22,108,211
22,109,211
22,110,205
22,111,204
22,112,209
22,113,215
22,114,309
22,115,271
22,116,205
22,117,200
22,118,208
22,119,230
22,120,205
22,121,195
22,122,218
22,123,180
22,124,274
22,125,187
22,126,222
22,127,193
22,128,233
22,129,164
22,130,236
22,131,171
22,132,206
22,133,163
22,134,143
22,135,233
22,136,129
22,137,153
22,138,165
22,139,171
22,140,148
22,141,151
22,142,139
22,143,2616
22,144,669
22,145,229
22,146,137
22,147,155
22,148,293
22,149,161
22,150,161
22,151,166
22,152,172
22,153,194
22,154,151
22,155,239
22,156,168
22,157,218
22,158,182
22,159,179
22,160,266
22,161,218
22,162,168
22,163,250
22,164,174
22,165,171
22,166,182
22,167,178
22,168,179
22,169,179
22,170,242
22,171,218
22,172,177
22,173,189
22,174,222
22,175,186
22,176,174
22,177,190
22,178,210
22,179,3078
22,180,194
22,181,220
22,182,190
22,183,261
22,184,203
22,185,233
22,186,175
22,187,199
22,188,218
22,189,223
22,190,175
22,191,255
22,192,197
22,193,211
22,194,176
22,195,228
22,196,187
22,197,252
22,198,275
22,199,211
22,200,210
22,201,236
22,202,214
22,203,226
22,204,199
22,205,252
22,206,210
22,207,243
22,208,208
22,209,249
22,210,2538
22,211,335
22,212,207
22,213,423
22,214,284
22,215,413
22,216,209
22,217,282
22,218,262
22,219,322
22,220,261
22,221,1678
22,222,253
22,223,333
22,224,284
22,225,842
22,226,270
22,227,420
22,228,269
22,229,367
22,230,300
22,231,366
22,232,313
22,233,430
22,234,326
22,235,4095
22,236,371
22,237,455
22,238,487
22,239,475
22,240,418
22,241,486
22,242,447
22,243,523
22,244,467
22,245,870
22,246,645
22,247,865
22,248,535
22,249,659
22,250,563
22,251,635
22,252,602
22,253,658
22,254,714
22,255,634
22,256,597
23,1,352
23,2,392
23,3,367
23,4,385
23,5,359
23,6,526
23,7,390
23,8,735
23,9,1018
23,10,447
23,11,396
23,12,406
23,13,483
23,14,431
23,15,420
23,16,440
23,17,384
23,18,419
23,19,382
23,20,490
23,21,378
23,22,427
23,23,3656
23,24,412
23,25,386
23,26,413
23,27,425
23,28,1186
23,29,394
23,30,508
23,31,408
23,32,457
23,33,379
23,34,469
23,35,484
23,36,408
23,37,436
23,38,632
23,39,394
23,40,443
23,41,385
23,42,406
23,43,357
23,44,384
23,45,372
23,46,298
23,47,225
23,48,251
23,49,300
23,50,228
23,51,597
23,52,313
23,53,289
23,54,227
23,55,227
23,56,226
23,57,211
23,58,241
23,59,455
23,60,241
23,61,247
23,62,241
23,63,204
23,64,326
23,65,211
23,66,229
23,67,239
23,68,285
23,69,223
23,70,230
23,71,563
23,72,547
23,73,412
23,74,232
23,75,241
23,76,283
23,77,369
23,78,236
23,79,213
23,80,269
23,81,228
23,82,222
23,83,218
23,84,224
23,85,196
23,86,250
23,87,232
23,88,297
23,89,204
23,90,221
23,91,224
23,92,333
23,93,234
23,94,225
23,95,221
23,96,205
23,97,298
23,98,207
23,99,244
23,100,260
23,101,210
23,102,206
23,103,319
23,104,239
23,105,203
23,106,197
23,107,207
23,108,212
23,109,211
23,110,204
23,111,205
23,112,208
23,113,215
23,114,311
23,115,271
23,116,206
23,117,200
23,118,209
23,119,229
23,120,205
23,121,196
23,122,216
23,123,181
23,124,281
23,125,188
23,126,222
23,127,194
23,128,234
23,129,163
23,130,234
23,131,170
23,132,206
23,133,163
23,134,145
23,135,234
23,136,130
23,137,153
23,138,167
23,139,170
23,140,148
23,141,152
23,142,138
23,143,2613
23,144,670
23,145,228
23,146,137
23,147,155
23,148,301
23,149,160
23,150,160
23,151,165
23,152,172
23,153,194
23,154,152
23,155,238
23,156,169
23,157,220
23,158,181
23,159,179
23,160,266
23,161,217
23,162,168
23,163,247
23,164,175
23,165,173
23,166,183
23,167,178
23,168,178
23,169,181
23,170,242
23,171,222
23,172,178
23,173,190
23,174,222
23,175,188
23,176,174
23,177,192
23,178,209
23,179,3080
23,180,194
23,181,221
23,182,191
23,183,266
23,184,203
23,185,233
23,186,173
23,187,198
23,188,218
23,189,224
23,190,174
23,191,256
23,192,197
23,193,211
23,194,176
23,195,229
23,196,187
23,197,251
23,198,274
23,199,211
23,200,209
23,201,237
23,202,216
23,203,227
23,204,200
23,205,250
23,206,210
23,207,244
23,208,209
23,209,251
23,210,2537
23,211,337
23,212,208
23,213,420
23,214,284
23,215,416
23,216,211
23,217,281
23,218,262
23,219,320
23,220,262
23,221,1672
23,222,254
23,223,331
23,224,262
23,225,815
23,226,264
23,227,420
23,228,272
23,229,368
23,230,299
23,231,366
23,232,312
23,233,428
23,234,325
23,235,4095
23,236,373
23,237,455
23,238,484
23,239,477
23,240,417
23,241,483
23,242,449
23,243,523
23,244,466
23,245,863
23,246,638
23,247,861
23,248,535
23,249,660
23,250,561
23,251,637
23,252,601
23,253,658
23,254,712
23,255,634
23,256,600
24,1,352
24,2,392
24,3,367
24,4,385
24,5,359
24,6,526
24,7,390
24,8,735
24,9,1018
24,10,447
24,11,396
24,12,406
24,13,483
24,14,431
24,15,420
24,16,440
24,17,384
24,18,419
24,19,382
24,20,490
24,21,378
24,22,427
24,23,3656
24,24,412
24,25,386
24,26,413
24,27,425
24,28,1186
24,29,394
24,30,508
24,31,408
24,32,457
24,33,379
24,34,469
24,35,484
24,36,408
24,37,436
24,38,632
24,39,394
24,40,443
24,41,385
24,42,406
24,43,357
24,44,384
24,45,372
24,46,298
24,47,225
24,48,251
24,49,300
24,50,228
24,51,597
24,52,313
24,53,289
24,54,227
24,55,227
24,56,226
24,57,211
24,58,241
24,59,455
24,60,241
24,61,247
24,62,241
24,63,204
24,64,326
24,65,211
24,66,229
24,67,239
24,68,285
24,69,223
24,70,230
24,71,563
24,72,547
24,73,412
24,74,232
24,75,241
24,76,283
24,77,369
24,78,236
24,79,213
24,80,269
24,81,228
24,82,222
24,83,218
24,84,224
24,85,196
24,86,250
24,87,232
24,88,297
24,89,204
24,90,221
24,91,224
24,92,333
24,93,234
24,94,225
24,95,221
24,96,205
24,97,298
24,98,207
24,99,244
24,100,260
24,101,210
24,102,206
24,103,319
24,104,239
24,105,203
24,106,197
24,107,207
24,108,212
24,109,211
24,110,204
24,111,205
24,112,208
24,113,215
24,114,311
24,115,271
24,116,206
24,117,200
24,118,209
24,119,229
24,120,205
24,121,196
24,122,216
24,123,181
24,124,281
24,125,188
24,126,222
24,127,194
24,128,234
24,129,163
24,130,234
24,131,170
24,132,206
24,133,163
24,134,145
24,135,234
24,136,130
24,137,153
24,138,167
24,139,170
24,140,148
24,141,152
24,142,138
24,143,2613
24,144,670
24,145,228
24,146,137
24,147,155
24,148,301
24,149,160
24,150,160
24,151,165
24,152,172
24,153,194
24,154,152
24,155,238
24,156,169
24,157,220
24,158,181
24,159,179
24,160,266
24,161,217
24,162,168
24,163,247
24,164,175
24,165,173
24,166,183
24,167,178
24,168,178
24,169,181
24,170,242
24,171,222
24,172,178
24,173,190
24,174,222
24,175,188
24,176,174
24,177,192
24,178,209
24,179,3080
24,180,194
24,181,221
24,182,191
24,183,266
24,184,203
24,185,233
24,186,173
24,187,198
24,188,218
24,189,224
24,190,174
24,191,256
24,192,197
24,193,211
24,194,176
24,195,229
24,196,187
24,197,251
24,198,274
24,199,211
24,200,209
24,201,237
24,202,216
24,203,227
24,204,200
24,205,250
24,206,210
24,207,244
24,208,209
24,209,251
24,210,2537
24,211,337
24,212,208
24,213,420
24,214,284
24,215,416
24,216,211
24,217,281
24,218,262
24,219,320
24,220,262
24,221,1672
24,222,254
24,223,331
24,224,262
24,225,815
24,226,264
24,227,420
24,228,272
24,229,368
24,230,299
24,231,366
24,232,312
24,233,428
24,234,325
24,235,4095
24,236,373
24,237,455
24,238,484
24,239,477
24,240,417
24,241,483
24,242,449
24,243,523
24,244,466
24,245,863
24,246,638
24,247,861
24,248,535
24,249,660
24,250,561
24,251,637
24,252,601
24,253,658
24,254,712
24,255,634
24,256,600
25,1,350
25,2,394
25,3,368
25,4,386
25,5,360
25,6,518
25,7,389
25,8,725
25,9,1063
25,10,447
25,11,396
25,12,405
25,13,484
25,14,431
25,15,419
25,16,442
25,17,385
25,18,420
25,19,383
25,20,464
25,21,362
25,22,426
25,23,3666
25,24,411
25,25,384
25,26,429
25,27,434
25,28,1188
25,29,395
25,30,510
25,31,408
25,32,460
25,33,379
25,34,468
25,35,484
25,36,407
25,37,439
25,38,630
25,39,393
25,40,445
25,41,387
25,42,408
25,43,357
25,44,383
25,45,376
25,46,297
25,47,229
25,48,253
25,49,308
25,50,228
25,51,592
25,52,318
25,53,292
25,54,228
25,55,226
25,56,226
25,57,212
25,58,239
25,59,454
25,60,241
25,61,246
25,62,240
25,63,204
25,64,325
25,65,211
25,66,229
25,67,240
25,68,286
25,69,224
25,70,229
25,71,565
25,72,561
25,73,401
25,74,231
25,75,241
25,76,282
25,77,371
25,78,235
25,79,214
25,80,267
25,81,228
25,82,221
25,83,218
25,84,224
25,85,196
25,86,251
25,87,230
25,88,298
25,89,204
25,90,220
25,91,224
25,92,335
25,93,233
25,94,226
25,95,222
25,96,206
25,97,302
25,98,208
25,99,246
25,100,262
25,101,208
25,102,204
25,103,317
25,104,238
25,105,203
25,106,197
25,107,206
25,108,214
25,109,214
25,110,204
25,111,206
25,112,209
25,113,214
25,114,314
25,115,273
25,116,206
25,117,200
25,118,208
25,119,230
25,120,204
25,121,195
25,122,216
25,123,181
25,124,279
25,125,187
25,126,223
25,127,194
25,128,234
25,129,164
25,130,236
25,131,171
25,132,206
25,133,163
25,134,142
25,135,238
25,136,129
25,137,154
25,138,167
25,139,172
25,140,149
25,141,153
25,142,137
25,143,2617
25,144,669
25,145,279
25,146,137
25,147,155
25,148,299
25,149,160
25,150,161
25,151,167
25,152,175
25,153,194
25,154,153
25,155,240
25,156,169
25,157,218
25,158,180
25,159,180
25,160,260
25,161,217
25,162,167
25,163,250
25,164,174
25,165,171
25,166,182
25,167,178
25,168,179
25,169,181
25,170,242
25,171,219
25,172,177
25,173,190
25,174,222
25,175,186
25,176,174
25,177,190
25,178,213
25,179,3079
25,180,194
25,181,223
25,182,190
25,183,268
25,184,202
25,185,234
25,186,174
25,187,197
25,188,216
25,189,224
25,190,175
25,191,257
25,192,197
25,193,210
25,194,176
25,195,230
25,196,187
25,197,251
25,198,281
25,199,212
25,200,212
25,201,237
25,202,215
25,203,227
25,204,199
25,205,253
25,206,209
25,207,243
25,208,207
25,209,251
25,210,2545
25,211,338
25,212,209
25,213,433
25,214,285
25,215,414
25,216,212
25,217,281
25,218,263
25,219,321
25,220,263
25,221,1638
25,222,252
25,223,330
25,224,262
25,225,823
25,226,267
25,227,418
25,228,271
25,229,368
25,230,300
25,231,366
25,232,312
25,233,428
25,234,325
25,235,4095
25,236,373
25,237,457
25,238,487
25,239,477
25,240,418
25,241,485
25,242,449
25,243,523
25,244,466
25,245,866
25,246,640
25,247,863
25,248,534
25,249,656
25,250,562
25,251,635
25,252,602
25,253,659
25,254,731
25,255,635
25,256,598
26,1,350
26,2,394
26,3,368
26,4,386
26,5,360
26,6,518
26,7,389
26,8,725
26,9,1063
26,10,447
26,11,396
26,12,405
26,13,484
26,14,431
26,15,419
26,16,442
26,17,385
26,18,420
26,19,383
26,20,464
26,21,362
26,22,426
26,23,3666
26,24,411
26,25,384
26,26,429
26,27,434
26,28,1188
26,29,395
26,30,510
26,31,408
26,32,460
26,33,379
26,34,468
26,35,484
26,36,407
26,37,439
26,38,630
26,39,393
26,40,445
26,41,387
26,42,408
26,43,357
26,44,383
26,45,376
26,46,297
26,47,229
26,48,253
26,49,308
26,50,228
26,51,592
26,52,318
26,53,292
26,54,228
26,55,226
26,56,226
26,57,212
26,58,239
26,59,454
26,60,241
26,61,246
26,62,240
26,63,204
26,64,325
26,65,211
26,66,229
26,67,240
26,68,286
26,69,224
26,70,229
26,71,565
26,72,561
26,73,401
26,74,231
26,75,241
26,76,282
26,77,371
26,78,235
26,79,214
26,80,267
26,81,228
26,82,221
26,83,218
26,84,224
26,85,196
26,86,251
26,87,230
26,88,298
26,89,204
26,90,220
26,91,224
26,92,335
26,93,233
26,94,226
26,95,222
26,96,206
26,97,302
26,98,208
26,99,246
26,100,262
26,101,208
26,102,204
26,103,317
26,104,238
26,105,203
26,106,197
26,107,206
26,108,214
26,109,214
26,110,204
26,111,206
26,112,209
26,113,214
26,114,314
26,115,273
26,116,206
26,117,200
26,118,208
26,119,230
26,120,204
26,121,195
26,122,216
26,123,181
26,124,279
26,125,187
26,126,223
26,127,194
26,128,234
26,129,164
26,130,236
26,131,171
26,132,206
26,133,163
26,134,142
26,135,238
26,136,129
26,137,154
26,138,167
26,139,172
26,140,149
26,141,153
26,142,137
26,143,2617
26,144,669
26,145,279
26,146,137
26,147,155
26,148,299
26,149,160
26,150,161
26,151,167
26,152,175
26,153,194
26,154,153
26,155,240
26,156,169
26,157,218
26,158,180
26,159,180
26,160,260
26,161,217
26,162,167
26,163,250
26,164,174
26,165,171
26,166,182
26,167,178
26,168,179
26,169,181
26,170,242
26,171,219
26,172,177
26,173,190
26,174,222
26,175,186
26,176,174
26,177,190
26,178,213
26,179,3079
26,180,194
26,181,223
26,182,190
26,183,268
26,184,202
26,185,234
26,186,174
26,187,197
26,188,216
26,189,224
26,190,175
26,191,257
26,192,197
26,193,210
26,194,176
26,195,230
26,196,187
26,197,251
26,198,281
26,199,212
26,200,212
26,201,237
26,202,215
26,203,227
26,204,199
26,205,253
26,206,209
26,207,243
26,208,207
26,209,251
26,210,2545
26,211,338
26,212,209
26,213,433
26,214,285
26,215,414
26,216,212
26,217,281
26,218,263
26,219,321
26,220,263
26,221,1638
26,222,252
26,223,330
26,224,262
26,225,823
26,226,267
26,227,418
26,228,271
26,229,368
26,230,300
26,231,366
26,232,312
26,233,428
26,234,325
26,235,4095
26,236,373
26,237,457
26,238,487
26,239,477
26,240,418
26,241,485
26,242,449
26,243,523
26,244,466
26,245,866
26,246,640
26,247,863
26,248,534
26,249,656
26,250,562
26,251,635
26,252,602
26,253,659
26,254,731
26,255,635
26,256,598
