Line,Band,Value
1,1,157
1,2,197
1,3,167
1,4,188
1,5,159
1,6,221
1,7,180
1,8,276
1,9,318
1,10,202
1,11,178
1,12,201
1,13,192
1,14,207
1,15,177
1,16,208
1,17,165
1,18,201
1,19,167
1,20,211
1,21,158
1,22,199
1,23,991
1,24,200
1,25,169
1,26,201
1,27,183
1,28,393
1,29,175
1,30,222
1,31,176
1,32,210
1,33,165
1,34,220
1,35,198
1,36,196
1,37,186
1,38,250
1,39,169
1,40,219
1,41,172
1,42,209
1,43,171
1,44,194
1,45,170
1,46,172
1,47,136
1,48,160
1,49,163
1,50,158
1,51,243
1,52,167
1,53,155
1,54,155
1,55,136
1,56,156
1,57,134
1,58,153
1,59,193
1,60,155
1,61,152
1,62,158
1,63,129
1,64,176
1,65,134
1,66,146
1,67,145
1,68,167
1,69,126
1,70,154
1,71,223
1,72,233
1,73,187
1,74,155
1,75,143
1,76,160
1,77,190
1,78,155
1,79,144
1,80,155
1,81,147
1,82,141
1,83,148
1,84,138
1,85,133
1,86,150
1,87,152
1,88,167
1,89,141
1,90,149
1,91,144
1,92,170
1,93,149
1,94,139
1,95,150
1,96,137
1,97,168
1,98,138
1,99,149
1,100,157
1,101,142
1,102,138
1,103,171
1,104,149
1,105,142
1,106,129
1,107,140
1,108,141
1,109,138
1,110,134
1,111,144
1,112,141
1,113,133
1,114,164
1,115,152
1,116,134
1,117,132
1,118,137
1,119,145
1,120,137
1,121,130
1,122,139
1,123,123
1,124,162
1,125,124
1,126,146
1,127,130
1,128,151
1,129,112
1,130,115
1,131,109
1,132,107
1,133,113
1,134,93
1,135,132
1,136,78
1,137,109
1,138,106
1,139,123
1,140,99
1,141,109
1,142,88
1,143,717
1,144,230
1,145,138
1,146,95
1,147,117
1,148,134
1,149,117
1,150,113
1,151,117
1,152,110
1,153,129
1,154,105
1,155,141
1,156,119
1,157,136
1,158,127
1,159,138
1,160,146
1,161,133
1,162,122
1,163,146
1,164,125
1,165,127
1,166,126
1,167,129
1,168,125
1,169,134
1,170,146
1,171,147
1,172,128
1,173,140
1,174,137
1,175,134
1,176,127
1,177,145
1,178,133
1,179,875
1,180,128
1,181,154
1,182,129
1,183,167
1,184,141
1,185,165
1,186,119
1,187,146
1,188,137
1,189,160
1,190,120
1,191,162
1,192,126
1,193,155
1,194,119
1,195,160
1,196,125
1,197,166
1,198,149
1,199,152
1,200,136
1,201,164
1,202,134
1,203,158
1,204,122
1,205,172
1,206,127
1,207,171
1,208,127
1,209,173
1,210,707
1,211,197
1,212,122
1,213,222
1,214,140
1,215,210
1,216,114
1,217,182
1,218,132
1,219,193
1,220,135
1,221,553
1,222,126
1,223,197
1,224,126
1,225,315
1,226,125
1,227,214
1,228,119
1,229,208
1,230,135
1,231,193
1,232,128
1,233,208
1,234,131
1,235,1450
1,236,143
1,237,216
1,238,177
1,239,215
1,240,148
1,241,217
1,242,157
1,243,224
1,244,162
1,245,304
1,246,194
1,247,294
1,248,169
1,249,245
1,250,177
1,251,245
1,252,192
1,253,239
1,254,224
1,255,229
1,256,178
2,1,157
2,2,197
2,3,167
2,4,188
2,5,159
2,6,221
2,7,180
2,8,276
2,9,318
2,10,202
2,11,178
2,12,201
2,13,192
2,14,207
2,15,177
2,16,208
2,17,165
2,18,201
2,19,167
2,20,211
2,21,158
2,22,199
2,23,991
2,24,200
2,25,169
2,26,201
2,27,183
2,28,393
2,29,175
2,30,222
2,31,176
2,32,210
2,33,165
2,34,220
2,35,198
2,36,196
2,37,186
2,38,250
2,39,169
2,40,219
2,41,172
2,42,209
2,43,171
2,44,194
2,45,170
2,46,172
2,47,136
2,48,160
2,49,163
2,50,158
2,51,243
2,52,167
2,53,155
2,54,155
2,55,136
2,56,156
2,57,134
2,58,153
2,59,193
2,60,155
2,61,152
2,62,158
2,63,129
2,64,176
2,65,134
2,66,146
2,67,145
2,68,167
2,69,126
2,70,154
2,71,223
2,72,233
2,73,187
2,74,155
2,75,143
2,76,160
2,77,190
2,78,155
2,79,144
2,80,155
2,81,147
2,82,141
2,83,148
2,84,138
2,85,133
2,86,150
2,87,152
2,88,167
2,89,141
2,90,149
2,91,144
2,92,170
2,93,149
2,94,139
2,95,150
2,96,137
2,97,168
2,98,138
2,99,149
2,100,157
2,101,142
2,102,138
2,103,171
2,104,149
2,105,142
2,106,129
2,107,140
2,108,141
2,109,138
2,110,134
2,111,144
2,112,141
2,113,133
2,114,164
2,115,152
2,116,134
2,117,132
2,118,137
2,119,145
2,120,137
2,121,130
2,122,139
2,123,123
2,124,162
2,125,124
2,126,146
2,127,130
2,128,151
2,129,112
2,130,115
2,131,109
2,132,107
2,133,113
2,134,93
2,135,132
2,136,78
2,137,109
2,138,106
2,139,123
2,140,99
2,141,109
2,142,88
2,143,717
2,144,230
2,145,138
2,146,95
2,147,117
2,148,134
2,149,117
2,150,113
2,151,117
2,152,110
2,153,129
2,154,105
2,155,141
2,156,119
2,157,136
2,158,127
2,159,138
2,160,146
2,161,133
2,162,122
2,163,146
2,164,125
2,165,127
2,166,126
2,167,129
2,168,125
2,169,134
2,170,146
2,171,147
2,172,128
2,173,140
2,174,137
2,175,134
2,176,127
2,177,145
2,178,133
2,179,875
2,180,128
2,181,154
2,182,129
2,183,167
2,184,141
2,185,165
2,186,119
2,187,146
2,188,137
2,189,160
2,190,120
2,191,162
2,192,126
2,193,155
2,194,119
2,195,160
2,196,125
2,197,166
2,198,149
2,199,152
2,200,136
2,201,164
2,202,134
2,203,158
2,204,122
2,205,172
2,206,127
2,207,171
2,208,127
2,209,173
2,210,707
2,211,197
2,212,122
2,213,222
2,214,140
2,215,210
2,216,114
2,217,182
2,218,132
2,219,193
2,220,135
2,221,553
2,222,126
2,223,197
2,224,126
2,225,315
2,226,125
2,227,214
2,228,119
2,229,208
2,230,135
2,231,193
2,232,128
2,233,208
2,234,131
2,235,1450
2,236,143
2,237,216
2,238,177
2,239,215
2,240,148
2,241,217
2,242,157
2,243,224
2,244,162
2,245,304
2,246,194
2,247,294
2,248,169
2,249,245
2,250,177
2,251,245
2,252,192
2,253,239
2,254,224
2,255,229
2,256,178
3,1,158
3,2,199
3,3,168
3,4,188
3,5,159
3,6,221
3,7,179
3,8,275
3,9,315
3,10,203
3,11,181
3,12,201
3,13,192
3,14,208
3,15,178
3,16,207
3,17,166
3,18,200
3,19,169
3,20,211
3,21,158
3,22,201
3,23,992
3,24,201
3,25,170
3,26,201
3,27,183
3,28,393
3,29,175
3,30,223
3,31,175
3,32,211
3,33,164
3,34,218
3,35,200
3,36,196
3,37,184
3,38,249
3,39,170
3,40,219
3,41,172
3,42,210
3,43,171
3,44,194
3,45,169
3,46,173
3,47,136
3,48,162
3,49,164
3,50,159
3,51,240
3,52,166
3,53,155
3,54,155
3,55,136
3,56,154
3,57,135
3,58,152
3,59,195
3,60,155
3,61,153
3,62,158
3,63,128
3,64,176
3,65,133
3,66,147
3,67,145
3,68,168
3,69,126
3,70,154
3,71,222
3,72,235
3,73,186
3,74,155
3,75,143
3,76,160
3,77,189
3,78,155
3,79,143
3,80,155
3,81,148
3,82,142
3,83,149
3,84,137
3,85,134
3,86,150
3,87,153
3,88,167
3,89,140
3,90,148
3,91,146
3,92,170
3,93,149
3,94,137
3,95,150
3,96,136
3,97,169
3,98,138
3,99,149
3,100,156
3,101,143
3,102,137
3,103,170
3,104,148
3,105,143
3,106,130
3,107,141
3,108,141
3,109,138
3,110,134
3,111,143
3,112,141
3,113,135
3,114,161
3,115,153
3,116,133
3,117,131
3,118,137
3,119,144
3,120,137
3,121,130
3,122,140
3,123,123
3,124,161
3,125,126
3,126,146
3,127,131
3,128,150
3,129,112
3,130,116
3,131,109
3,132,107
3,133,113
3,134,93
3,135,131
3,136,79
3,137,109
3,138,105
3,139,124
3,140,100
3,141,110
3,142,88
3,143,719
3,144,226
3,145,139
3,146,96
3,147,117
3,148,133
3,149,118
3,150,112
3,151,118
3,152,109
3,153,129
3,154,106
3,155,141
3,156,119
3,157,136
3,158,126
3,159,137
3,160,145
3,161,132
3,162,122
3,163,149
3,164,125
3,165,130
3,166,126
3,167,129
3,168,124
3,169,133
3,170,146
3,171,148
3,172,128
3,173,139
3,174,138
3,175,136
3,176,128
3,177,145
3,178,133
3,179,876
3,180,129
3,181,154
3,182,127
3,183,168
3,184,141
3,185,166
3,186,120
3,187,145
3,188,137
3,189,160
3,190,120
3,191,164
3,192,125
3,193,157
3,194,119
3,195,161
3,196,125
3,197,168
3,198,151
3,199,151
3,200,135
3,201,165
3,202,135
3,203,158
3,204,122
3,205,171
3,206,127
3,207,171
3,208,127
3,209,174
3,210,707
3,211,197
3,212,123
3,213,221
3,214,139
3,215,211
3,216,114
3,217,181
3,218,132
3,219,195
3,220,136
3,221,537
3,222,125
3,223,198
3,224,126
3,225,309
3,226,125
3,227,217
3,228,119
3,229,208
3,230,135
3,231,194
3,232,127
3,233,208
3,234,131
3,235,1451
3,236,142
3,237,216
3,238,177
3,239,214
3,240,146
3,241,216
3,242,157
3,243,224
3,244,162
3,245,306
3,246,196
3,247,295
3,248,167
3,249,245
3,250,177
3,251,245
3,252,193
3,253,241
3,254,224
3,255,228
3,256,178
4,1,158
4,2,199
4,3,168
4,4,188
4,5,159
4,6,221
4,7,179
4,8,275
4,9,315
4,10,203
4,11,181
4,12,201
4,13,192
4,14,208
4,15,178
4,16,207
4,17,166
4,18,200
4,19,169
4,20,211
4,21,158
4,22,201
4,23,992
4,24,201
4,25,170
4,26,201
4,27,183
4,28,393
4,29,175
4,30,223
4,31,175
4,32,211
4,33,164
4,34,218
4,35,200
4,36,196
4,37,184
4,38,249
4,39,170
4,40,219
4,41,172
4,42,210
4,43,171
4,44,194
4,45,169
4,46,173
4,47,136
4,48,162
4,49,164
4,50,159
4,51,240
4,52,166
4,53,155
4,54,155
4,55,136
4,56,154
4,57,135
4,58,152
4,59,195
4,60,155
4,61,153
4,62,158
4,63,128
4,64,176
4,65,133
4,66,147
4,67,145
4,68,168
4,69,126
4,70,154
4,71,222
4,72,235
4,73,186
4,74,155
4,75,143
4,76,160
4,77,189
4,78,155
4,79,143
4,80,155
4,81,148
4,82,142
4,83,149
4,84,137
4,85,134
4,86,150
4,87,153
4,88,167
4,89,140
4,90,148
4,91,146
4,92,170
4,93,149
4,94,137
4,95,150
4,96,136
4,97,169
4,98,138
4,99,149
4,100,156
4,101,143
4,102,137
4,103,170
4,104,148
4,105,143
4,106,130
4,107,141
4,108,141
4,109,138
4,110,134
4,111,143
4,112,141
4,113,135
4,114,161
4,115,153
4,116,133
4,117,131
4,118,137
4,119,144
4,120,137
4,121,130
4,122,140
4,123,123
4,124,161
4,125,126
4,126,146
4,127,131
4,128,150
4,129,112
4,130,116
4,131,109
4,132,107
4,133,113
4,134,93
4,135,131
4,136,79
4,137,109
4,138,105
4,139,124
4,140,100
4,141,110
4,142,88
4,143,719
4,144,226
4,145,139
4,146,96
4,147,117
4,148,133
4,149,118
4,150,112
4,151,118
4,152,109
4,153,129
4,154,106
4,155,141
4,156,119
4,157,136
4,158,126
4,159,137
4,160,145
4,161,132
4,162,122
4,163,149
4,164,125
4,165,130
4,166,126
4,167,129
4,168,124
4,169,133
4,170,146
4,171,148
4,172,128
4,173,139
4,174,138
4,175,136
4,176,128
4,177,145
4,178,133
4,179,876
4,180,129
4,181,154
4,182,127
4,183,168
4,184,141
4,185,166
4,186,120
4,187,145
4,188,137
4,189,160
4,190,120
4,191,164
4,192,125
4,193,157
4,194,119
4,195,161
4,196,125
4,197,168
4,198,151
4,199,151
4,200,135
4,201,165
4,202,135
4,203,158
4,204,122
4,205,171
4,206,127
4,207,171
4,208,127
4,209,174
4,210,707
4,211,197
4,212,123
4,213,221
4,214,139
4,215,211
4,216,114
4,217,181
4,218,132
4,219,195
4,220,136
4,221,537
4,222,125
4,223,198
4,224,126
4,225,309
4,226,125
4,227,217
4,228,119
4,229,208
4,230,135
4,231,194
4,232,127
4,233,208
4,234,131
4,235,1451
4,236,142
4,237,216
4,238,177
4,239,214
4,240,146
4,241,216
4,242,157
4,243,224
4,244,162
4,245,306
4,246,196
4,247,295
4,248,167
4,249,245
4,250,177
4,251,245
4,252,193
4,253,241
4,254,224
4,255,228
4,256,178
5,1,157
5,2,197
5,3,167
5,4,189
5,5,159
5,6,220
5,7,180
5,8,275
5,9,324
5,10,202
5,11,180
5,12,200
5,13,193
5,14,207
5,15,178
5,16,208
5,17,166
5,18,201
5,19,168
5,20,210
5,21,157
5,22,199
5,23,992
5,24,200
5,25,169
5,26,201
5,27,183
5,28,393
5,29,175
5,30,223
5,31,175
5,32,211
5,33,165
5,34,219
5,35,197
5,36,196
5,37,185
5,38,250
5,39,170
5,40,219
5,41,171
5,42,210
5,43,172
5,44,194
5,45,169
5,46,173
5,47,138
5,48,162
5,49,164
5,50,159
5,51,242
5,52,169
5,53,155
5,54,155
5,55,135
5,56,156
5,57,135
5,58,152
5,59,193
5,60,155
5,61,151
5,62,159
5,63,129
5,64,176
5,65,134
5,66,147
5,67,145
5,68,167
5,69,126
5,70,154
5,71,222
5,72,230
5,73,186
5,74,154
5,75,143
5,76,162
5,77,190
5,78,156
5,79,145
5,80,155
5,81,147
5,82,141
5,83,148
5,84,137
5,85,133
5,86,150
5,87,152
5,88,167
5,89,140
5,90,149
5,91,145
5,92,173
5,93,149
5,94,139
5,95,150
5,96,136
5,97,168
5,98,137
5,99,149
5,100,156
5,101,142
5,102,137
5,103,170
5,104,149
5,105,142
5,106,130
5,107,140
5,108,142
5,109,139
5,110,134
5,111,143
5,112,141
5,113,135
5,114,161
5,115,152
5,116,133
5,117,132
5,118,138
5,119,144
5,120,136
5,121,130
5,122,140
5,123,123
5,124,161
5,125,126
5,126,146
5,127,130
5,128,150
5,129,111
5,130,115
5,131,109
5,132,107
5,133,114
5,134,93
5,135,133
5,136,78
5,137,109
5,138,106
5,139,123
5,140,98
5,141,110
5,142,89
5,143,717
5,144,227
5,145,140
5,146,96
5,147,117
5,148,133
5,149,118
5,150,113
5,151,117
5,152,110
5,153,128
5,154,106
5,155,141
5,156,119
5,157,134
5,158,126
5,159,137
5,160,146
5,161,134
5,162,122
5,163,147
5,164,123
5,165,128
5,166,125
5,167,129
5,168,125
5,169,133
5,170,146
5,171,148
5,172,128
5,173,139
5,174,138
5,175,137
5,176,127
5,177,144
5,178,133
5,179,882
5,180,127
5,181,154
5,182,128
5,183,166
5,184,141
5,185,165
5,186,120
5,187,145
5,188,137
5,189,160
5,190,121
5,191,164
5,192,126
5,193,158
5,194,118
5,195,162
5,196,124
5,197,167
5,198,151
5,199,151
5,200,135
5,201,165
5,202,135
5,203,157
5,204,121
5,205,170
5,206,128
5,207,170
5,208,127
5,209,173
5,210,709
5,211,196
5,212,122
5,213,220
5,214,141
5,215,211
5,216,114
5,217,181
5,218,131
5,219,195
5,220,135
5,221,556
5,222,126
5,223,197
5,224,125
5,225,310
5,226,126
5,227,215
5,228,119
5,229,208
5,230,135
5,231,194
5,232,127
5,233,207
5,234,132
5,235,1458
5,236,142
5,237,216
5,238,178
5,239,215
5,240,147
5,241,216
5,242,157
5,243,224
5,244,161
5,245,307
5,246,195
5,247,297
5,248,169
5,249,245
5,250,177
5,251,245
5,252,193
5,253,240
5,254,222
5,255,230
5,256,179
6,1,157
6,2,197
6,3,167
6,4,189
6,5,159
6,6,220
6,7,180
6,8,275
6,9,324
6,10,202
6,11,180
6,12,200
6,13,193
6,14,207
6,15,178
6,16,208
6,17,166
6,18,201
6,19,168
6,20,210
6,21,157
6,22,199
6,23,992
6,24,200
6,25,169
6,26,201
6,27,183
6,28,393
6,29,175
6,30,223
6,31,175
6,32,211
6,33,165
6,34,219
6,35,197
6,36,196
6,37,185
6,38,250
6,39,170
6,40,219
6,41,171
6,42,210
6,43,172
6,44,194
6,45,169
6,46,173
6,47,138
6,48,162
6,49,164
6,50,159
6,51,242
6,52,169
6,53,155
6,54,155
6,55,135
6,56,156
6,57,135
6,58,152
6,59,193
6,60,155
6,61,151
6,62,159
6,63,129
6,64,176
6,65,134
6,66,147
6,67,145
6,68,167
6,69,126
6,70,154
6,71,222
6,72,230
6,73,186
6,74,154
6,75,143
6,76,162
6,77,190
6,78,156
6,79,145
6,80,155
6,81,147
6,82,141
6,83,148
6,84,137
6,85,133
6,86,150
6,87,152
6,88,167
6,89,140
6,90,149
6,91,145
6,92,173
6,93,149
6,94,139
6,95,150
6,96,136
6,97,168
6,98,137
6,99,149
6,100,156
6,101,142
6,102,137
6,103,170
6,104,149
6,105,142
6,106,130
6,107,140
6,108,142
6,109,139
6,110,134
6,111,143
6,112,141
6,113,135
6,114,161
6,115,152
6,116,133
6,117,132
6,118,138
6,119,144
6,120,136
6,121,130
6,122,140
6,123,123
6,124,161
6,125,126
6,126,146
6,127,130
6,128,150
6,129,111
6,130,115
6,131,109
6,132,107
6,133,114
6,134,93
6,135,133
6,136,78
6,137,109
6,138,106
6,139,123
6,140,98
6,141,110
6,142,89
6,143,717
6,144,227
6,145,140
6,146,96
6,147,117
6,148,133
6,149,118
6,150,113
6,151,117
6,152,110
6,153,128
6,154,106
6,155,141
6,156,119
6,157,134
6,158,126
6,159,137
6,160,146
6,161,134
6,162,122
6,163,147
6,164,123
6,165,128
6,166,125
6,167,129
6,168,125
6,169,133
6,170,146
6,171,148
6,172,128
6,173,139
6,174,138
6,175,137
6,176,127
6,177,144
6,178,133
6,179,882
6,180,127
6,181,154
6,182,128
6,183,166
6,184,141
6,185,165
6,186,120
6,187,145
6,188,137
6,189,160
6,190,121
6,191,164
6,192,126
6,193,158
6,194,118
6,195,162
6,196,124
6,197,167
6,198,151
6,199,151
6,200,135
6,201,165
6,202,135
6,203,157
6,204,121
6,205,170
6,206,128
6,207,170
6,208,127
6,209,173
6,210,709
6,211,196
6,212,122
6,213,220
6,214,141
6,215,211
6,216,114
6,217,181
6,218,131
6,219,195
6,220,135
6,221,556
6,222,126
6,223,197
6,224,125
6,225,310
6,226,126
6,227,215
6,228,119
6,229,208
6,230,135
6,231,194
6,232,127
6,233,207
6,234,132
6,235,1458
6,236,142
6,237,216
6,238,178
6,239,215
6,240,147
6,241,216
6,242,157
6,243,224
6,244,161
6,245,307
6,246,195
6,247,297
6,248,169
6,249,245
6,250,177
6,251,245
6,252,193
6,253,240
6,254,222
6,255,230
6,256,179
7,1,158
7,2,200
7,3,167
7,4,188
7,5,160
7,6,220
7,7,179
7,8,275
7,9,327
7,10,202
7,11,178
7,12,202
7,13,191
7,14,207
7,15,177
7,16,208
7,17,165
7,18,200
7,19,167
7,20,211
7,21,157
7,22,200
7,23,994
7,24,200
7,25,169
7,26,202
7,27,183
7,28,394
7,29,175
7,30,222
7,31,176
7,32,212
7,33,166
7,34,220
7,35,199
7,36,197
7,37,185
7,38,251
7,39,170
7,40,218
7,41,171
7,42,209
7,43,171
7,44,194
7,45,168
7,46,172
7,47,136
7,48,161
7,49,163
7,50,158
7,51,243
7,52,168
7,53,155
7,54,155
7,55,136
7,56,156
7,57,134
7,58,152
7,59,193
7,60,155
7,61,153
7,62,158
7,63,129
7,64,177
7,65,134
7,66,148
7,67,145
7,68,167
7,69,127
7,70,154
7,71,223
7,72,233
7,73,185
7,74,155
7,75,143
7,76,161
7,77,190
7,78,154
7,79,143
7,80,156
7,81,147
7,82,142
7,83,148
7,84,138
7,85,132
7,86,149
7,87,151
7,88,167
7,89,140
7,90,148
7,91,145
7,92,171
7,93,148
7,94,139
7,95,150
7,96,136
7,97,169
7,98,137
7,99,149
7,100,155
7,101,142
7,102,138
7,103,170
7,104,149
7,105,142
7,106,130
7,107,141
7,108,142
7,109,138
7,110,134
7,111,143
7,112,141
7,113,134
7,114,161
7,115,153
7,116,134
7,117,131
7,118,136
7,119,143
7,120,137
7,121,129
7,122,141
7,123,123
7,124,162
7,125,125
7,126,147
7,127,131
7,128,151
7,129,111
7,130,116
7,131,109
7,132,107
7,133,113
7,134,93
7,135,131
7,136,78
7,137,110
7,138,106
7,139,124
7,140,98
7,141,110
7,142,88
7,143,720
7,144,227
7,145,139
7,146,95
7,147,117
7,148,133
7,149,117
7,150,112
7,151,118
7,152,110
7,153,129
7,154,105
7,155,142
7,156,118
7,157,135
7,158,127
7,159,138
7,160,146
7,161,133
7,162,123
7,163,147
7,164,125
7,165,129
7,166,125
7,167,130
7,168,125
7,169,134
7,170,147
7,171,147
7,172,128
7,173,140
7,174,138
7,175,135
7,176,127
7,177,145
7,178,134
7,179,875
7,180,128
7,181,154
7,182,152
7,183,166
7,184,142
7,185,165
7,186,119
7,187,145
7,188,137
7,189,160
7,190,121
7,191,166
7,192,126
7,193,155
7,194,119
7,195,161
7,196,125
7,197,167
7,198,151
7,199,152
7,200,136
7,201,164
7,202,135
7,203,159
7,204,121
7,205,170
7,206,128
7,207,172
7,208,127
7,209,172
7,210,710
7,211,196
7,212,123
7,213,221
7,214,140
7,215,209
7,216,114
7,217,182
7,218,132
7,219,194
7,220,136
7,221,546
7,222,126
7,223,198
7,224,126
7,225,314
7,226,125
7,227,215
7,228,119
7,229,209
7,230,135
7,231,193
7,232,127
7,233,207
7,234,131
7,235,1460
7,236,143
7,237,216
7,238,182
7,239,214
7,240,148
7,241,215
7,242,157
7,243,224
7,244,162
7,245,305
7,246,199
7,247,296
7,248,168
7,249,244
7,250,177
7,251,244
7,252,193
7,253,241
7,254,221
7,255,230
7,256,179
8,1,158
8,2,200
8,3,167
8,4,188
8,5,160
8,6,220
8,7,179
8,8,275
8,9,327
8,10,202
8,11,178
8,12,202
8,13,191
8,14,207
8,15,177
8,16,208
8,17,165
8,18,200
8,19,167
8,20,211
8,21,157
8,22,200
8,23,994
8,24,200
8,25,169
8,26,202
8,27,183
8,28,394
8,29,175
8,30,222
8,31,176
8,32,212
8,33,166
8,34,220
8,35,199
8,36,197
8,37,185
8,38,251
8,39,170
8,40,218
8,41,171
8,42,209
8,43,171
8,44,194
8,45,168
8,46,172
8,47,136
8,48,161
8,49,163
8,50,158
8,51,243
8,52,168
8,53,155
8,54,155
8,55,136
8,56,156
8,57,134
8,58,152
8,59,193
8,60,155
8,61,153
8,62,158
8,63,129
8,64,177
8,65,134
8,66,148
8,67,145
8,68,167
8,69,127
8,70,154
8,71,223
8,72,233
8,73,185
8,74,155
8,75,143
8,76,161
8,77,190
8,78,154
8,79,143
8,80,156
8,81,147
8,82,142
8,83,148
8,84,138
8,85,132
8,86,149
8,87,151
8,88,167
8,89,140
8,90,148
8,91,145
8,92,171
8,93,148
8,94,139
8,95,150
8,96,136
8,97,169
8,98,137
8,99,149
8,100,155
8,101,142
8,102,138
8,103,170
8,104,149
8,105,142
8,106,130
8,107,141
8,108,142
8,109,138
8,110,134
8,111,143
8,112,141
8,113,134
8,114,161
8,115,153
8,116,134
8,117,131
8,118,136
8,119,143
8,120,137
8,121,129
8,122,141
8,123,123
8,124,162
8,125,125
8,126,147
8,127,131
8,128,151
8,129,111
8,130,116
8,131,109
8,132,107
8,133,113
8,134,93
8,135,131
8,136,78
8,137,110
8,138,106
8,139,124
8,140,98
8,141,110
8,142,88
8,143,720
8,144,227
8,145,139
8,146,95
8,147,117
8,148,133
8,149,117
8,150,112
8,151,118
8,152,110
8,153,129
8,154,105
8,155,142
8,156,118
8,157,135
8,158,127
8,159,138
8,160,146
8,161,133
8,162,123
8,163,147
8,164,125
8,165,129
8,166,125
8,167,130
8,168,125
8,169,134
8,170,147
8,171,147
8,172,128
8,173,140
8,174,138
8,175,135
8,176,127
8,177,145
8,178,134
8,179,875
8,180,128
8,181,154
8,182,152
8,183,166
8,184,142
8,185,165
8,186,119
8,187,145
8,188,137
8,189,160
8,190,121
8,191,166
8,192,126
8,193,155
8,194,119
8,195,161
8,196,125
8,197,167
8,198,151
8,199,152
8,200,136
8,201,164
8,202,135
8,203,159
8,204,121
8,205,170
8,206,128
8,207,172
8,208,127
8,209,172
8,210,710
8,211,196
8,212,123
8,213,221
8,214,140
8,215,209
8,216,114
8,217,182
8,218,132
8,219,194
8,220,136
8,221,546
8,222,126
8,223,198
8,224,126
8,225,314
8,226,125
8,227,215
8,228,119
8,229,209
8,230,135
8,231,193
8,232,127
8,233,207
8,234,131
8,235,1460
8,236,143
8,237,216
8,238,182
8,239,214
8,240,148
8,241,215
8,242,157
8,243,224
8,244,162
8,245,305
8,246,199
8,247,296
8,248,168
8,249,244
8,250,177
8,251,244
8,252,193
8,253,241
8,254,221
8,255,230
8,256,179
9,1,158
9,2,198
9,3,167
9,4,188
9,5,159
9,6,221
9,7,180
9,8,273
9,9,324
9,10,203
9,11,179
9,12,202
9,13,193
9,14,207
9,15,177
9,16,208
9,17,166
9,18,200
9,19,169
9,20,211
9,21,156
9,22,198
9,23,991
9,24,201
9,25,168
9,26,202
9,27,184
9,28,394
9,29,175
9,30,223
9,31,175
9,32,209
9,33,165
9,34,218
9,35,200
9,36,196
9,37,186
9,38,250
9,39,171
9,40,219
9,41,171
9,42,208
9,43,171
9,44,195
9,45,168
9,46,171
9,47,137
9,48,161
9,49,163
9,50,159
9,51,239
9,52,168
9,53,155
9,54,155
9,55,136
9,56,156
9,57,134
9,58,152
9,59,193
9,60,156
9,61,153
9,62,159
9,63,129
9,64,176
9,65,134
9,66,146
9,67,145
9,68,168
9,69,126
9,70,154
9,71,222
9,72,230
9,73,184
9,74,155
9,75,143
9,76,161
9,77,190
9,78,154
9,79,144
9,80,156
9,81,147
9,82,140
9,83,148
9,84,138
9,85,133
9,86,151
9,87,152
9,88,166
9,89,140
9,90,149
9,91,145
9,92,172
9,93,149
9,94,139
9,95,150
9,96,137
9,97,171
9,98,137
9,99,149
9,100,156
9,101,142
9,102,136
9,103,169
9,104,149
9,105,142
9,106,130
9,107,141
9,108,142
9,109,138
9,110,134
9,111,143
9,112,139
9,113,133
9,114,160
9,115,154
9,116,134
9,117,131
9,118,137
9,119,145
9,120,137
9,121,129
9,122,140
9,123,122
9,124,162
9,125,126
9,126,147
9,127,130
9,128,149
9,129,111
9,130,115
9,131,110
9,132,107
9,133,113
9,134,93
9,135,132
9,136,77
9,137,109
9,138,106
9,139,124
9,140,101
9,141,110
9,142,89
9,143,717
9,144,227
9,145,138
9,146,96
9,147,117
9,148,134
9,149,118
9,150,113
9,151,117
9,152,109
9,153,128
9,154,105
9,155,142
9,156,118
9,157,135
9,158,127
9,159,137
9,160,146
9,161,131
9,162,122
9,163,147
9,164,125
9,165,130
9,166,126
9,167,129
9,168,125
9,169,134
9,170,146
9,171,147
9,172,128
9,173,139
9,174,137
9,175,135
9,176,128
9,177,145
9,178,134
9,179,875
9,180,129
9,181,153
9,182,129
9,183,165
9,184,141
9,185,165
9,186,120
9,187,144
9,188,137
9,189,160
9,190,120
9,191,163
9,192,126
9,193,157
9,194,119
9,195,161
9,196,125
9,197,167
9,198,152
9,199,150
9,200,134
9,201,165
9,202,135
9,203,158
9,204,122
9,205,170
9,206,128
9,207,171
9,208,127
9,209,172
9,210,709
9,211,196
9,212,123
9,213,218
9,214,140
9,215,212
9,216,114
9,217,181
9,218,131
9,219,194
9,220,135
9,221,547
9,222,126
9,223,197
9,224,127
9,225,312
9,226,125
9,227,215
9,228,119
9,229,207
9,230,136
9,231,194
9,232,126
9,233,207
9,234,132
9,235,1459
9,236,143
9,237,214
9,238,178
9,239,214
9,240,147
9,241,216
9,242,157
9,243,225
9,244,161
9,245,305
9,246,201
9,247,292
9,248,169
9,249,244
9,250,177
9,251,244
9,252,193
9,253,242
9,254,226
9,255,229
9,256,180
10,1,158
10,2,198
10,3,167
10,4,188
10,5,159
10,6,221
10,7,180
10,8,273
10,9,324
10,10,203
10,11,179
10,12,202
10,13,193
10,14,207
10,15,177
10,16,208
10,17,166
10,18,200
10,19,169
10,20,211
10,21,156
10,22,198
10,23,991
10,24,201
10,25,168
10,26,202
10,27,184
10,28,394
10,29,175
10,30,223
10,31,175
10,32,209
10,33,165
10,34,218
10,35,200
10,36,196
10,37,186
10,38,250
10,39,171
10,40,219
10,41,171
10,42,208
10,43,171
10,44,195
10,45,168
10,46,171
10,47,137
10,48,161
10,49,163
10,50,159
10,51,239
10,52,168
10,53,155
10,54,155
10,55,136
10,56,156
10,57,134
10,58,152
10,59,193
10,60,156
10,61,153
10,62,159
10,63,129
10,64,176
10,65,134
10,66,146
10,67,145
10,68,168
10,69,126
10,70,154
10,71,222
10,72,230
10,73,184
10,74,155
10,75,143
10,76,161
10,77,190
10,78,154
10,79,144
10,80,156
10,81,147
10,82,140
10,83,148
10,84,138
10,85,133
10,86,151
10,87,152
10,88,166
10,89,140
10,90,149
10,91,145
10,92,172
10,93,149
10,94,139
10,95,150
10,96,137
10,97,171
10,98,137
10,99,149
10,100,156
10,101,142
10,102,136
10,103,169
10,104,149
10,105,142
10,106,130
10,107,141
10,108,142
10,109,138
10,110,134
10,111,143
10,112,139
10,113,133
10,114,160
10,115,154
10,116,134
10,117,131
10,118,137
10,119,145
10,120,137
10,121,129
10,122,140
10,123,122
10,124,162
10,125,126
10,126,147
10,127,130
10,128,149
10,129,111
10,130,115
10,131,110
10,132,107
10,133,113
10,134,93
10,135,132
10,136,77
10,137,109
10,138,106
10,139,124
10,140,101
10,141,110
10,142,89
10,143,717
10,144,227
10,145,138
10,146,96
10,147,117
10,148,134
10,149,118
10,150,113
10,151,117
10,152,109
10,153,128
10,154,105
10,155,142
10,156,118
10,157,135
10,158,127
10,159,137
10,160,146
10,161,131
10,162,122
10,163,147
10,164,125
10,165,130
10,166,126
10,167,129
10,168,125
10,169,134
10,170,146
10,171,147
10,172,128
10,173,139
10,174,137
10,175,135
10,176,128
10,177,145
10,178,134
10,179,875
10,180,129
10,181,153
10,182,129
10,183,165
10,184,141
10,185,165
10,186,120
10,187,144
10,188,137
10,189,160
10,190,120
10,191,163
10,192,126
10,193,157
10,194,119
10,195,161
10,196,125
10,197,167
10,198,152
10,199,150
10,200,134
10,201,165
10,202,135
10,203,158
10,204,122
10,205,170
10,206,128
10,207,171
10,208,127
10,209,172
10,210,709
10,211,196
10,212,123
10,213,218
10,214,140
10,215,212
10,216,114
10,217,181
10,218,131
10,219,194
10,220,135
10,221,547
10,222,126
10,223,197
10,224,127
10,225,312
10,226,125
10,227,215
10,228,119
10,229,207
10,230,136
10,231,194
10,232,126
10,233,207
10,234,132
10,235,1459
10,236,143
10,237,214
10,238,178
10,239,214
10,240,147
10,241,216
10,242,157
10,243,225
10,244,161
10,245,305
10,246,201
10,247,292
10,248,169
10,249,244
10,250,177
10,251,244
10,252,193
10,253,242
10,254,226
10,255,229
10,256,180
11,1,158
11,2,199
11,3,167
11,4,189
11,5,159
11,6,222
11,7,180
11,8,275
11,9,335
11,10,203
11,11,179
11,12,202
11,13,192
11,14,207
11,15,175
11,16,209
11,17,166
11,18,202
11,19,169
11,20,211
11,21,156
11,22,199
11,23,991
11,24,201
11,25,169
11,26,201
11,27,184
11,28,393
11,29,175
11,30,222
11,31,176
11,32,210
11,33,166
11,34,219
11,35,200
11,36,195
11,37,185
11,38,249
11,39,170
11,40,219
11,41,172
11,42,209
11,43,171
11,44,194
11,45,169
11,46,173
11,47,136
11,48,161
11,49,163
11,50,159
11,51,238
11,52,168
11,53,154
11,54,155
11,55,135
11,56,155
11,57,134
11,58,152
11,59,193
11,60,156
11,61,152
11,62,158
11,63,129
11,64,176
11,65,133
11,66,148
11,67,146
11,68,168
11,69,125
11,70,153
11,71,222
11,72,230
11,73,187
11,74,155
11,75,144
11,76,161
11,77,190
11,78,155
11,79,143
11,80,155
11,81,145
11,82,141
11,83,148
11,84,138
11,85,131
11,86,151
11,87,151
11,88,167
11,89,140
11,90,148
11,91,145
11,92,171
11,93,149
11,94,140
11,95,150
11,96,138
11,97,166
11,98,135
11,99,150
11,100,155
11,101,143
11,102,137
11,103,170
11,104,149
11,105,142
11,106,130
11,107,140
11,108,142
11,109,138
11,110,135
11,111,142
11,112,140
11,113,134
11,114,161
11,115,152
11,116,133
11,117,132
11,118,137
11,119,144
11,120,137
11,121,129
11,122,140
11,123,123
11,124,161
11,125,126
11,126,146
11,127,130
11,128,150
11,129,111
11,130,115
11,131,109
11,132,107
11,133,113
11,134,94
11,135,130
11,136,78
11,137,110
11,138,104
11,139,124
11,140,98
11,141,109
11,142,89
11,143,718
11,144,227
11,145,138
11,146,96
11,147,116
11,148,133
11,149,117
11,150,111
11,151,117
11,152,110
11,153,128
11,154,106
11,155,141
11,156,119
11,157,135
11,158,126
11,159,136
11,160,147
11,161,132
11,162,123
11,163,148
11,164,125
11,165,129
11,166,125
11,167,128
11,168,124
11,169,133
11,170,147
11,171,146
11,172,127
11,173,140
11,174,137
11,175,135
11,176,127
11,177,144
11,178,134
11,179,878
11,180,128
11,181,154
11,182,128
11,183,166
11,184,142
11,185,164
11,186,120
11,187,145
11,188,137
11,189,160
11,190,120
11,191,162
11,192,126
11,193,156
11,194,119
11,195,161
11,196,125
11,197,166
11,198,151
11,199,151
11,200,135
11,201,163
11,202,135
11,203,157
11,204,121
11,205,170
11,206,127
11,207,170
11,208,127
11,209,173
11,210,709
11,211,195
11,212,123
11,213,218
11,214,140
11,215,210
11,216,114
11,217,181
11,218,132
11,219,195
11,220,136
11,221,563
11,222,127
11,223,198
11,224,125
11,225,315
11,226,125
11,227,214
11,228,119
11,229,208
11,230,134
11,231,195
11,232,127
11,233,208
11,234,131
11,235,1460
11,236,144
11,237,215
11,238,177
11,239,214
11,240,149
11,241,216
11,242,156
11,243,224
11,244,162
11,245,307
11,246,197
11,247,296
11,248,169
11,249,243
11,250,177
11,251,244
11,252,194
11,253,240
11,254,224
11,255,229
11,256,180
12,1,158
12,2,199
12,3,167
12,4,189
12,5,159
12,6,222
12,7,180
12,8,275
12,9,335
12,10,203
12,11,179
12,12,202
12,13,192
12,14,207
12,15,175
12,16,209
12,17,166
12,18,202
12,19,169
12,20,211
12,21,156
12,22,199
12,23,991
12,24,201
12,25,169
12,26,201
12,27,184
12,28,393
12,29,175
12,30,222
12,31,176
12,32,210
12,33,166
12,34,219
12,35,200
12,36,195
12,37,185
12,38,249
12,39,170
12,40,219
12,41,172
12,42,209
12,43,171
12,44,194
12,45,169
12,46,173
12,47,136
12,48,161
12,49,163
12,50,159
12,51,238
12,52,168
12,53,154
12,54,155
12,55,135
12,56,155
12,57,134
12,58,152
12,59,193
12,60,156
12,61,152
12,62,158
12,63,129
12,64,176
12,65,133
12,66,148
12,67,146
12,68,168
12,69,125
12,70,153
12,71,222
12,72,230
12,73,187
12,74,155
12,75,144
12,76,161
12,77,190
12,78,155
12,79,143
12,80,155
12,81,145
12,82,141
12,83,148
12,84,138
12,85,131
12,86,151
12,87,151
12,88,167
12,89,140
12,90,148
12,91,145
12,92,171
12,93,149
12,94,140
12,95,150
12,96,138
12,97,166
12,98,135
12,99,150
12,100,155
12,101,143
12,102,137
12,103,170
12,104,149
12,105,142
12,106,130
12,107,140
12,108,142
12,109,138
12,110,135
12,111,142
12,112,140
12,113,134
12,114,161
12,115,152
12,116,133
12,117,132
12,118,137
12,119,144
12,120,137
12,121,129
12,122,140
12,123,123
12,124,161
12,125,126
12,126,146
12,127,130
12,128,150
12,129,111
12,130,115
12,131,109
12,132,107
12,133,113
12,134,94
12,135,130
12,136,78
12,137,110
12,138,104
12,139,124
12,140,98
12,141,109
12,142,89
12,143,718
12,144,227
12,145,138
12,146,96
12,147,116
12,148,133
12,149,117
12,150,111
12,151,117
12,152,110
12,153,128
12,154,106
12,155,141
12,156,119
12,157,135
12,158,126
12,159,136
12,160,147
12,161,132
12,162,123
12,163,148
12,164,125
12,165,129
12,166,125
12,167,128
12,168,124
12,169,133
12,170,147
12,171,146
12,172,127
12,173,140
12,174,137
12,175,135
12,176,127
12,177,144
12,178,134
12,179,878
12,180,128
12,181,154
12,182,128
12,183,166
12,184,142
12,185,164
12,186,120
12,187,145
12,188,137
12,189,160
12,190,120
12,191,162
12,192,126
12,193,156
12,194,119
12,195,161
12,196,125
12,197,166
12,198,151
12,199,151
12,200,135
12,201,163
12,202,135
12,203,157
12,204,121
12,205,170
12,206,127
12,207,170
12,208,127
12,209,173
12,210,709
12,211,195
12,212,123
12,213,218
12,214,140
12,215,210
12,216,114
12,217,181
12,218,132
12,219,195
12,220,136
12,221,563
12,222,127
12,223,198
12,224,125
12,225,315
12,226,125
12,227,214
12,228,119
12,229,208
12,230,134
12,231,195
12,232,127
12,233,208
12,234,131
12,235,1460
12,236,144
12,237,215
12,238,177
12,239,214
12,240,149
12,241,216
12,242,156
12,243,224
12,244,162
12,245,307
12,246,197
12,247,296
12,248,169
12,249,243
12,250,177
12,251,244
12,252,194
12,253,240
12,254,224
12,255,229
12,256,180
13,1,161
13,2,197
13,3,169
13,4,188
13,5,161
13,6,221
13,7,181
13,8,275
13,9,322
13,10,202
13,11,179
13,12,201
13,13,192
13,14,206
13,15,178
13,16,207
13,17,166
13,18,200
13,19,168
13,20,210
13,21,157
13,22,197
13,23,986
13,24,199
13,25,169
13,26,201
13,27,184
13,28,393
13,29,175
13,30,222
13,31,176
13,32,210
13,33,167
13,34,219
13,35,200
13,36,196
13,37,186
13,38,251
13,39,170
13,40,219
13,41,173
13,42,210
13,43,172
13,44,195
13,45,168
13,46,172
13,47,136
13,48,160
13,49,163
13,50,157
13,51,240
13,52,167
13,53,155
13,54,155
13,55,137
13,56,155
13,57,135
13,58,151
13,59,193
13,60,154
13,61,153
13,62,157
13,63,129
13,64,176
13,65,134
13,66,147
13,67,145
13,68,167
13,69,126
13,70,153
13,71,222
13,72,229
13,73,186
13,74,154
13,75,143
13,76,160
13,77,190
13,78,154
13,79,144
13,80,155
13,81,148
13,82,141
13,83,149
13,84,138
13,85,132
13,86,150
13,87,153
13,88,167
13,89,141
13,90,147
13,91,145
13,92,172
13,93,150
13,94,139
13,95,151
13,96,136
13,97,167
13,98,137
13,99,149
13,100,155
13,101,144
13,102,135
13,103,169
13,104,149
13,105,142
13,106,129
13,107,140
13,108,141
13,109,137
13,110,133
13,111,144
13,112,140
13,113,135
13,114,161
13,115,153
13,116,134
13,117,131
13,118,137
13,119,145
13,120,137
13,121,130
13,122,139
13,123,124
13,124,160
13,125,126
13,126,146
13,127,130
13,128,150
13,129,112
13,130,115
13,131,110
13,132,107
13,133,114
13,134,93
13,135,133
13,136,77
13,137,110
13,138,105
13,139,123
13,140,98
13,141,110
13,142,88
13,143,720
13,144,226
13,145,138
13,146,96
13,147,118
13,148,133
13,149,117
13,150,112
13,151,118
13,152,109
13,153,128
13,154,105
13,155,142
13,156,118
13,157,136
13,158,126
13,159,138
13,160,144
13,161,133
13,162,123
13,163,147
13,164,124
13,165,128
13,166,126
13,167,129
13,168,125
13,169,134
13,170,146
13,171,147
13,172,129
13,173,140
13,174,137
13,175,136
13,176,128
13,177,146
13,178,134
13,179,877
13,180,127
13,181,154
13,182,127
13,183,166
13,184,140
13,185,165
13,186,119
13,187,146
13,188,138
13,189,161
13,190,121
13,191,162
13,192,126
13,193,158
13,194,118
13,195,161
13,196,125
13,197,167
13,198,150
13,199,152
13,200,135
13,201,165
13,202,134
13,203,159
13,204,122
13,205,171
13,206,127
13,207,171
13,208,127
13,209,174
13,210,709
13,211,197
13,212,123
13,213,219
13,214,141
13,215,213
13,216,113
13,217,182
13,218,132
13,219,194
13,220,136
13,221,536
13,222,126
13,223,197
13,224,125
13,225,317
13,226,125
13,227,215
13,228,119
13,229,209
13,230,135
13,231,194
13,232,126
13,233,207
13,234,131
13,235,1457
13,236,143
13,237,217
13,238,177
13,239,215
13,240,147
13,241,218
13,242,156
13,243,225
13,244,163
13,245,306
13,246,197
13,247,294
13,248,168
13,249,242
13,250,177
13,251,245
13,252,193
13,253,242
13,254,223
13,255,230
13,256,179
14,1,161
14,2,197
14,3,169
14,4,188
14,5,161
14,6,221
14,7,181
14,8,275
14,9,322
14,10,202
14,11,179
14,12,201
14,13,192
14,14,206
14,15,178
14,16,207
14,17,166
14,18,200
14,19,168
14,20,210
14,21,157
14,22,197
14,23,986
14,24,199
14,25,169
14,26,201
14,27,184
14,28,393
14,29,175
14,30,222
14,31,176
14,32,210
14,33,167
14,34,219
14,35,200
14,36,196
14,37,186
14,38,251
14,39,170
14,40,219
14,41,173
14,42,210
14,43,172
14,44,195
14,45,168
14,46,172
14,47,136
14,48,160
14,49,163
14,50,157
14,51,240
14,52,167
14,53,155
14,54,155
14,55,137
14,56,155
14,57,135
14,58,151
14,59,193
14,60,154
14,61,153
14,62,157
14,63,129
14,64,176
14,65,134
14,66,147
14,67,145
14,68,167
14,69,126
14,70,153
14,71,222
14,72,229
14,73,186
14,74,154
14,75,143
14,76,160
14,77,190
14,78,154
14,79,144
14,80,155
14,81,148
14,82,141
14,83,149
14,84,138
14,85,132
14,86,150
14,87,153
14,88,167
14,89,141
14,90,147
14,91,145
14,92,172
14,93,150
14,94,139
14,95,151
14,96,136
14,97,167
14,98,137
14,99,149
14,100,155
14,101,144
14,102,135
14,103,169
14,104,149
14,105,142
14,106,129
14,107,140
14,108,141
14,109,137
14,110,133
14,111,144
14,112,140
14,113,135
14,114,161
14,115,153
14,116,134
14,117,131
14,118,137
14,119,145
14,120,137
14,121,130
14,122,139
14,123,124
14,124,160
14,125,126
14,126,146
14,127,130
14,128,150
14,129,112
14,130,115
14,131,110
14,132,107
14,133,114
14,134,93
14,135,133
14,136,77
14,137,110
14,138,105
14,139,123
14,140,98
14,141,110
14,142,88
14,143,720
14,144,226
14,145,138
14,146,96
14,147,118
14,148,133
14,149,117
14,150,112
14,151,118
14,152,109
14,153,128
14,154,105
14,155,142
14,156,118
14,157,136
14,158,126
14,159,138
14,160,144
14,161,133
14,162,123
14,163,147
14,164,124
14,165,128
14,166,126
14,167,129
14,168,125
14,169,134
14,170,146
14,171,147
14,172,129
14,173,140
14,174,137
14,175,136
14,176,128
14,177,146
14,178,134
14,179,877
14,180,127
14,181,154
14,182,127
14,183,166
14,184,140
14,185,165
14,186,119
14,187,146
14,188,138
14,189,161
14,190,121
14,191,162
14,192,126
14,193,158
14,194,118
14,195,161
14,196,125
14,197,167
14,198,150
14,199,152
14,200,135
14,201,165
14,202,134
14,203,159
14,204,122
14,205,171
14,206,127
14,207,171
14,208,127
14,209,174
14,210,709
14,211,197
14,212,123
14,213,219
14,214,141
14,215,213
14,216,113
14,217,182
14,218,132
14,219,194
14,220,136
14,221,536
14,222,126
14,223,197
14,224,125
14,225,317
14,226,125
14,227,215
14,228,119
14,229,209
14,230,135
14,231,194
14,232,126
14,233,207
14,234,131
14,235,1457
14,236,143
14,237,217
14,238,177
14,239,215
14,240,147
14,241,218
14,242,156
14,243,225
14,244,163
14,245,306
14,246,197
14,247,294
14,248,168
14,249,242
14,250,177
14,251,245
14,252,193
14,253,242
14,254,223
14,255,230
14,256,179
15,1,159
15,2,199
15,3,167
15,4,189
15,5,159
15,6,221
15,7,179
15,8,275
15,9,335
15,10,204
15,11,179
15,12,203
15,13,191
15,14,207
15,15,178
15,16,209
15,17,166
15,18,200
15,19,167
15,20,212
15,21,157
15,22,199
15,23,985
15,24,201
15,25,169
15,26,201
15,27,182
15,28,393
15,29,175
15,30,222
15,31,176
15,32,211
15,33,166
15,34,220
15,35,199
15,36,196
15,37,185
15,38,250
15,39,170
15,40,220
15,41,173
15,42,210
15,43,172
15,44,195
15,45,168
15,46,174
15,47,137
15,48,161
15,49,162
15,50,158
15,51,245
15,52,169
15,53,154
15,54,156
15,55,135
15,56,156
15,57,135
15,58,153
15,59,193
15,60,155
15,61,153
15,62,159
15,63,129
15,64,177
15,65,135
15,66,148
15,67,146
15,68,168
15,69,127
15,70,154
15,71,222
15,72,234
15,73,186
15,74,154
15,75,143
15,76,161
15,77,189
15,78,155
15,79,143
15,80,155
15,81,148
15,82,140
15,83,148
15,84,136
15,85,132
15,86,150
15,87,153
15,88,167
15,89,141
15,90,148
15,91,146
15,92,170
15,93,148
15,94,139
15,95,151
15,96,136
15,97,168
15,98,137
15,99,149
15,100,156
15,101,142
15,102,137
15,103,169
15,104,149
15,105,142
15,106,129
15,107,141
15,108,143
15,109,140
15,110,135
15,111,144
15,112,140
15,113,134
15,114,162
15,115,153
15,116,134
15,117,132
15,118,138
15,119,145
15,120,137
15,121,130
15,122,140
15,123,123
15,124,161
15,125,125
15,126,146
15,127,129
15,128,149
15,129,111
15,130,115
15,131,109
15,132,107
15,133,113
15,134,93
15,135,129
15,136,79
15,137,110
15,138,106
15,139,124
15,140,99
15,141,109
15,142,89
15,143,717
15,144,227
15,145,138
15,146,96
15,147,117
15,148,135
15,149,117
15,150,112
15,151,117
15,152,110
15,153,128
15,154,106
15,155,142
15,156,118
15,157,136
15,158,126
15,159,138
15,160,146
15,161,134
15,162,123
15,163,148
15,164,125
15,165,130
15,166,126
15,167,129
15,168,125
15,169,133
15,170,146
15,171,147
15,172,128
15,173,141
15,174,137
15,175,136
15,176,128
15,177,145
15,178,134
15,179,878
15,180,129
15,181,155
15,182,129
15,183,165
15,184,141
15,185,165
15,186,120
15,187,145
15,188,135
15,189,161
15,190,121
15,191,163
15,192,126
15,193,156
15,194,119
15,195,161
15,196,125
15,197,167
15,198,151
15,199,151
15,200,135
15,201,165
15,202,135
15,203,159
15,204,122
15,205,172
15,206,129
15,207,171
15,208,128
15,209,173
15,210,710
15,211,197
15,212,123
15,213,220
15,214,141
15,215,213
15,216,114
15,217,181
15,218,133
15,219,194
15,220,134
15,221,551
15,222,125
15,223,198
15,224,126
15,225,310
15,226,126
15,227,215
15,228,119
15,229,208
15,230,134
15,231,194
15,232,127
15,233,209
15,234,133
15,235,1454
15,236,143
15,237,216
15,238,177
15,239,215
15,240,148
15,241,215
15,242,158
15,243,225
15,244,162
15,245,305
15,246,196
15,247,296
15,248,170
15,249,245
15,250,177
15,251,245
15,252,194
15,253,241
15,254,225
15,255,229
15,256,179
16,1,159
16,2,199
16,3,167
16,4,189
16,5,159
16,6,221
16,7,179
16,8,275
16,9,335
16,10,204
16,11,179
16,12,203
16,13,191
16,14,207
16,15,178
16,16,209
16,17,166
16,18,200
16,19,167
16,20,212
16,21,157
16,22,199
16,23,985
16,24,201
16,25,169
16,26,201
16,27,182
16,28,393
16,29,175
16,30,222
16,31,176
16,32,211
16,33,166
16,34,220
16,35,199
16,36,196
16,37,185
16,38,250
16,39,170
16,40,220
16,41,173
16,42,210
16,43,172
16,44,195
16,45,168
16,46,174
16,47,137
16,48,161
16,49,162
16,50,158
16,51,245
16,52,169
16,53,154
16,54,156
16,55,135
16,56,156
16,57,135
16,58,153
16,59,193
16,60,155
16,61,153
16,62,159
16,63,129
16,64,177
16,65,135
16,66,148
16,67,146
16,68,168
16,69,127
16,70,154
16,71,222
16,72,234
16,73,186
16,74,154
16,75,143
16,76,161
16,77,189
16,78,155
16,79,143
16,80,155
16,81,148
16,82,140
16,83,148
16,84,136
16,85,132
16,86,150
16,87,153
16,88,167
16,89,141
16,90,148
16,91,146
16,92,170
16,93,148
16,94,139
16,95,151
16,96,136
16,97,168
16,98,137
16,99,149
16,100,156
16,101,142
16,102,137
16,103,169
16,104,149
16,105,142
16,106,129
16,107,141
16,108,143
16,109,140
16,110,135
16,111,144
16,112,140
16,113,134
16,114,162
16,115,153
16,116,134
16,117,132
16,118,138
16,119,145
16,120,137
16,121,130
16,122,140
16,123,123
16,124,161
16,125,125
16,126,146
16,127,129
16,128,149
16,129,111
16,130,115
16,131,109
16,132,107
16,133,113
16,134,93
16,135,129
16,136,79
16,137,110
16,138,106
16,139,124
16,140,99
16,141,109
16,142,89
16,143,717
16,144,227
16,145,138
16,146,96
16,147,117
16,148,135
16,149,117
16,150,112
16,151,117
16,152,110
16,153,128
16,154,106
16,155,142
16,156,118
16,157,136
16,158,126
16,159,138
16,160,146
16,161,134
16,162,123
16,163,148
16,164,125
16,165,130
16,166,126
16,167,129
16,168,125
16,169,133
16,170,146
16,171,147
16,172,128
16,173,141
16,174,137
16,175,136
16,176,128
16,177,145
16,178,134
16,179,878
16,180,129
16,181,155
16,182,129
16,183,165
16,184,141
16,185,165
16,186,120
16,187,145
16,188,135
16,189,161
16,190,121
16,191,163
16,192,126
16,193,156
16,194,119
16,195,161
16,196,125
16,197,167
16,198,151
16,199,151
16,200,135
16,201,165
16,202,135
16,203,159
16,204,122
16,205,172
16,206,129
16,207,171
16,208,128
16,209,173
16,210,710
16,211,197
16,212,123
16,213,220
16,214,141
16,215,213
16,216,114
16,217,181
16,218,133
16,219,194
16,220,134
16,221,551
16,222,125
16,223,198
16,224,126
16,225,310
16,226,126
16,227,215
16,228,119
16,229,208
16,230,134
16,231,194
16,232,127
16,233,209
16,234,133
16,235,1454
16,236,143
16,237,216
16,238,177
16,239,215
16,240,148
16,241,215
16,242,158
16,243,225
16,244,162
16,245,305
16,246,196
16,247,296
16,248,170
16,249,245
16,250,177
16,251,245
16,252,194
16,253,241
16,254,225
16,255,229
16,256,179
17,1,160
17,2,197
17,3,169
17,4,187
17,5,160
17,6,220
17,7,179
17,8,275
17,9,321
17,10,201
17,11,178
17,12,201
17,13,192
17,14,206
17,15,177
17,16,207
17,17,166
17,18,199
17,19,168
17,20,210
17,21,157
17,22,199
17,23,987
17,24,200
17,25,169
17,26,200
17,27,182
17,28,392
17,29,174
17,30,222
17,31,176
17,32,210
17,33,166
17,34,218
17,35,199
17,36,195
17,37,186
17,38,251
17,39,170
17,40,219
17,41,171
17,42,207
17,43,171
17,44,193
17,45,169
17,46,171
17,47,137
17,48,161
17,49,163
17,50,157
17,51,240
17,52,167
17,53,155
17,54,155
17,55,136
17,56,155
17,57,135
17,58,151
17,59,193
17,60,155
17,61,152
17,62,158
17,63,128
17,64,176
17,65,134
17,66,146
17,67,146
17,68,166
17,69,127
17,70,153
17,71,223
17,72,233
17,73,182
17,74,154
17,75,143
17,76,160
17,77,191
17,78,155
17,79,144
17,80,155
17,81,147
17,82,139
17,83,149
17,84,137
17,85,133
17,86,150
17,87,153
17,88,167
17,89,141
17,90,148
17,91,146
17,92,170
17,93,149
17,94,139
17,95,151
17,96,136
17,97,168
17,98,136
17,99,149
17,100,156
17,101,142
17,102,136
17,103,169
17,104,147
17,105,142
17,106,130
17,107,142
17,108,142
17,109,139
17,110,134
17,111,144
17,112,139
17,113,133
17,114,161
17,115,153
17,116,133
17,117,132
17,118,137
17,119,145
17,120,137
17,121,130
17,122,139
17,123,123
17,124,161
17,125,126
17,126,146
17,127,130
17,128,149
17,129,111
17,130,114
17,131,109
17,132,105
17,133,113
17,134,93
17,135,129
17,136,77
17,137,109
17,138,105
17,139,123
17,140,98
17,141,110
17,142,88
17,143,717
17,144,227
17,145,139
17,146,95
17,147,117
17,148,132
17,149,117
17,150,111
17,151,118
17,152,110
17,153,130
17,154,106
17,155,142
17,156,118
17,157,136
17,158,125
17,159,137
17,160,145
17,161,133
17,162,121
17,163,148
17,164,124
17,165,129
17,166,125
17,167,129
17,168,125
17,169,134
17,170,146
17,171,147
17,172,127
17,173,139
17,174,137
17,175,136
17,176,127
17,177,144
17,178,132
17,179,876
17,180,128
17,181,155
17,182,128
17,183,166
17,184,141
17,185,165
17,186,120
17,187,145
17,188,136
17,189,161
17,190,120
17,191,163
17,192,126
17,193,156
17,194,118
17,195,160
17,196,126
17,197,166
17,198,152
17,199,151
17,200,135
17,201,165
17,202,134
17,203,157
17,204,121
17,205,171
17,206,127
17,207,170
17,208,128
17,209,173
17,210,707
17,211,197
17,212,123
17,213,218
17,214,140
17,215,213
17,216,113
17,217,181
17,218,131
17,219,194
17,220,134
17,221,545
17,222,125
17,223,198
17,224,125
17,225,312
17,226,124
17,227,219
17,228,119
17,229,209
17,230,134
17,231,194
17,232,126
17,233,208
17,234,131
17,235,1455
17,236,143
17,237,216
17,238,176
17,239,215
17,240,149
17,241,215
17,242,156
17,243,226
17,244,162
17,245,307
17,246,199
17,247,298
17,248,168
17,249,244
17,250,177
17,251,244
17,252,194
17,253,241
17,254,221
17,255,229
17,256,179
18,1,160
18,2,197
18,3,169
18,4,187
18,5,160
18,6,220
18,7,179
18,8,275
18,9,321
18,10,201
18,11,178
18,12,201
18,13,192
18,14,206
18,15,177
18,16,207
18,17,166
18,18,199
18,19,168
18,20,210
18,21,157
18,22,199
18,23,987
18,24,200
18,25,169
18,26,200
18,27,182
18,28,392
18,29,174
18,30,222
18,31,176
18,32,210
18,33,166
18,34,218
18,35,199
18,36,195
18,37,186
18,38,251
18,39,170
18,40,219
18,41,171
18,42,207
18,43,171
18,44,193
18,45,169
18,46,171
18,47,137
18,48,161
18,49,163
18,50,157
18,51,240
18,52,167
18,53,155
18,54,155
18,55,136
18,56,155
18,57,135
18,58,151
18,59,193
18,60,155
18,61,152
18,62,158
18,63,128
18,64,176
18,65,134
18,66,146
18,67,146
18,68,166
18,69,127
18,70,153
18,71,223
18,72,233
18,73,182
18,74,154
18,75,143
18,76,160
18,77,191
18,78,155
18,79,144
18,80,155
18,81,147
18,82,139
18,83,149
18,84,137
18,85,133
18,86,150
18,87,153
18,88,167
18,89,141
18,90,148
18,91,146
18,92,170
18,93,149
18,94,139
18,95,151
18,96,136
18,97,168
18,98,136
18,99,149
18,100,156
18,101,142
18,102,136
18,103,169
18,104,147
18,105,142
18,106,130
18,107,142
18,108,142
18,109,139
18,110,134
18,111,144
18,112,139
18,113,133
18,114,161
18,115,153
18,116,133
18,117,132
18,118,137
18,119,145
18,120,137
18,121,130
18,122,139
18,123,123
18,124,161
18,125,126
18,126,146
18,127,130
18,128,149
18,129,111
18,130,114
18,131,109
18,132,105
18,133,113
18,134,93
18,135,129
18,136,77
18,137,109
18,138,105
18,139,123
18,140,98
18,141,110
18,142,88
18,143,717
18,144,227
18,145,139
18,146,95
18,147,117
18,148,132
18,149,117
18,150,111
18,151,118
18,152,110
18,153,130
18,154,106
18,155,142
18,156,118
18,157,136
18,158,125
18,159,137
18,160,145
18,161,133
18,162,121
18,163,148
18,164,124
18,165,129
18,166,125
18,167,129
18,168,125
18,169,134
18,170,146
18,171,147
18,172,127
18,173,139
18,174,137
18,175,136
18,176,127
18,177,144
18,178,132
18,179,876
18,180,128
18,181,155
18,182,128
18,183,166
18,184,141
18,185,165
18,186,120
18,187,145
18,188,136
18,189,161
18,190,120
18,191,163
18,192,126
18,193,156
18,194,118
18,195,160
18,196,126
18,197,166
18,198,152
18,199,151
18,200,135
18,201,165
18,202,134
18,203,157
18,204,121
18,205,171
18,206,127
18,207,170
18,208,128
18,209,173
18,210,707
18,211,197
18,212,123
18,213,218
18,214,140
18,215,213
18,216,113
18,217,181
18,218,131
18,219,194
18,220,134
18,221,545
18,222,125
18,223,198
18,224,125
18,225,312
18,226,124
18,227,219
18,228,119
18,229,209
18,230,134
18,231,194
18,232,126
18,233,208
18,234,131
18,235,1455
18,236,143
18,237,216
18,238,176
18,239,215
18,240,149
18,241,215
18,242,156
18,243,226
18,244,162
18,245,307
18,246,199
18,247,298
18,248,168
18,249,244
18,250,177
18,251,244
18,252,194
18,253,241
18,254,221
18,255,229
18,256,179
19,1,158
19,2,198
19,3,168
19,4,187
19,5,160
19,6,219
19,7,181
19,8,275
19,9,322
19,10,203
19,11,179
19,12,202
19,13,193
19,14,206
19,15,178
19,16,207
19,17,167
19,18,202
19,19,168
19,20,210
19,21,158
19,22,199
19,23,987
19,24,201
19,25,170
19,26,202
19,27,184
19,28,392
19,29,176
19,30,222
19,31,176
19,32,211
19,33,166
19,34,219
19,35,199
19,36,196
19,37,186
19,38,248
19,39,170
19,40,218
19,41,174
19,42,210
19,43,172
19,44,195
19,45,170
19,46,173
19,47,137
19,48,161
19,49,165
19,50,158
19,51,242
19,52,168
19,53,155
19,54,155
19,55,138
19,56,155
19,57,136
19,58,151
19,59,195
19,60,153
19,61,153
19,62,158
19,63,130
19,64,175
19,65,135
19,66,147
19,67,145
19,68,167
19,69,128
19,70,154
19,71,223
19,72,235
19,73,187
19,74,155
19,75,145
19,76,160
19,77,192
19,78,154
19,79,144
19,80,155
19,81,147
19,82,140
19,83,150
19,84,138
19,85,134
19,86,150
19,87,153
19,88,167
19,89,141
19,90,148
19,91,145
19,92,172
19,93,151
19,94,139
19,95,152
19,96,136
19,97,168
19,98,136
19,99,150
19,100,155
19,101,143
19,102,136
19,103,170
19,104,148
19,105,143
19,106,129
19,107,142
19,108,142
19,109,139
19,110,134
19,111,144
19,112,140
19,113,135
19,114,161
19,115,154
19,116,134
19,117,132
19,118,136
19,119,146
19,120,136
19,121,130
19,122,140
19,123,124
19,124,161
19,125,125
19,126,145
19,127,132
19,128,150
19,129,113
19,130,115
19,131,111
19,132,107
19,133,115
19,134,93
19,135,132
19,136,78
19,137,109
19,138,105
19,139,124
19,140,98
19,141,111
19,142,88
19,143,718
19,144,227
19,145,140
19,146,95
19,147,117
19,148,132
19,149,119
19,150,112
19,151,119
19,152,110
19,153,129
19,154,106
19,155,143
19,156,118
19,157,138
19,158,126
19,159,139
19,160,144
19,161,135
19,162,122
19,163,149
19,164,124
19,165,129
19,166,125
19,167,129
19,168,125
19,169,135
19,170,145
19,171,148
19,172,127
19,173,140
19,174,137
19,175,136
19,176,126
19,177,146
19,178,133
19,179,877
19,180,127
19,181,154
19,182,130
19,183,166
19,184,141
19,185,166
19,186,119
19,187,147
19,188,137
19,189,162
19,190,120
19,191,164
19,192,126
19,193,156
19,194,118
19,195,161
19,196,125
19,197,168
19,198,150
19,199,152
19,200,135
19,201,165
19,202,133
19,203,158
19,204,122
19,205,171
19,206,127
19,207,172
19,208,127
19,209,174
19,210,710
19,211,197
19,212,122
19,213,219
19,214,140
19,215,213
19,216,113
19,217,182
19,218,131
19,219,195
19,220,135
19,221,556
19,222,127
19,223,198
19,224,125
19,225,314
19,226,125
19,227,219
19,228,120
19,229,209
19,230,134
19,231,195
19,232,127
19,233,209
19,234,131
19,235,1458
19,236,143
19,237,218
19,238,177
19,239,215
19,240,148
19,241,217
19,242,157
19,243,226
19,244,161
19,245,306
19,246,195
19,247,298
19,248,168
19,249,247
19,250,177
19,251,245
19,252,193
19,253,242
19,254,219
19,255,230
19,256,180
20,1,158
20,2,198
20,3,168
20,4,187
20,5,160
20,6,219
20,7,181
20,8,275
20,9,322
20,10,203
20,11,179
20,12,202
20,13,193
20,14,206
20,15,178
20,16,207
20,17,167
20,18,202
20,19,168
20,20,210
20,21,158
20,22,199
20,23,987
20,24,201
20,25,170
20,26,202
20,27,184
20,28,392
20,29,176
20,30,222
20,31,176
20,32,211
20,33,166
20,34,219
20,35,199
20,36,196
20,37,186
20,38,248
20,39,170
20,40,218
20,41,174
20,42,210
20,43,172
20,44,195
20,45,170
20,46,173
20,47,137
20,48,161
20,49,165
20,50,158
20,51,242
20,52,168
20,53,155
20,54,155
20,55,138
20,56,155
20,57,136
20,58,151
20,59,195
20,60,153
20,61,153
20,62,158
20,63,130
20,64,175
20,65,135
20,66,147
20,67,145
20,68,167
20,69,128
20,70,154
20,71,223
20,72,235
20,73,187
20,74,155
20,75,145
20,76,160
20,77,192
20,78,154
20,79,144
20,80,155
20,81,147
20,82,140
20,83,150
20,84,138
20,85,134
20,86,150
20,87,153
20,88,167
20,89,141
20,90,148
20,91,145
20,92,172
20,93,151
20,94,139
20,95,152
20,96,136
20,97,168
20,98,136
20,99,150
20,100,155
20,101,143
20,102,136
20,103,170
20,104,148
20,105,143
20,106,129
20,107,142
20,108,142
20,109,139
20,110,134
20,111,144
20,112,140
20,113,135
20,114,161
20,115,154
20,116,134
20,117,132
20,118,136
20,119,146
20,120,136
20,121,130
20,122,140
20,123,124
20,124,161
20,125,125
20,126,145
20,127,132
20,128,150
20,129,113
20,130,115
20,131,111
20,132,107
20,133,115
20,134,93
20,135,132
20,136,78
20,137,109
20,138,105
20,139,124
20,140,98
20,141,111
20,142,88
20,143,718
20,144,227
20,145,140
20,146,95
20,147,117
20,148,132
20,149,119
20,150,112
20,151,119
20,152,110
20,153,129
20,154,106
20,155,143
20,156,118
20,157,138
20,158,126
20,159,139
20,160,144
20,161,135
20,162,122
20,163,149
20,164,124
20,165,129
20,166,125
20,167,129
20,168,125
20,169,135
20,170,145
20,171,148
20,172,127
20,173,140
20,174,137
20,175,136
20,176,126
20,177,146
20,178,133
20,179,877
20,180,127
20,181,154
20,182,130
20,183,166
20,184,141
20,185,166
20,186,119
20,187,147
20,188,137
20,189,162
20,190,120
20,191,164
20,192,126
20,193,156
20,194,118
20,195,161
20,196,125
20,197,168
20,198,150
20,199,152
20,200,135
20,201,165
20,202,133
20,203,158
20,204,122
20,205,171
20,206,127
20,207,172
20,208,127
20,209,174
20,210,710
20,211,197
20,212,122
20,213,219
20,214,140
20,215,213
20,216,113
20,217,182
20,218,131
20,219,195
20,220,135
20,221,556
20,222,127
20,223,198
20,224,125
20,225,314
20,226,125
20,227,219
20,228,120
20,229,209
20,230,134
20,231,195
20,232,127
20,233,209
20,234,131
20,235,1458
20,236,143
20,237,218
20,238,177
20,239,215
20,240,148
20,241,217
20,242,157
20,243,226
20,244,161
20,245,306
20,246,195
20,247,298
20,248,168
20,249,247
20,250,177
20,251,245
20,252,193
20,253,242
20,254,219
20,255,230
20,256,180
21,1,158
21,2,200
21,3,168
21,4,188
21,5,159
21,6,222
21,7,180
21,8,276
21,9,332
21,10,202
21,11,178
21,12,202
21,13,193
21,14,207
21,15,178
21,16,210
21,17,166
21,18,201
21,19,168
21,20,211
21,21,157
21,22,199
21,23,986
21,24,200
21,25,170
21,26,202
21,27,183
21,28,415
21,29,177
21,30,221
21,31,175
21,32,211
21,33,167
21,34,220
21,35,200
21,36,198
21,37,185
21,38,251
21,39,171
21,40,220
21,41,171
21,42,210
21,43,171
21,44,195
21,45,170
21,46,172
21,47,137
21,48,162
21,49,164
21,50,158
21,51,241
21,52,167
21,53,156
21,54,157
21,55,136
21,56,156
21,57,134
21,58,152
21,59,193
21,60,155
21,61,153
21,62,158
21,63,128
21,64,177
21,65,134
21,66,148
21,67,145
21,68,168
21,69,128
21,70,155
21,71,223
21,72,235
21,73,185
21,74,155
21,75,143
21,76,160
21,77,189
21,78,156
21,79,143
21,80,157
21,81,147
21,82,141
21,83,149
21,84,139
21,85,133
21,86,150
21,87,153
21,88,167
21,89,141
21,90,149
21,91,145
21,92,172
21,93,150
21,94,139
21,95,151
21,96,136
21,97,167
21,98,138
21,99,149
21,100,158
21,101,143
21,102,138
21,103,170
21,104,150
21,105,142
21,106,131
21,107,141
21,108,143
21,109,140
21,110,135
21,111,143
21,112,141
21,113,134
21,114,162
21,115,153
21,116,135
21,117,132
21,118,138
21,119,146
21,120,138
21,121,130
21,122,140
21,123,123
21,124,162
21,125,125
21,126,146
21,127,131
21,128,151
21,129,111
21,130,117
21,131,109
21,132,108
21,133,113
21,134,93
21,135,131
21,136,78
21,137,109
21,138,106
21,139,124
21,140,99
21,141,111
21,142,89
21,143,717
21,144,227
21,145,140
21,146,97
21,147,117
21,148,133
21,149,118
21,150,113
21,151,118
21,152,110
21,153,129
21,154,106
21,155,142
21,156,119
21,157,137
21,158,127
21,159,138
21,160,147
21,161,133
21,162,124
21,163,146
21,164,124
21,165,128
21,166,126
21,167,129
21,168,126
21,169,134
21,170,147
21,171,148
21,172,129
21,173,139
21,174,138
21,175,136
21,176,128
21,177,146
21,178,134
21,179,877
21,180,129
21,181,154
21,182,130
21,183,165
21,184,141
21,185,165
21,186,120
21,187,146
21,188,138
21,189,161
21,190,120
21,191,163
21,192,127
21,193,156
21,194,120
21,195,161
21,196,125
21,197,167
21,198,150
21,199,153
21,200,136
21,201,164
21,202,135
21,203,158
21,204,122
21,205,172
21,206,129
21,207,170
21,208,127
21,209,173
21,210,709
21,211,196
21,212,123
21,213,217
21,214,141
21,215,211
21,216,115
21,217,182
21,218,133
21,219,194
21,220,135
21,221,558
21,222,125
21,223,195
21,224,126
21,225,311
21,226,127
21,227,219
21,228,119
21,229,208
21,230,136
21,231,195
21,232,128
21,233,208
21,234,132
21,235,1458
21,236,146
21,237,216
21,238,178
21,239,213
21,240,149
21,241,216
21,242,159
21,243,225
21,244,163
21,245,308
21,246,196
21,247,296
21,248,169
21,249,244
21,250,178
21,251,245
21,252,193
21,253,242
21,254,223
21,255,229
21,256,180
22,1,158
22,2,200
22,3,168
22,4,188
22,5,159
22,6,222
22,7,180
22,8,276
22,9,332
22,10,202
22,11,178
22,12,202
22,13,193
22,14,207
22,15,178
22,16,210
22,17,166
22,18,201
22,19,168
22,20,211
22,21,157
22,22,199
22,23,986
22,24,200
22,25,170
22,26,202
22,27,183
22,28,415
22,29,177
22,30,221
22,31,175
22,32,211
22,33,167
22,34,220
22,35,200
22,36,198
22,37,185
22,38,251
22,39,171
22,40,220
22,41,171
22,42,210
22,43,171
22,44,195
22,45,170
22,46,172
22,47,137
22,48,162
22,49,164
22,50,158
22,51,241
22,52,167
22,53,156
22,54,157
22,55,136
22,56,156
22,57,134
22,58,152
22,59,193
22,60,155
22,61,153
22,62,158
22,63,128
22,64,177
22,65,134
22,66,148
22,67,145
22,68,168
22,69,128
22,70,155
22,71,223
22,72,235
22,73,185
22,74,155
22,75,143
22,76,160
22,77,189
22,78,156
22,79,143
22,80,157
22,81,147
22,82,141
22,83,149
22,84,139
22,85,133
22,86,150
22,87,153
22,88,167
22,89,141
22,90,149
22,91,145
22,92,172
22,93,150
22,94,139
22,95,151
22,96,136
22,97,167
22,98,138
22,99,149
22,100,158
22,101,143
22,102,138
22,103,170
22,104,150
22,105,142
22,106,131
22,107,141
22,108,143
22,109,140
22,110,135
22,111,143
22,112,141
22,113,134
22,114,162
22,115,153
22,116,135
22,117,132
22,118,138
22,119,146
22,120,138
22,121,130
22,122,140
22,123,123
22,124,162
22,125,125
22,126,146
22,127,131
22,128,151
22,129,111
22,130,117
22,131,109
22,132,108
22,133,113
22,134,93
22,135,131
22,136,78
22,137,109
22,138,106
22,139,124
22,140,99
22,141,111
22,142,89
22,143,717
22,144,227
22,145,140
22,146,97
22,147,117
22,148,133
22,149,118
22,150,113
22,151,118
22,152,110
22,153,129
22,154,106
22,155,142
22,156,119
22,157,137
22,158,127
22,159,138
22,160,147
22,161,133
22,162,124
22,163,146
22,164,124
22,165,128
22,166,126
22,167,129
22,168,126
22,169,134
22,170,147
22,171,148
22,172,129
22,173,139
22,174,138
22,175,136
22,176,128
22,177,146
22,178,134
22,179,877
22,180,129
22,181,154
22,182,130
22,183,165
22,184,141
22,185,165
22,186,120
22,187,146
22,188,138
22,189,161
22,190,120
22,191,163
22,192,127
22,193,156
22,194,120
22,195,161
22,196,125
22,197,167
22,198,150
22,199,153
22,200,136
22,201,164
22,202,135
22,203,158
22,204,122
22,205,172
22,206,129
22,207,170
22,208,127
22,209,173
22,210,709
22,211,196
22,212,123
22,213,217
22,214,141
22,215,211
22,216,115
22,217,182
22,218,133
22,219,194
22,220,135
22,221,558
22,222,125
22,223,195
22,224,126
22,225,311
22,226,127
22,227,219
22,228,119
22,229,208
22,230,136
22,231,195
22,232,128
22,233,208
22,234,132
22,235,1458
22,236,146
22,237,216
22,238,178
22,239,213
22,240,149
22,241,216
22,242,159
22,243,225
22,244,163
22,245,308
22,246,196
22,247,296
22,248,169
22,249,244
22,250,178
22,251,245
22,252,193
22,253,242
22,254,223
22,255,229
22,256,180
23,1,157
23,2,199
23,3,167
23,4,188
23,5,159
23,6,221
23,7,179
23,8,276
23,9,325
23,10,201
23,11,179
23,12,202
23,13,192
23,14,207
23,15,177
23,16,208
23,17,166
23,18,201
23,19,167
23,20,211
23,21,157
23,22,199
23,23,988
23,24,201
23,25,169
23,26,202
23,27,183
23,28,391
23,29,174
23,30,222
23,31,176
23,32,211
23,33,166
23,34,220
23,35,196
23,36,196
23,37,185
23,38,251
23,39,170
23,40,218
23,41,172
23,42,210
23,43,172
23,44,195
23,45,168
23,46,172
23,47,137
23,48,161
23,49,162
23,50,158
23,51,240
23,52,167
23,53,155
23,54,155
23,55,136
23,56,156
23,57,135
23,58,152
23,59,193
23,60,155
23,61,151
23,62,159
23,63,129
23,64,176
23,65,134
23,66,147
23,67,150
23,68,170
23,69,126
23,70,154
23,71,222
23,72,234
23,73,185
23,74,155
23,75,143
23,76,161
23,77,191
23,78,155
23,79,143
23,80,155
23,81,147
23,82,140
23,83,148
23,84,137
23,85,133
23,86,149
23,87,152
23,88,166
23,89,141
23,90,149
23,91,146
23,92,172
23,93,149
23,94,139
23,95,151
23,96,135
23,97,167
23,98,137
23,99,149
23,100,156
23,101,142
23,102,138
23,103,168
23,104,150
23,105,142
23,106,128
23,107,140
23,108,142
23,109,140
23,110,135
23,111,142
23,112,140
23,113,133
23,114,160
23,115,152
23,116,133
23,117,132
23,118,137
23,119,144
23,120,137
23,121,129
23,122,140
23,123,123
23,124,162
23,125,126
23,126,146
23,127,129
23,128,149
23,129,112
23,130,116
23,131,109
23,132,107
23,133,113
23,134,93
23,135,131
23,136,78
23,137,110
23,138,105
23,139,123
23,140,98
23,141,110
23,142,88
23,143,718
23,144,226
23,145,139
23,146,96
23,147,117
23,148,132
23,149,117
23,150,113
23,151,117
23,152,111
23,153,128
23,154,106
23,155,141
23,156,119
23,157,136
23,158,126
23,159,137
23,160,147
23,161,133
23,162,122
23,163,148
23,164,125
23,165,129
23,166,126
23,167,129
23,168,124
23,169,134
23,170,147
23,171,147
23,172,128
23,173,141
23,174,137
23,175,136
23,176,128
23,177,146
23,178,134
23,179,874
23,180,128
23,181,154
23,182,128
23,183,164
23,184,142
23,185,165
23,186,120
23,187,145
23,188,137
23,189,161
23,190,120
23,191,162
23,192,126
23,193,157
23,194,119
23,195,161
23,196,125
23,197,167
23,198,149
23,199,151
23,200,136
23,201,163
23,202,134
23,203,158
23,204,121
23,205,170
23,206,127
23,207,171
23,208,128
23,209,172
23,210,708
23,211,196
23,212,123
23,213,219
23,214,140
23,215,211
23,216,114
23,217,181
23,218,132
23,219,193
23,220,135
23,221,546
23,222,126
23,223,198
23,224,126
23,225,310
23,226,124
23,227,216
23,228,119
23,229,208
23,230,134
23,231,194
23,232,127
23,233,208
23,234,132
23,235,1455
23,236,143
23,237,216
23,238,177
23,239,215
23,240,148
23,241,217
23,242,157
23,243,225
23,244,162
23,245,306
23,246,204
23,247,295
23,248,168
23,249,244
23,250,177
23,251,244
23,252,194
23,253,241
23,254,222
23,255,229
23,256,180
24,1,157
24,2,199
24,3,167
24,4,188
24,5,159
24,6,221
24,7,179
24,8,276
24,9,325
24,10,201
24,11,179
24,12,202
24,13,192
24,14,207
24,15,177
24,16,208
24,17,166
24,18,201
24,19,167
24,20,211
24,21,157
24,22,199
24,23,988
24,24,201
24,25,169
24,26,202
24,27,183
24,28,391
24,29,174
24,30,222
24,31,176
24,32,211
24,33,166
24,34,220
24,35,196
24,36,196
24,37,185
24,38,251
24,39,170
24,40,218
24,41,172
24,42,210
24,43,172
24,44,195
24,45,168
24,46,172
24,47,137
24,48,161
24,49,162
24,50,158
24,51,240
24,52,167
24,53,155
24,54,155
24,55,136
24,56,156
24,57,135
24,58,152
24,59,193
24,60,155
24,61,151
24,62,159
24,63,129
24,64,176
24,65,134
24,66,147
24,67,150
24,68,170
24,69,126
24,70,154
24,71,222
24,72,234
24,73,185
24,74,155
24,75,143
24,76,161
24,77,191
24,78,155
24,79,143
24,80,155
24,81,147
24,82,140
24,83,148
24,84,137
24,85,133
24,86,149
24,87,152
24,88,166
24,89,141
24,90,149
24,91,146
24,92,172
24,93,149
24,94,139
24,95,151
24,96,135
24,97,167
24,98,137
24,99,149
24,100,156
24,101,142
24,102,138
24,103,168
24,104,150
24,105,142
24,106,128
24,107,140
24,108,142
24,109,140
24,110,135
24,111,142
24,112,140
24,113,133
24,114,160
24,115,152
24,116,133
24,117,132
24,118,137
24,119,144
24,120,137
24,121,129
24,122,140
24,123,123
24,124,162
24,125,126
24,126,146
24,127,129
24,128,149
24,129,112
24,130,116
24,131,109
24,132,107
24,133,113
24,134,93
24,135,131
24,136,78
24,137,110
24,138,105
24,139,123
24,140,98
24,141,110
24,142,88
24,143,718
24,144,226
24,145,139
24,146,96
24,147,117
24,148,132
24,149,117
24,150,113
24,151,117
24,152,111
24,153,128
24,154,106
24,155,141
24,156,119
24,157,136
24,158,126
24,159,137
24,160,147
24,161,133
24,162,122
24,163,148
24,164,125
24,165,129
24,166,126
24,167,129
24,168,124
24,169,134
24,170,147
24,171,147
24,172,128
24,173,141
24,174,137
24,175,136
24,176,128
24,177,146
24,178,134
24,179,874
24,180,128
24,181,154
24,182,128
24,183,164
24,184,142
24,185,165
24,186,120
24,187,145
24,188,137
24,189,161
24,190,120
24,191,162
24,192,126
24,193,157
24,194,119
24,195,161
24,196,125
24,197,167
24,198,149
24,199,151
24,200,136
24,201,163
24,202,134
24,203,158
24,204,121
24,205,170
24,206,127
24,207,171
24,208,128
24,209,172
24,210,708
24,211,196
24,212,123
24,213,219
24,214,140
24,215,211
24,216,114
24,217,181
24,218,132
24,219,193
24,220,135
24,221,546
24,222,126
24,223,198
24,224,126
24,225,310
24,226,124
24,227,216
24,228,119
24,229,208
24,230,134
24,231,194
24,232,127
24,233,208
24,234,132
24,235,1455
24,236,143
24,237,216
24,238,177
24,239,215
24,240,148
24,241,217
24,242,157
24,243,225
24,244,162
24,245,306
24,246,204
24,247,295
24,248,168
24,249,244
24,250,177
24,251,244
24,252,194
24,253,241
24,254,222
24,255,229
24,256,180
25,1,157
25,2,198
25,3,167
25,4,187
25,5,159
25,6,220
25,7,180
25,8,277
25,9,319
25,10,202
25,11,179
25,12,201
25,13,192
25,14,207
25,15,178
25,16,208
25,17,166
25,18,201
25,19,168
25,20,210
25,21,158
25,22,199
25,23,986
25,24,201
25,25,175
25,26,211
25,27,185
25,28,393
25,29,175
25,30,223
25,31,176
25,32,210
25,33,166
25,34,218
25,35,199
25,36,196
25,37,185
25,38,245
25,39,170
25,40,218
25,41,173
25,42,210
25,43,171
25,44,195
25,45,169
25,46,173
25,47,137
25,48,161
25,49,162
25,50,158
25,51,240
25,52,168
25,53,155
25,54,155
25,55,136
25,56,156
25,57,136
25,58,153
25,59,193
25,60,155
25,61,153
25,62,157
25,63,128
25,64,176
25,65,134
25,66,147
25,67,146
25,68,168
25,69,127
25,70,154
25,71,224
25,72,231
25,73,186
25,74,154
25,75,143
25,76,161
25,77,190
25,78,156
25,79,144
25,80,155
25,81,148
25,82,140
25,83,149
25,84,138
25,85,134
25,86,150
25,87,152
25,88,168
25,89,140
25,90,148
25,91,145
25,92,173
25,93,148
25,94,139
25,95,151
25,96,136
25,97,168
25,98,136
25,99,149
25,100,156
25,101,143
25,102,137
25,103,171
25,104,148
25,105,142
25,106,129
25,107,141
25,108,141
25,109,139
25,110,134
25,111,143
25,112,140
25,113,135
25,114,161
25,115,153
25,116,134
25,117,131
25,118,136
25,119,144
25,120,136
25,121,129
25,122,141
25,123,123
25,124,163
25,125,126
25,126,147
25,127,131
25,128,149
25,129,112
25,130,115
25,131,109
25,132,107
25,133,113
25,134,93
25,135,132
25,136,78
25,137,109
25,138,105
25,139,123
25,140,98
25,141,110
25,142,88
25,143,718
25,144,227
25,145,140
25,146,97
25,147,117
25,148,134
25,149,117
25,150,112
25,151,118
25,152,111
25,153,129
25,154,107
25,155,141
25,156,118
25,157,136
25,158,126
25,159,136
25,160,144
25,161,134
25,162,123
25,163,148
25,164,125
25,165,129
25,166,125
25,167,129
25,168,124
25,169,134
25,170,146
25,171,147
25,172,128
25,173,140
25,174,138
25,175,136
25,176,127
25,177,145
25,178,133
25,179,882
25,180,129
25,181,154
25,182,129
25,183,167
25,184,141
25,185,164
25,186,119
25,187,145
25,188,137
25,189,161
25,190,121
25,191,163
25,192,126
25,193,156
25,194,118
25,195,161
25,196,125
25,197,167
25,198,151
25,199,151
25,200,134
25,201,165
25,202,135
25,203,158
25,204,121
25,205,170
25,206,128
25,207,171
25,208,127
25,209,174
25,210,708
25,211,196
25,212,122
25,213,218
25,214,140
25,215,211
25,216,114
25,217,182
25,218,132
25,219,194
25,220,135
25,221,555
25,222,125
25,223,197
25,224,126
25,225,313
25,226,125
25,227,216
25,228,119
25,229,208
25,230,135
25,231,195
25,232,127
25,233,208
25,234,131
25,235,1462
25,236,143
25,237,216
25,238,176
25,239,215
25,240,149
25,241,215
25,242,158
25,243,225
25,244,162
25,245,305
25,246,196
25,247,297
25,248,169
25,249,243
25,250,178
25,251,244
25,252,193
25,253,239
25,254,224
25,255,229
25,256,180
26,1,157
26,2,198
26,3,167
26,4,187
26,5,159
26,6,220
26,7,180
26,8,277
26,9,319
26,10,202
26,11,179
26,12,201
26,13,192
26,14,207
26,15,178
26,16,208
26,17,166
26,18,201
26,19,168
26,20,210
26,21,158
26,22,199
26,23,986
26,24,201
26,25,175
26,26,211
26,27,185
26,28,393
26,29,175
26,30,223
26,31,176
26,32,210
26,33,166
26,34,218
26,35,199
26,36,196
26,37,185
26,38,245
26,39,170
26,40,218
26,41,173
26,42,210
26,43,171
26,44,195
26,45,169
26,46,173
26,47,137
26,48,161
26,49,162
26,50,158
26,51,240
26,52,168
26,53,155
26,54,155
26,55,136
26,56,156
26,57,136
26,58,153
26,59,193
26,60,155
26,61,153
26,62,157
26,63,128
26,64,176
26,65,134
26,66,147
26,67,146
26,68,168
26,69,127
26,70,154
26,71,224
26,72,231
26,73,186
26,74,154
26,75,143
26,76,161
26,77,190
26,78,156
26,79,144
26,80,155
26,81,148
26,82,140
26,83,149
26,84,138
26,85,134
26,86,150
26,87,152
26,88,168
26,89,140
26,90,148
26,91,145
26,92,173
26,93,148
26,94,139
26,95,151
26,96,136
26,97,168
26,98,136
26,99,149
26,100,156
26,101,143
26,102,137
26,103,171
26,104,148
26,105,142
26,106,129
26,107,141
26,108,141
26,109,139
26,110,134
26,111,143
26,112,140
26,113,135
26,114,161
26,115,153
26,116,134
26,117,131
26,118,136
26,119,144
26,120,136
26,121,129
26,122,141
26,123,123
26,124,163
26,125,126
26,126,147
26,127,131
26,128,149
26,129,112
26,130,115
26,131,109
26,132,107
26,133,113
26,134,93
26,135,132
26,136,78
26,137,109
26,138,105
26,139,123
26,140,98
26,141,110
26,142,88
26,143,718
26,144,227
26,145,140
26,146,97
26,147,117
26,148,134
26,149,117
26,150,112
26,151,118
26,152,111
26,153,129
26,154,107
26,155,141
26,156,118
26,157,136
26,158,126
26,159,136
26,160,144
26,161,134
26,162,123
26,163,148
26,164,125
26,165,129
26,166,125
26,167,129
26,168,124
26,169,134
26,170,146
26,171,147
26,172,128
26,173,140
26,174,138
26,175,136
26,176,127
26,177,145
26,178,133
26,179,882
26,180,129
26,181,154
26,182,129
26,183,167
26,184,141
26,185,164
26,186,119
26,187,145
26,188,137
26,189,161
26,190,121
26,191,163
26,192,126
26,193,156
26,194,118
26,195,161
26,196,125
26,197,167
26,198,151
26,199,151
26,200,134
26,201,165
26,202,135
26,203,158
26,204,121
26,205,170
26,206,128
26,207,171
26,208,127
26,209,174
26,210,708
26,211,196
26,212,122
26,213,218
26,214,140
26,215,211
26,216,114
26,217,182
26,218,132
26,219,194
26,220,135
26,221,555
26,222,125
26,223,197
26,224,126
26,225,313
26,226,125
26,227,216
26,228,119
26,229,208
26,230,135
26,231,195
26,232,127
26,233,208
26,234,131
26,235,1462
26,236,143
26,237,216
26,238,176
26,239,215
26,240,149
26,241,215
26,242,158
26,243,225
26,244,162
26,245,305
26,246,196
26,247,297
26,248,169
26,249,243
26,250,178
26,251,244
26,252,193
26,253,239
26,254,224
26,255,229
26,256,180
27,1,158
27,2,199
27,3,168
27,4,188
27,5,160
27,6,221
27,7,181
27,8,276
27,9,325
27,10,202
27,11,179
27,12,201
27,13,193
27,14,207
27,15,178
27,16,207
27,17,166
27,18,201
27,19,168
27,20,210
27,21,158
27,22,199
27,23,985
27,24,201
27,25,170
27,26,202
27,27,182
27,28,391
27,29,175
27,30,222
27,31,175
27,32,211
27,33,167
27,34,219
27,35,200
27,36,197
27,37,184
27,38,243
27,39,171
27,40,219
27,41,171
27,42,210
27,43,171
27,44,195
27,45,169
27,46,173
27,47,136
27,48,160
27,49,162
27,50,158
27,51,239
27,52,169
27,53,155
27,54,155
27,55,136
27,56,155
27,57,134
27,58,152
27,59,193
27,60,155
27,61,153
27,62,158
27,63,129
27,64,176
27,65,134
27,66,147
27,67,145
27,68,167
27,69,128
27,70,153
27,71,223
27,72,232
27,73,186
27,74,155
27,75,143
27,76,160
27,77,189
27,78,155
27,79,143
27,80,155
27,81,147
27,82,141
27,83,148
27,84,138
27,85,132
27,86,150
27,87,154
27,88,167
27,89,140
27,90,148
27,91,146
27,92,171
27,93,150
27,94,139
27,95,151
27,96,137
27,97,170
27,98,136
27,99,150
27,100,156
27,101,143
27,102,137
27,103,170
27,104,150
27,105,144
27,106,129
27,107,141
27,108,141
27,109,139
27,110,134
27,111,143
27,112,141
27,113,134
27,114,160
27,115,153
27,116,133
27,117,132
27,118,136
27,119,146
27,120,137
27,121,129
27,122,141
27,123,123
27,124,161
27,125,125
27,126,146
27,127,130
27,128,149
27,129,112
27,130,118
27,131,110
27,132,107
27,133,113
27,134,92
27,135,131
27,136,77
27,137,109
27,138,105
27,139,124
27,140,98
27,141,111
27,142,89
27,143,717
27,144,226
27,145,140
27,146,96
27,147,118
27,148,132
27,149,118
27,150,113
27,151,118
27,152,110
27,153,128
27,154,106
27,155,142
27,156,119
27,157,135
27,158,125
27,159,137
27,160,147
27,161,133
27,162,123
27,163,147
27,164,123
27,165,128
27,166,126
27,167,128
27,168,124
27,169,134
27,170,146
27,171,147
27,172,128
27,173,140
27,174,138
27,175,136
27,176,128
27,177,146
27,178,133
27,179,876
27,180,129
27,181,155
27,182,128
27,183,166
27,184,139
27,185,165
27,186,120
27,187,146
27,188,137
27,189,161
27,190,119
27,191,163
27,192,125
27,193,156
27,194,119
27,195,161
27,196,124
27,197,167
27,198,151
27,199,152
27,200,135
27,201,164
27,202,134
27,203,158
27,204,121
27,205,170
27,206,128
27,207,171
27,208,127
27,209,173
27,210,709
27,211,197
27,212,123
27,213,220
27,214,140
27,215,212
27,216,113
27,217,182
27,218,133
27,219,194
27,220,135
27,221,542
27,222,126
27,223,198
27,224,126
27,225,311
27,226,123
27,227,216
27,228,119
27,229,208
27,230,134
27,231,195
27,232,127
27,233,207
27,234,131
27,235,1453
27,236,143
27,237,216
27,238,178
27,239,215
27,240,148
27,241,216
27,242,158
27,243,224
27,244,162
27,245,306
27,246,200
27,247,298
27,248,169
27,249,244
27,250,178
27,251,245
27,252,192
27,253,240
27,254,221
27,255,229
27,256,180
28,1,158
28,2,199
28,3,168
28,4,188
28,5,160
28,6,221
28,7,181
28,8,276
28,9,325
28,10,202
28,11,179
28,12,201
28,13,193
28,14,207
28,15,178
28,16,207
28,17,166
28,18,201
28,19,168
28,20,210
28,21,158
28,22,199
28,23,985
28,24,201
28,25,170
28,26,202
28,27,182
28,28,391
28,29,175
28,30,222
28,31,175
28,32,211
28,33,167
28,34,219
28,35,200
28,36,197
28,37,184
28,38,243
28,39,171
28,40,219
28,41,171
28,42,210
28,43,171
28,44,195
28,45,169
28,46,173
28,47,136
28,48,160
28,49,162
28,50,158
28,51,239
28,52,169
28,53,155
28,54,155
28,55,136
28,56,155
28,57,134
28,58,152
28,59,193
28,60,155
28,61,153
28,62,158
28,63,129
28,64,176
28,65,134
28,66,147
28,67,145
28,68,167
28,69,128
28,70,153
28,71,223
28,72,232
28,73,186
28,74,155
28,75,143
28,76,160
28,77,189
28,78,155
28,79,143
28,80,155
28,81,147
28,82,141
28,83,148
28,84,138
28,85,132
28,86,150
28,87,154
28,88,167
28,89,140
28,90,148
28,91,146
28,92,171
28,93,150
28,94,139
28,95,151
28,96,137
28,97,170
28,98,136
28,99,150
28,100,156
28,101,143
28,102,137
28,103,170
28,104,150
28,105,144
28,106,129
28,107,141
28,108,141
28,109,139
28,110,134
28,111,143
28,112,141
28,113,134
28,114,160
28,115,153
28,116,133
28,117,132
28,118,136
28,119,146
28,120,137
28,121,129
28,122,141
28,123,123
28,124,161
28,125,125
28,126,146
28,127,130
28,128,149
28,129,112
28,130,118
28,131,110
28,132,107
28,133,113
28,134,92
28,135,131
28,136,77
28,137,109
28,138,105
28,139,124
28,140,98
28,141,111
28,142,89
28,143,717
28,144,226
28,145,140
28,146,96
28,147,118
28,148,132
28,149,118
28,150,113
28,151,118
28,152,110
28,153,128
28,154,106
28,155,142
28,156,119
28,157,135
28,158,125
28,159,137
28,160,147
28,161,133
28,162,123
28,163,147
28,164,123
28,165,128
28,166,126
28,167,128
28,168,124
28,169,134
28,170,146
28,171,147
28,172,128
28,173,140
28,174,138
28,175,136
28,176,128
28,177,146
28,178,133
28,179,876
28,180,129
28,181,155
28,182,128
28,183,166
28,184,139
28,185,165
28,186,120
28,187,146
28,188,137
28,189,161
28,190,119
28,191,163
28,192,125
28,193,156
28,194,119
28,195,161
28,196,124
28,197,167
28,198,151
28,199,152
28,200,135
28,201,164
28,202,134
28,203,158
28,204,121
28,205,170
28,206,128
28,207,171
28,208,127
28,209,173
28,210,709
28,211,197
28,212,123
28,213,220
28,214,140
28,215,212
28,216,113
28,217,182
28,218,133
28,219,194
28,220,135
28,221,542
28,222,126
28,223,198
28,224,126
28,225,311
28,226,123
28,227,216
28,228,119
28,229,208
28,230,134
28,231,195
28,232,127
28,233,207
28,234,131
28,235,1453
28,236,143
28,237,216
28,238,178
28,239,215
28,240,148
28,241,216
28,242,158
28,243,224
28,244,162
28,245,306
28,246,200
28,247,298
28,248,169
28,249,244
28,250,178
28,251,245
28,252,192
28,253,240
28,254,221
28,255,229
28,256,180
29,1,160
29,2,200
29,3,169
29,4,189
29,5,160
29,6,222
29,7,181
29,8,277
29,9,323
29,10,201
29,11,179
29,12,202
29,13,192
29,14,206
29,15,178
29,16,209
29,17,166
29,18,201
29,19,168
29,20,210
29,21,158
29,22,198
29,23,989
29,24,202
29,25,170
29,26,201
29,27,184
29,28,392
29,29,175
29,30,223
29,31,175
29,32,210
29,33,167
29,34,219
29,35,200
29,36,198
29,37,184
29,38,251
29,39,171
29,40,220
29,41,172
29,42,210
29,43,171
29,44,195
29,45,169
29,46,173
29,47,136
29,48,162
29,49,163
29,50,159
29,51,239
29,52,169
29,53,155
29,54,156
29,55,137
29,56,156
29,57,134
29,58,153
29,59,194
29,60,155
29,61,153
29,62,159
29,63,129
29,64,176
29,65,134
29,66,147
29,67,147
29,68,169
29,69,127
29,70,155
29,71,224
29,72,232
29,73,186
29,74,155
29,75,144
29,76,160
29,77,189
29,78,155
29,79,144
29,80,156
29,81,148
29,82,142
29,83,149
29,84,138
29,85,134
29,86,151
29,87,153
29,88,168
29,89,141
29,90,149
29,91,146
29,92,174
29,93,150
29,94,140
29,95,150
29,96,138
29,97,167
29,98,138
29,99,150
29,100,156
29,101,143
29,102,137
29,103,170
29,104,150
29,105,143
29,106,130
29,107,140
29,108,142
29,109,139
29,110,135
29,111,142
29,112,139
29,113,134
29,114,162
29,115,153
29,116,135
29,117,132
29,118,138
29,119,145
29,120,137
29,121,129
29,122,140
29,123,124
29,124,162
29,125,125
29,126,147
29,127,131
29,128,151
29,129,112
29,130,119
29,131,110
29,132,108
29,133,113
29,134,93
29,135,134
29,136,78
29,137,110
29,138,106
29,139,124
29,140,99
29,141,110
29,142,88
29,143,718
29,144,226
29,145,139
29,146,97
29,147,117
29,148,134
29,149,118
29,150,112
29,151,119
29,152,111
29,153,130
29,154,106
29,155,143
29,156,120
29,157,136
29,158,126
29,159,138
29,160,146
29,161,133
29,162,123
29,163,148
29,164,125
29,165,129
29,166,126
29,167,130
29,168,124
29,169,133
29,170,146
29,171,148
29,172,128
29,173,140
29,174,139
29,175,137
29,176,127
29,177,146
29,178,134
29,179,876
29,180,129
29,181,156
29,182,128
29,183,167
29,184,143
29,185,166
29,186,120
29,187,146
29,188,138
29,189,161
29,190,121
29,191,163
29,192,126
29,193,156
29,194,119
29,195,162
29,196,125
29,197,167
29,198,151
29,199,151
29,200,135
29,201,164
29,202,134
29,203,157
29,204,121
29,205,171
29,206,128
29,207,171
29,208,127
29,209,173
29,210,708
29,211,196
29,212,123
29,213,218
29,214,140
29,215,213
29,216,114
29,217,181
29,218,133
29,219,195
29,220,135
29,221,554
29,222,126
29,223,198
29,224,127
29,225,312
29,226,125
29,227,215
29,228,120
29,229,209
29,230,136
29,231,194
29,232,127
29,233,209
29,234,132
29,235,1460
29,236,144
29,237,216
29,238,177
29,239,215
29,240,148
29,241,217
29,242,158
29,243,226
29,244,163
29,245,306
29,246,200
29,247,298
29,248,169
29,249,246
29,250,178
29,251,245
29,252,193
29,253,241
29,254,221
29,255,230
29,256,178
30,1,160
30,2,200
30,3,169
30,4,189
30,5,160
30,6,222
30,7,181
30,8,277
30,9,323
30,10,201
30,11,179
30,12,202
30,13,192
30,14,206
30,15,178
30,16,209
30,17,166
30,18,201
30,19,168
30,20,210
30,21,158
30,22,198
30,23,989
30,24,202
30,25,170
30,26,201
30,27,184
30,28,392
30,29,175
30,30,223
30,31,175
30,32,210
30,33,167
30,34,219
30,35,200
30,36,198
30,37,184
30,38,251
30,39,171
30,40,220
30,41,172
30,42,210
30,43,171
30,44,195
30,45,169
30,46,173
30,47,136
30,48,162
30,49,163
30,50,159
30,51,239
30,52,169
30,53,155
30,54,156
30,55,137
30,56,156
30,57,134
30,58,153
30,59,194
30,60,155
30,61,153
30,62,159
30,63,129
30,64,176
30,65,134
30,66,147
30,67,147
30,68,169
30,69,127
30,70,155
30,71,224
30,72,232
30,73,186
30,74,155
30,75,144
30,76,160
30,77,189
30,78,155
30,79,144
30,80,156
30,81,148
30,82,142
30,83,149
30,84,138
30,85,134
30,86,151
30,87,153
30,88,168
30,89,141
30,90,149
30,91,146
30,92,174
30,93,150
30,94,140
30,95,150
30,96,138
30,97,167
30,98,138
30,99,150
30,100,156
30,101,143
30,102,137
30,103,170
30,104,150
30,105,143
30,106,130
30,107,140
30,108,142
30,109,139
30,110,135
30,111,142
30,112,139
30,113,134
30,114,162
30,115,153
30,116,135
30,117,132
30,118,138
30,119,145
30,120,137
30,121,129
30,122,140
30,123,124
30,124,162
30,125,125
30,126,147
30,127,131
30,128,151
30,129,112
30,130,119
30,131,110
30,132,108
30,133,113
30,134,93
30,135,134
30,136,78
30,137,110
30,138,106
30,139,124
30,140,99
30,141,110
30,142,88
30,143,718
30,144,226
30,145,139
30,146,97
30,147,117
30,148,134
30,149,118
30,150,112
30,151,119
30,152,111
30,153,130
30,154,106
30,155,143
30,156,120
30,157,136
30,158,126
30,159,138
30,160,146
30,161,133
30,162,123
30,163,148
30,164,125
30,165,129
30,166,126
30,167,130
30,168,124
30,169,133
30,170,146
30,171,148
30,172,128
30,173,140
30,174,139
30,175,137
30,176,127
30,177,146
30,178,134
30,179,876
30,180,129
30,181,156
30,182,128
30,183,167
30,184,143
30,185,166
30,186,120
30,187,146
30,188,138
30,189,161
30,190,121
30,191,163
30,192,126
30,193,156
30,194,119
30,195,162
30,196,125
30,197,167
30,198,151
30,199,151
30,200,135
30,201,164
30,202,134
30,203,157
30,204,121
30,205,171
30,206,128
30,207,171
30,208,127
30,209,173
30,210,708
30,211,196
30,212,123
30,213,218
30,214,140
30,215,213
30,216,114
30,217,181
30,218,133
30,219,195
30,220,135
30,221,554
30,222,126
30,223,198
30,224,127
30,225,312
30,226,125
30,227,215
30,228,120
30,229,209
30,230,136
30,231,194
30,232,127
30,233,209
30,234,132
30,235,1460
30,236,144
30,237,216
30,238,177
30,239,215
30,240,148
30,241,217
30,242,158
30,243,226
30,244,163
30,245,306
30,246,200
30,247,298
30,248,169
30,249,246
30,250,178
30,251,245
30,252,193
30,253,241
30,254,221
30,255,230
30,256,178
