Line,Band,Value
1,1,156
1,2,196
1,3,164
1,4,185
1,5,156
1,6,217
1,7,176
1,8,270
1,9,326
1,10,198
1,11,176
1,12,198
1,13,190
1,14,203
1,15,175
1,16,203
1,17,163
1,18,197
1,19,165
1,20,207
1,21,154
1,22,196
1,23,976
1,24,198
1,25,165
1,26,199
1,27,179
1,28,386
1,29,172
1,30,219
1,31,171
1,32,208
1,33,163
1,34,216
1,35,194
1,36,193
1,37,180
1,38,246
1,39,166
1,40,215
1,41,169
1,42,206
1,43,168
1,44,192
1,45,168
1,46,170
1,47,134
1,48,160
1,49,161
1,50,157
1,51,222
1,52,165
1,53,152
1,54,153
1,55,135
1,56,155
1,57,132
1,58,150
1,59,201
1,60,154
1,61,151
1,62,156
1,63,127
1,64,176
1,65,131
1,66,146
1,67,143
1,68,166
1,69,126
1,70,154
1,71,219
1,72,227
1,73,182
1,74,154
1,75,140
1,76,158
1,77,185
1,78,153
1,79,143
1,80,155
1,81,145
1,82,138
1,83,147
1,84,137
1,85,132
1,86,149
1,87,151
1,88,166
1,89,139
1,90,147
1,91,144
1,92,170
1,93,146
1,94,138
1,95,149
1,96,135
1,97,164
1,98,134
1,99,147
1,100,155
1,101,141
1,102,136
1,103,169
1,104,147
1,105,140
1,106,129
1,107,139
1,108,141
1,109,137
1,110,133
1,111,141
1,112,139
1,113,133
1,114,160
1,115,152
1,116,132
1,117,131
1,118,136
1,119,143
1,120,135
1,121,128
1,122,138
1,123,121
1,124,159
1,125,125
1,126,145
1,127,128
1,128,148
1,129,110
1,130,114
1,131,110
1,132,106
1,133,113
1,134,93
1,135,130
1,136,77
1,137,108
1,138,104
1,139,122
1,140,97
1,141,109
1,142,87
1,143,710
1,144,223
1,145,134
1,146,95
1,147,116
1,148,131
1,149,115
1,150,111
1,151,116
1,152,108
1,153,127
1,154,105
1,155,140
1,156,118
1,157,134
1,158,125
1,159,136
1,160,144
1,161,131
1,162,122
1,163,145
1,164,123
1,165,127
1,166,125
1,167,129
1,168,123
1,169,134
1,170,144
1,171,145
1,172,127
1,173,139
1,174,135
1,175,135
1,176,126
1,177,144
1,178,132
1,179,857
1,180,126
1,181,152
1,182,127
1,183,165
1,184,141
1,185,165
1,186,119
1,187,144
1,188,139
1,189,159
1,190,120
1,191,162
1,192,126
1,193,155
1,194,117
1,195,161
1,196,124
1,197,165
1,198,150
1,199,150
1,200,133
1,201,164
1,202,133
1,203,157
1,204,120
1,205,169
1,206,127
1,207,169
1,208,125
1,209,171
1,210,697
1,211,195
1,212,121
1,213,215
1,214,138
1,215,210
1,216,112
1,217,180
1,218,129
1,219,192
1,220,133
1,221,521
1,222,123
1,223,195
1,224,123
1,225,307
1,226,122
1,227,214
1,228,117
1,229,205
1,230,132
1,231,191
1,232,123
1,233,205
1,234,129
1,235,1400
1,236,138
1,237,211
1,238,171
1,239,208
1,240,143
1,241,213
1,242,153
1,243,220
1,244,157
1,245,300
1,246,188
1,247,290
1,248,162
1,249,237
1,250,171
1,251,240
1,252,187
1,253,234
1,254,216
1,255,222
1,256,171
2,1,156
2,2,196
2,3,164
2,4,185
2,5,156
2,6,217
2,7,176
2,8,270
2,9,326
2,10,198
2,11,176
2,12,198
2,13,190
2,14,203
2,15,175
2,16,203
2,17,163
2,18,197
2,19,165
2,20,207
2,21,154
2,22,196
2,23,976
2,24,198
2,25,165
2,26,199
2,27,179
2,28,386
2,29,172
2,30,219
2,31,171
2,32,208
2,33,163
2,34,216
2,35,194
2,36,193
2,37,180
2,38,246
2,39,166
2,40,215
2,41,169
2,42,206
2,43,168
2,44,192
2,45,168
2,46,170
2,47,134
2,48,160
2,49,161
2,50,157
2,51,222
2,52,165
2,53,152
2,54,153
2,55,135
2,56,155
2,57,132
2,58,150
2,59,201
2,60,154
2,61,151
2,62,156
2,63,127
2,64,176
2,65,131
2,66,146
2,67,143
2,68,166
2,69,126
2,70,154
2,71,219
2,72,227
2,73,182
2,74,154
2,75,140
2,76,158
2,77,185
2,78,153
2,79,143
2,80,155
2,81,145
2,82,138
2,83,147
2,84,137
2,85,132
2,86,149
2,87,151
2,88,166
2,89,139
2,90,147
2,91,144
2,92,170
2,93,146
2,94,138
2,95,149
2,96,135
2,97,164
2,98,134
2,99,147
2,100,155
2,101,141
2,102,136
2,103,169
2,104,147
2,105,140
2,106,129
2,107,139
2,108,141
2,109,137
2,110,133
2,111,141
2,112,139
2,113,133
2,114,160
2,115,152
2,116,132
2,117,131
2,118,136
2,119,143
2,120,135
2,121,128
2,122,138
2,123,121
2,124,159
2,125,125
2,126,145
2,127,128
2,128,148
2,129,110
2,130,114
2,131,110
2,132,106
2,133,113
2,134,93
2,135,130
2,136,77
2,137,108
2,138,104
2,139,122
2,140,97
2,141,109
2,142,87
2,143,710
2,144,223
2,145,134
2,146,95
2,147,116
2,148,131
2,149,115
2,150,111
2,151,116
2,152,108
2,153,127
2,154,105
2,155,140
2,156,118
2,157,134
2,158,125
2,159,136
2,160,144
2,161,131
2,162,122
2,163,145
2,164,123
2,165,127
2,166,125
2,167,129
2,168,123
2,169,134
2,170,144
2,171,145
2,172,127
2,173,139
2,174,135
2,175,135
2,176,126
2,177,144
2,178,132
2,179,857
2,180,126
2,181,152
2,182,127
2,183,165
2,184,141
2,185,165
2,186,119
2,187,144
2,188,139
2,189,159
2,190,120
2,191,162
2,192,126
2,193,155
2,194,117
2,195,161
2,196,124
2,197,165
2,198,150
2,199,150
2,200,133
2,201,164
2,202,133
2,203,157
2,204,120
2,205,169
2,206,127
2,207,169
2,208,125
2,209,171
2,210,697
2,211,195
2,212,121
2,213,215
2,214,138
2,215,210
2,216,112
2,217,180
2,218,129
2,219,192
2,220,133
2,221,521
2,222,123
2,223,195
2,224,123
2,225,307
2,226,122
2,227,214
2,228,117
2,229,205
2,230,132
2,231,191
2,232,123
2,233,205
2,234,129
2,235,1400
2,236,138
2,237,211
2,238,171
2,239,208
2,240,143
2,241,213
2,242,153
2,243,220
2,244,157
2,245,300
2,246,188
2,247,290
2,248,162
2,249,237
2,250,171
2,251,240
2,252,187
2,253,234
2,254,216
2,255,222
2,256,171
3,1,156
3,2,196
3,3,163
3,4,186
3,5,156
3,6,217
3,7,177
3,8,269
3,9,325
3,10,199
3,11,176
3,12,199
3,13,189
3,14,204
3,15,175
3,16,205
3,17,164
3,18,197
3,19,166
3,20,206
3,21,155
3,22,196
3,23,968
3,24,198
3,25,167
3,26,198
3,27,180
3,28,386
3,29,173
3,30,220
3,31,172
3,32,207
3,33,163
3,34,216
3,35,195
3,36,194
3,37,182
3,38,246
3,39,168
3,40,216
3,41,170
3,42,207
3,43,170
3,44,192
3,45,169
3,46,171
3,47,136
3,48,160
3,49,163
3,50,158
3,51,225
3,52,166
3,53,153
3,54,154
3,55,136
3,56,154
3,57,134
3,58,152
3,59,200
3,60,154
3,61,151
3,62,157
3,63,129
3,64,177
3,65,133
3,66,147
3,67,145
3,68,166
3,69,125
3,70,153
3,71,221
3,72,229
3,73,183
3,74,153
3,75,142
3,76,159
3,77,186
3,78,155
3,79,143
3,80,154
3,81,146
3,82,140
3,83,147
3,84,136
3,85,133
3,86,151
3,87,152
3,88,166
3,89,139
3,90,147
3,91,145
3,92,170
3,93,147
3,94,138
3,95,150
3,96,135
3,97,166
3,98,136
3,99,147
3,100,155
3,101,141
3,102,136
3,103,169
3,104,148
3,105,142
3,106,129
3,107,141
3,108,141
3,109,137
3,110,133
3,111,143
3,112,140
3,113,133
3,114,161
3,115,154
3,116,134
3,117,131
3,118,137
3,119,142
3,120,136
3,121,130
3,122,138
3,123,123
3,124,159
3,125,125
3,126,145
3,127,129
3,128,149
3,129,111
3,130,117
3,131,109
3,132,106
3,133,113
3,134,94
3,135,132
3,136,77
3,137,109
3,138,104
3,139,123
3,140,97
3,141,111
3,142,87
3,143,711
3,144,223
3,145,134
3,146,95
3,147,117
3,148,132
3,149,116
3,150,112
3,151,118
3,152,109
3,153,128
3,154,106
3,155,141
3,156,118
3,157,135
3,158,126
3,159,137
3,160,144
3,161,133
3,162,123
3,163,146
3,164,122
3,165,128
3,166,124
3,167,129
3,168,126
3,169,133
3,170,146
3,171,147
3,172,128
3,173,139
3,174,137
3,175,136
3,176,127
3,177,145
3,178,133
3,179,859
3,180,127
3,181,152
3,182,128
3,183,165
3,184,141
3,185,165
3,186,119
3,187,144
3,188,140
3,189,160
3,190,120
3,191,163
3,192,125
3,193,155
3,194,118
3,195,161
3,196,124
3,197,165
3,198,145
3,199,150
3,200,134
3,201,164
3,202,133
3,203,157
3,204,121
3,205,169
3,206,127
3,207,171
3,208,125
3,209,173
3,210,699
3,211,199
3,212,123
3,213,216
3,214,139
3,215,209
3,216,112
3,217,181
3,218,130
3,219,193
3,220,133
3,221,538
3,222,124
3,223,195
3,224,123
3,225,308
3,226,124
3,227,213
3,228,117
3,229,207
3,230,133
3,231,192
3,232,124
3,233,206
3,234,130
3,235,1402
3,236,138
3,237,212
3,238,174
3,239,209
3,240,145
3,241,212
3,242,154
3,243,222
3,244,157
3,245,299
3,246,189
3,247,291
3,248,164
3,249,239
3,250,172
3,251,239
3,252,189
3,253,235
3,254,214
3,255,224
3,256,173
4,1,156
4,2,196
4,3,163
4,4,186
4,5,156
4,6,217
4,7,177
4,8,269
4,9,325
4,10,199
4,11,176
4,12,199
4,13,189
4,14,204
4,15,175
4,16,205
4,17,164
4,18,197
4,19,166
4,20,206
4,21,155
4,22,196
4,23,968
4,24,198
4,25,167
4,26,198
4,27,180
4,28,386
4,29,173
4,30,220
4,31,172
4,32,207
4,33,163
4,34,216
4,35,195
4,36,194
4,37,182
4,38,246
4,39,168
4,40,216
4,41,170
4,42,207
4,43,170
4,44,192
4,45,169
4,46,171
4,47,136
4,48,160
4,49,163
4,50,158
4,51,225
4,52,166
4,53,153
4,54,154
4,55,136
4,56,154
4,57,134
4,58,152
4,59,200
4,60,154
4,61,151
4,62,157
4,63,129
4,64,177
4,65,133
4,66,147
4,67,145
4,68,166
4,69,125
4,70,153
4,71,221
4,72,229
4,73,183
4,74,153
4,75,142
4,76,159
4,77,186
4,78,155
4,79,143
4,80,154
4,81,146
4,82,140
4,83,147
4,84,136
4,85,133
4,86,151
4,87,152
4,88,166
4,89,139
4,90,147
4,91,145
4,92,170
4,93,147
4,94,138
4,95,150
4,96,135
4,97,166
4,98,136
4,99,147
4,100,155
4,101,141
4,102,136
4,103,169
4,104,148
4,105,142
4,106,129
4,107,141
4,108,141
4,109,137
4,110,133
4,111,143
4,112,140
4,113,133
4,114,161
4,115,154
4,116,134
4,117,131
4,118,137
4,119,142
4,120,136
4,121,130
4,122,138
4,123,123
4,124,159
4,125,125
4,126,145
4,127,129
4,128,149
4,129,111
4,130,117
4,131,109
4,132,106
4,133,113
4,134,94
4,135,132
4,136,77
4,137,109
4,138,104
4,139,123
4,140,97
4,141,111
4,142,87
4,143,711
4,144,223
4,145,134
4,146,95
4,147,117
4,148,132
4,149,116
4,150,112
4,151,118
4,152,109
4,153,128
4,154,106
4,155,141
4,156,118
4,157,135
4,158,126
4,159,137
4,160,144
4,161,133
4,162,123
4,163,146
4,164,122
4,165,128
4,166,124
4,167,129
4,168,126
4,169,133
4,170,146
4,171,147
4,172,128
4,173,139
4,174,137
4,175,136
4,176,127
4,177,145
4,178,133
4,179,859
4,180,127
4,181,152
4,182,128
4,183,165
4,184,141
4,185,165
4,186,119
4,187,144
4,188,140
4,189,160
4,190,120
4,191,163
4,192,125
4,193,155
4,194,118
4,195,161
4,196,124
4,197,165
4,198,145
4,199,150
4,200,134
4,201,164
4,202,133
4,203,157
4,204,121
4,205,169
4,206,127
4,207,171
4,208,125
4,209,173
4,210,699
4,211,199
4,212,123
4,213,216
4,214,139
4,215,209
4,216,112
4,217,181
4,218,130
4,219,193
4,220,133
4,221,538
4,222,124
4,223,195
4,224,123
4,225,308
4,226,124
4,227,213
4,228,117
4,229,207
4,230,133
4,231,192
4,232,124
4,233,206
4,234,130
4,235,1402
4,236,138
4,237,212
4,238,174
4,239,209
4,240,145
4,241,212
4,242,154
4,243,222
4,244,157
4,245,299
4,246,189
4,247,291
4,248,164
4,249,239
4,250,172
4,251,239
4,252,189
4,253,235
4,254,214
4,255,224
4,256,173
5,1,157
5,2,197
5,3,164
5,4,185
5,5,156
5,6,218
5,7,178
5,8,271
5,9,322
5,10,200
5,11,175
5,12,198
5,13,189
5,14,203
5,15,175
5,16,206
5,17,163
5,18,196
5,19,165
5,20,208
5,21,154
5,22,195
5,23,964
5,24,197
5,25,165
5,26,197
5,27,180
5,28,386
5,29,173
5,30,219
5,31,173
5,32,207
5,33,164
5,34,215
5,35,196
5,36,193
5,37,181
5,38,247
5,39,167
5,40,215
5,41,169
5,42,206
5,43,169
5,44,193
5,45,169
5,46,170
5,47,135
5,48,160
5,49,162
5,50,157
5,51,226
5,52,165
5,53,152
5,54,154
5,55,134
5,56,155
5,57,133
5,58,150
5,59,200
5,60,155
5,61,151
5,62,157
5,63,129
5,64,177
5,65,133
5,66,146
5,67,145
5,68,164
5,69,126
5,70,153
5,71,221
5,72,229
5,73,183
5,74,153
5,75,141
5,76,159
5,77,187
5,78,153
5,79,143
5,80,154
5,81,147
5,82,139
5,83,149
5,84,135
5,85,131
5,86,150
5,87,150
5,88,165
5,89,140
5,90,146
5,91,145
5,92,169
5,93,149
5,94,139
5,95,149
5,96,134
5,97,165
5,98,136
5,99,148
5,100,154
5,101,142
5,102,136
5,103,169
5,104,148
5,105,141
5,106,129
5,107,140
5,108,141
5,109,137
5,110,134
5,111,142
5,112,139
5,113,133
5,114,161
5,115,152
5,116,132
5,117,130
5,118,136
5,119,143
5,120,134
5,121,129
5,122,139
5,123,123
5,124,159
5,125,125
5,126,145
5,127,129
5,128,149
5,129,111
5,130,116
5,131,109
5,132,105
5,133,113
5,134,93
5,135,132
5,136,77
5,137,109
5,138,105
5,139,124
5,140,97
5,141,110
5,142,87
5,143,710
5,144,224
5,145,133
5,146,95
5,147,117
5,148,131
5,149,117
5,150,111
5,151,118
5,152,110
5,153,128
5,154,104
5,155,141
5,156,118
5,157,135
5,158,125
5,159,136
5,160,144
5,161,132
5,162,122
5,163,147
5,164,122
5,165,128
5,166,124
5,167,128
5,168,124
5,169,133
5,170,144
5,171,147
5,172,127
5,173,139
5,174,135
5,175,135
5,176,126
5,177,144
5,178,132
5,179,864
5,180,126
5,181,152
5,182,128
5,183,165
5,184,139
5,185,164
5,186,119
5,187,145
5,188,139
5,189,161
5,190,119
5,191,162
5,192,124
5,193,155
5,194,117
5,195,161
5,196,124
5,197,165
5,198,149
5,199,150
5,200,134
5,201,164
5,202,133
5,203,157
5,204,120
5,205,170
5,206,127
5,207,171
5,208,126
5,209,172
5,210,696
5,211,193
5,212,121
5,213,218
5,214,139
5,215,209
5,216,113
5,217,181
5,218,131
5,219,192
5,220,133
5,221,522
5,222,124
5,223,195
5,224,123
5,225,306
5,226,123
5,227,214
5,228,118
5,229,206
5,230,132
5,231,192
5,232,124
5,233,205
5,234,129
5,235,1406
5,236,139
5,237,213
5,238,172
5,239,210
5,240,144
5,241,213
5,242,153
5,243,220
5,244,158
5,245,300
5,246,194
5,247,290
5,248,164
5,249,236
5,250,171
5,251,237
5,252,188
5,253,236
5,254,213
5,255,223
5,256,172
6,1,157
6,2,197
6,3,164
6,4,185
6,5,156
6,6,218
6,7,178
6,8,271
6,9,322
6,10,200
6,11,175
6,12,198
6,13,189
6,14,203
6,15,175
6,16,206
6,17,163
6,18,196
6,19,165
6,20,208
6,21,154
6,22,195
6,23,964
6,24,197
6,25,165
6,26,197
6,27,180
6,28,386
6,29,173
6,30,219
6,31,173
6,32,207
6,33,164
6,34,215
6,35,196
6,36,193
6,37,181
6,38,247
6,39,167
6,40,215
6,41,169
6,42,206
6,43,169
6,44,193
6,45,169
6,46,170
6,47,135
6,48,160
6,49,162
6,50,157
6,51,226
6,52,165
6,53,152
6,54,154
6,55,134
6,56,155
6,57,133
6,58,150
6,59,200
6,60,155
6,61,151
6,62,157
6,63,129
6,64,177
6,65,133
6,66,146
6,67,145
6,68,164
6,69,126
6,70,153
6,71,221
6,72,229
6,73,183
6,74,153
6,75,141
6,76,159
6,77,187
6,78,153
6,79,143
6,80,154
6,81,147
6,82,139
6,83,149
6,84,135
6,85,131
6,86,150
6,87,150
6,88,165
6,89,140
6,90,146
6,91,145
6,92,169
6,93,149
6,94,139
6,95,149
6,96,134
6,97,165
6,98,136
6,99,148
6,100,154
6,101,142
6,102,136
6,103,169
6,104,148
6,105,141
6,106,129
6,107,140
6,108,141
6,109,137
6,110,134
6,111,142
6,112,139
6,113,133
6,114,161
6,115,152
6,116,132
6,117,130
6,118,136
6,119,143
6,120,134
6,121,129
6,122,139
6,123,123
6,124,159
6,125,125
6,126,145
6,127,129
6,128,149
6,129,111
6,130,116
6,131,109
6,132,105
6,133,113
6,134,93
6,135,132
6,136,77
6,137,109
6,138,105
6,139,124
6,140,97
6,141,110
6,142,87
6,143,710
6,144,224
6,145,133
6,146,95
6,147,117
6,148,131
6,149,117
6,150,111
6,151,118
6,152,110
6,153,128
6,154,104
6,155,141
6,156,118
6,157,135
6,158,125
6,159,136
6,160,144
6,161,132
6,162,122
6,163,147
6,164,122
6,165,128
6,166,124
6,167,128
6,168,124
6,169,133
6,170,144
6,171,147
6,172,127
6,173,139
6,174,135
6,175,135
6,176,126
6,177,144
6,178,132
6,179,864
6,180,126
6,181,152
6,182,128
6,183,165
6,184,139
6,185,164
6,186,119
6,187,145
6,188,139
6,189,161
6,190,119
6,191,162
6,192,124
6,193,155
6,194,117
6,195,161
6,196,124
6,197,165
6,198,149
6,199,150
6,200,134
6,201,164
6,202,133
6,203,157
6,204,120
6,205,170
6,206,127
6,207,171
6,208,126
6,209,172
6,210,696
6,211,193
6,212,121
6,213,218
6,214,139
6,215,209
6,216,113
6,217,181
6,218,131
6,219,192
6,220,133
6,221,522
6,222,124
6,223,195
6,224,123
6,225,306
6,226,123
6,227,214
6,228,118
6,229,206
6,230,132
6,231,192
6,232,124
6,233,205
6,234,129
6,235,1406
6,236,139
6,237,213
6,238,172
6,239,210
6,240,144
6,241,213
6,242,153
6,243,220
6,244,158
6,245,300
6,246,194
6,247,290
6,248,164
6,249,236
6,250,171
6,251,237
6,252,188
6,253,236
6,254,213
6,255,223
6,256,172
7,1,157
7,2,197
7,3,164
7,4,187
7,5,156
7,6,216
7,7,176
7,8,270
7,9,323
7,10,200
7,11,176
7,12,199
7,13,190
7,14,205
7,15,176
7,16,206
7,17,163
7,18,198
7,19,165
7,20,209
7,21,155
7,22,195
7,23,1007
7,24,198
7,25,167
7,26,199
7,27,181
7,28,386
7,29,173
7,30,218
7,31,173
7,32,208
7,33,163
7,34,215
7,35,196
7,36,193
7,37,183
7,38,247
7,39,167
7,40,216
7,41,169
7,42,207
7,43,169
7,44,193
7,45,168
7,46,171
7,47,135
7,48,160
7,49,159
7,50,158
7,51,228
7,52,166
7,53,153
7,54,154
7,55,135
7,56,155
7,57,133
7,58,151
7,59,201
7,60,155
7,61,152
7,62,155
7,63,128
7,64,176
7,65,132
7,66,146
7,67,144
7,68,166
7,69,124
7,70,153
7,71,222
7,72,228
7,73,182
7,74,154
7,75,142
7,76,160
7,77,188
7,78,154
7,79,144
7,80,154
7,81,146
7,82,140
7,83,147
7,84,137
7,85,131
7,86,150
7,87,151
7,88,166
7,89,139
7,90,147
7,91,144
7,92,170
7,93,149
7,94,138
7,95,151
7,96,135
7,97,167
7,98,137
7,99,149
7,100,156
7,101,142
7,102,136
7,103,169
7,104,149
7,105,141
7,106,128
7,107,140
7,108,142
7,109,138
7,110,134
7,111,142
7,112,140
7,113,132
7,114,162
7,115,153
7,116,133
7,117,132
7,118,137
7,119,143
7,120,136
7,121,128
7,122,140
7,123,123
7,124,160
7,125,124
7,126,145
7,127,130
7,128,150
7,129,112
7,130,117
7,131,109
7,132,106
7,133,114
7,134,94
7,135,132
7,136,77
7,137,110
7,138,104
7,139,123
7,140,98
7,141,110
7,142,88
7,143,710
7,144,225
7,145,134
7,146,96
7,147,117
7,148,131
7,149,117
7,150,112
7,151,117
7,152,109
7,153,129
7,154,107
7,155,140
7,156,118
7,157,135
7,158,126
7,159,136
7,160,144
7,161,131
7,162,122
7,163,146
7,164,122
7,165,129
7,166,125
7,167,129
7,168,125
7,169,133
7,170,145
7,171,146
7,172,126
7,173,139
7,174,137
7,175,136
7,176,127
7,177,145
7,178,133
7,179,860
7,180,128
7,181,152
7,182,128
7,183,164
7,184,141
7,185,165
7,186,119
7,187,144
7,188,141
7,189,160
7,190,119
7,191,162
7,192,126
7,193,156
7,194,118
7,195,161
7,196,124
7,197,166
7,198,148
7,199,151
7,200,135
7,201,163
7,202,134
7,203,158
7,204,122
7,205,170
7,206,127
7,207,170
7,208,127
7,209,172
7,210,698
7,211,194
7,212,122
7,213,215
7,214,138
7,215,209
7,216,113
7,217,180
7,218,130
7,219,193
7,220,134
7,221,534
7,222,125
7,223,196
7,224,124
7,225,306
7,226,122
7,227,214
7,228,116
7,229,205
7,230,133
7,231,192
7,232,125
7,233,205
7,234,130
7,235,1399
7,236,139
7,237,212
7,238,173
7,239,211
7,240,144
7,241,211
7,242,153
7,243,220
7,244,158
7,245,300
7,246,196
7,247,288
7,248,163
7,249,235
7,250,171
7,251,239
7,252,188
7,253,235
7,254,215
7,255,224
7,256,173
8,1,157
8,2,197
8,3,164
8,4,187
8,5,156
8,6,216
8,7,176
8,8,270
8,9,323
8,10,200
8,11,176
8,12,199
8,13,190
8,14,205
8,15,176
8,16,206
8,17,163
8,18,198
8,19,165
8,20,209
8,21,155
8,22,195
8,23,1007
8,24,198
8,25,167
8,26,199
8,27,181
8,28,386
8,29,173
8,30,218
8,31,173
8,32,208
8,33,163
8,34,215
8,35,196
8,36,193
8,37,183
8,38,247
8,39,167
8,40,216
8,41,169
8,42,207
8,43,169
8,44,193
8,45,168
8,46,171
8,47,135
8,48,160
8,49,159
8,50,158
8,51,228
8,52,166
8,53,153
8,54,154
8,55,135
8,56,155
8,57,133
8,58,151
8,59,201
8,60,155
8,61,152
8,62,155
8,63,128
8,64,176
8,65,132
8,66,146
8,67,144
8,68,166
8,69,124
8,70,153
8,71,222
8,72,228
8,73,182
8,74,154
8,75,142
8,76,160
8,77,188
8,78,154
8,79,144
8,80,154
8,81,146
8,82,140
8,83,147
8,84,137
8,85,131
8,86,150
8,87,151
8,88,166
8,89,139
8,90,147
8,91,144
8,92,170
8,93,149
8,94,138
8,95,151
8,96,135
8,97,167
8,98,137
8,99,149
8,100,156
8,101,142
8,102,136
8,103,169
8,104,149
8,105,141
8,106,128
8,107,140
8,108,142
8,109,138
8,110,134
8,111,142
8,112,140
8,113,132
8,114,162
8,115,153
8,116,133
8,117,132
8,118,137
8,119,143
8,120,136
8,121,128
8,122,140
8,123,123
8,124,160
8,125,124
8,126,145
8,127,130
8,128,150
8,129,112
8,130,117
8,131,109
8,132,106
8,133,114
8,134,94
8,135,132
8,136,77
8,137,110
8,138,104
8,139,123
8,140,98
8,141,110
8,142,88
8,143,710
8,144,225
8,145,134
8,146,96
8,147,117
8,148,131
8,149,117
8,150,112
8,151,117
8,152,109
8,153,129
8,154,107
8,155,140
8,156,118
8,157,135
8,158,126
8,159,136
8,160,144
8,161,131
8,162,122
8,163,146
8,164,122
8,165,129
8,166,125
8,167,129
8,168,125
8,169,133
8,170,145
8,171,146
8,172,126
8,173,139
8,174,137
8,175,136
8,176,127
8,177,145
8,178,133
8,179,860
8,180,128
8,181,152
8,182,128
8,183,164
8,184,141
8,185,165
8,186,119
8,187,144
8,188,141
8,189,160
8,190,119
8,191,162
8,192,126
8,193,156
8,194,118
8,195,161
8,196,124
8,197,166
8,198,148
8,199,151
8,200,135
8,201,163
8,202,134
8,203,158
8,204,122
8,205,170
8,206,127
8,207,170
8,208,127
8,209,172
8,210,698
8,211,194
8,212,122
8,213,215
8,214,138
8,215,209
8,216,113
8,217,180
8,218,130
8,219,193
8,220,134
8,221,534
8,222,125
8,223,196
8,224,124
8,225,306
8,226,122
8,227,214
8,228,116
8,229,205
8,230,133
8,231,192
8,232,125
8,233,205
8,234,130
8,235,1399
8,236,139
8,237,212
8,238,173
8,239,211
8,240,144
8,241,211
8,242,153
8,243,220
8,244,158
8,245,300
8,246,196
8,247,288
8,248,163
8,249,235
8,250,171
8,251,239
8,252,188
8,253,235
8,254,215
8,255,224
8,256,173
9,1,154
9,2,195
9,3,163
9,4,186
9,5,157
9,6,216
9,7,177
9,8,273
9,9,324
9,10,199
9,11,176
9,12,199
9,13,189
9,14,204
9,15,174
9,16,206
9,17,164
9,18,197
9,19,165
9,20,208
9,21,155
9,22,196
9,23,966
9,24,198
9,25,166
9,26,197
9,27,179
9,28,386
9,29,174
9,30,220
9,31,172
9,32,207
9,33,164
9,34,214
9,35,196
9,36,194
9,37,182
9,38,247
9,39,169
9,40,217
9,41,170
9,42,207
9,43,168
9,44,191
9,45,169
9,46,171
9,47,135
9,48,160
9,49,161
9,50,157
9,51,223
9,52,165
9,53,153
9,54,155
9,55,135
9,56,154
9,57,133
9,58,151
9,59,201
9,60,155
9,61,152
9,62,156
9,63,128
9,64,176
9,65,132
9,66,146
9,67,144
9,68,165
9,69,125
9,70,153
9,71,220
9,72,229
9,73,183
9,74,154
9,75,142
9,76,160
9,77,189
9,78,155
9,79,143
9,80,154
9,81,145
9,82,140
9,83,148
9,84,137
9,85,134
9,86,150
9,87,151
9,88,165
9,89,138
9,90,147
9,91,145
9,92,171
9,93,150
9,94,138
9,95,150
9,96,136
9,97,166
9,98,136
9,99,148
9,100,156
9,101,142
9,102,136
9,103,169
9,104,148
9,105,141
9,106,129
9,107,139
9,108,142
9,109,137
9,110,133
9,111,143
9,112,140
9,113,133
9,114,160
9,115,151
9,116,133
9,117,131
9,118,137
9,119,144
9,120,136
9,121,129
9,122,139
9,123,122
9,124,159
9,125,126
9,126,145
9,127,129
9,128,149
9,129,111
9,130,112
9,131,109
9,132,106
9,133,114
9,134,93
9,135,131
9,136,77
9,137,108
9,138,104
9,139,122
9,140,98
9,141,110
9,142,88
9,143,711
9,144,224
9,145,134
9,146,95
9,147,117
9,148,131
9,149,117
9,150,112
9,151,117
9,152,110
9,153,128
9,154,105
9,155,141
9,156,118
9,157,135
9,158,127
9,159,137
9,160,142
9,161,131
9,162,122
9,163,145
9,164,123
9,165,128
9,166,125
9,167,128
9,168,126
9,169,133
9,170,144
9,171,147
9,172,128
9,173,139
9,174,137
9,175,136
9,176,126
9,177,144
9,178,133
9,179,859
9,180,126
9,181,152
9,182,128
9,183,164
9,184,140
9,185,164
9,186,118
9,187,145
9,188,137
9,189,161
9,190,120
9,191,162
9,192,126
9,193,156
9,194,117
9,195,160
9,196,124
9,197,165
9,198,149
9,199,151
9,200,133
9,201,163
9,202,133
9,203,157
9,204,121
9,205,170
9,206,126
9,207,169
9,208,126
9,209,172
9,210,695
9,211,195
9,212,121
9,213,217
9,214,139
9,215,210
9,216,112
9,217,179
9,218,130
9,219,192
9,220,134
9,221,523
9,222,125
9,223,194
9,224,123
9,225,305
9,226,123
9,227,214
9,228,117
9,229,207
9,230,133
9,231,191
9,232,125
9,233,205
9,234,129
9,235,1401
9,236,137
9,237,212
9,238,173
9,239,210
9,240,146
9,241,213
9,242,153
9,243,221
9,244,158
9,245,299
9,246,190
9,247,287
9,248,163
9,249,239
9,250,172
9,251,239
9,252,188
9,253,234
9,254,218
9,255,223
9,256,173
10,1,154
10,2,195
10,3,163
10,4,186
10,5,157
10,6,216
10,7,177
10,8,273
10,9,324
10,10,199
10,11,176
10,12,199
10,13,189
10,14,204
10,15,174
10,16,206
10,17,164
10,18,197
10,19,165
10,20,208
10,21,155
10,22,196
10,23,966
10,24,198
10,25,166
10,26,197
10,27,179
10,28,386
10,29,174
10,30,220
10,31,172
10,32,207
10,33,164
10,34,214
10,35,196
10,36,194
10,37,182
10,38,247
10,39,169
10,40,217
10,41,170
10,42,207
10,43,168
10,44,191
10,45,169
10,46,171
10,47,135
10,48,160
10,49,161
10,50,157
10,51,223
10,52,165
10,53,153
10,54,155
10,55,135
10,56,154
10,57,133
10,58,151
10,59,201
10,60,155
10,61,152
10,62,156
10,63,128
10,64,176
10,65,132
10,66,146
10,67,144
10,68,165
10,69,125
10,70,153
10,71,220
10,72,229
10,73,183
10,74,154
10,75,142
10,76,160
10,77,189
10,78,155
10,79,143
10,80,154
10,81,145
10,82,140
10,83,148
10,84,137
10,85,134
10,86,150
10,87,151
10,88,165
10,89,138
10,90,147
10,91,145
10,92,171
10,93,150
10,94,138
10,95,150
10,96,136
10,97,166
10,98,136
10,99,148
10,100,156
10,101,142
10,102,136
10,103,169
10,104,148
10,105,141
10,106,129
10,107,139
10,108,142
10,109,137
10,110,133
10,111,143
10,112,140
10,113,133
10,114,160
10,115,151
10,116,133
10,117,131
10,118,137
10,119,144
10,120,136
10,121,129
10,122,139
10,123,122
10,124,159
10,125,126
10,126,145
10,127,129
10,128,149
10,129,111
10,130,112
10,131,109
10,132,106
10,133,114
10,134,93
10,135,131
10,136,77
10,137,108
10,138,104
10,139,122
10,140,98
10,141,110
10,142,88
10,143,711
10,144,224
10,145,134
10,146,95
10,147,117
10,148,131
10,149,117
10,150,112
10,151,117
10,152,110
10,153,128
10,154,105
10,155,141
10,156,118
10,157,135
10,158,127
10,159,137
10,160,142
10,161,131
10,162,122
10,163,145
10,164,123
10,165,128
10,166,125
10,167,128
10,168,126
10,169,133
10,170,144
10,171,147
10,172,128
10,173,139
10,174,137
10,175,136
10,176,126
10,177,144
10,178,133
10,179,859
10,180,126
10,181,152
10,182,128
10,183,164
10,184,140
10,185,164
10,186,118
10,187,145
10,188,137
10,189,161
10,190,120
10,191,162
10,192,126
10,193,156
10,194,117
10,195,160
10,196,124
10,197,165
10,198,149
10,199,151
10,200,133
10,201,163
10,202,133
10,203,157
10,204,121
10,205,170
10,206,126
10,207,169
10,208,126
10,209,172
10,210,695
10,211,195
10,212,121
10,213,217
10,214,139
10,215,210
10,216,112
10,217,179
10,218,130
10,219,192
10,220,134
10,221,523
10,222,125
10,223,194
10,224,123
10,225,305
10,226,123
10,227,214
10,228,117
10,229,207
10,230,133
10,231,191
10,232,125
10,233,205
10,234,129
10,235,1401
10,236,137
10,237,212
10,238,173
10,239,210
10,240,146
10,241,213
10,242,153
10,243,221
10,244,158
10,245,299
10,246,190
10,247,287
10,248,163
10,249,239
10,250,172
10,251,239
10,252,188
10,253,234
10,254,218
10,255,223
10,256,173
11,1,156
11,2,196
11,3,163
11,4,186
11,5,156
11,6,215
11,7,177
11,8,271
11,9,328
11,10,198
11,11,176
11,12,197
11,13,187
11,14,203
11,15,174
11,16,204
11,17,162
11,18,198
11,19,166
11,20,208
11,21,154
11,22,194
11,23,972
11,24,198
11,25,167
11,26,199
11,27,179
11,28,386
11,29,172
11,30,218
11,31,171
11,32,207
11,33,163
11,34,215
11,35,195
11,36,193
11,37,181
11,38,247
11,39,167
11,40,216
11,41,170
11,42,206
11,43,169
11,44,192
11,45,167
11,46,170
11,47,135
11,48,161
11,49,160
11,50,157
11,51,226
11,52,164
11,53,152
11,54,154
11,55,135
11,56,155
11,57,133
11,58,150
11,59,200
11,60,154
11,61,151
11,62,156
11,63,128
11,64,175
11,65,133
11,66,146
11,67,144
11,68,165
11,69,125
11,70,152
11,71,221
11,72,228
11,73,183
11,74,154
11,75,141
11,76,159
11,77,187
11,78,153
11,79,144
11,80,154
11,81,145
11,82,139
11,83,148
11,84,136
11,85,133
11,86,149
11,87,151
11,88,165
11,89,139
11,90,147
11,91,143
11,92,168
11,93,148
11,94,138
11,95,150
11,96,136
11,97,162
11,98,136
11,99,148
11,100,156
11,101,141
11,102,136
11,103,170
11,104,148
11,105,141
11,106,128
11,107,139
11,108,140
11,109,137
11,110,133
11,111,142
11,112,139
11,113,133
11,114,161
11,115,152
11,116,132
11,117,130
11,118,136
11,119,143
11,120,136
11,121,128
11,122,139
11,123,122
11,124,159
11,125,124
11,126,144
11,127,129
11,128,148
11,129,110
11,130,113
11,131,109
11,132,105
11,133,113
11,134,93
11,135,132
11,136,77
11,137,110
11,138,104
11,139,122
11,140,98
11,141,108
11,142,86
11,143,711
11,144,223
11,145,133
11,146,94
11,147,115
11,148,130
11,149,116
11,150,111
11,151,117
11,152,109
11,153,127
11,154,105
11,155,140
11,156,118
11,157,135
11,158,125
11,159,137
11,160,143
11,161,131
11,162,122
11,163,146
11,164,122
11,165,127
11,166,125
11,167,128
11,168,125
11,169,133
11,170,145
11,171,146
11,172,127
11,173,138
11,174,136
11,175,136
11,176,125
11,177,144
11,178,131
11,179,860
11,180,126
11,181,153
11,182,128
11,183,164
11,184,140
11,185,163
11,186,120
11,187,143
11,188,136
11,189,161
11,190,119
11,191,162
11,192,125
11,193,155
11,194,118
11,195,160
11,196,122
11,197,165
11,198,147
11,199,151
11,200,133
11,201,164
11,202,133
11,203,158
11,204,122
11,205,169
11,206,127
11,207,169
11,208,125
11,209,172
11,210,697
11,211,194
11,212,121
11,213,216
11,214,138
11,215,210
11,216,111
11,217,179
11,218,130
11,219,193
11,220,133
11,221,541
11,222,125
11,223,195
11,224,123
11,225,305
11,226,123
11,227,213
11,228,117
11,229,206
11,230,132
11,231,191
11,232,125
11,233,205
11,234,129
11,235,1402
11,236,138
11,237,213
11,238,173
11,239,211
11,240,143
11,241,213
11,242,153
11,243,220
11,244,157
11,245,299
11,246,191
11,247,286
11,248,163
11,249,239
11,250,172
11,251,238
11,252,188
11,253,234
11,254,216
11,255,223
11,256,172
12,1,156
12,2,196
12,3,163
12,4,186
12,5,156
12,6,215
12,7,177
12,8,271
12,9,328
12,10,198
12,11,176
12,12,197
12,13,187
12,14,203
12,15,174
12,16,204
12,17,162
12,18,198
12,19,166
12,20,208
12,21,154
12,22,194
12,23,972
12,24,198
12,25,167
12,26,199
12,27,179
12,28,386
12,29,172
12,30,218
12,31,171
12,32,207
12,33,163
12,34,215
12,35,195
12,36,193
12,37,181
12,38,247
12,39,167
12,40,216
12,41,170
12,42,206
12,43,169
12,44,192
12,45,167
12,46,170
12,47,135
12,48,161
12,49,160
12,50,157
12,51,226
12,52,164
12,53,152
12,54,154
12,55,135
12,56,155
12,57,133
12,58,150
12,59,200
12,60,154
12,61,151
12,62,156
12,63,128
12,64,175
12,65,133
12,66,146
12,67,144
12,68,165
12,69,125
12,70,152
12,71,221
12,72,228
12,73,183
12,74,154
12,75,141
12,76,159
12,77,187
12,78,153
12,79,144
12,80,154
12,81,145
12,82,139
12,83,148
12,84,136
12,85,133
12,86,149
12,87,151
12,88,165
12,89,139
12,90,147
12,91,143
12,92,168
12,93,148
12,94,138
12,95,150
12,96,136
12,97,162
12,98,136
12,99,148
12,100,156
12,101,141
12,102,136
12,103,170
12,104,148
12,105,141
12,106,128
12,107,139
12,108,140
12,109,137
12,110,133
12,111,142
12,112,139
12,113,133
12,114,161
12,115,152
12,116,132
12,117,130
12,118,136
12,119,143
12,120,136
12,121,128
12,122,139
12,123,122
12,124,159
12,125,124
12,126,144
12,127,129
12,128,148
12,129,110
12,130,113
12,131,109
12,132,105
12,133,113
12,134,93
12,135,132
12,136,77
12,137,110
12,138,104
12,139,122
12,140,98
12,141,108
12,142,86
12,143,711
12,144,223
12,145,133
12,146,94
12,147,115
12,148,130
12,149,116
12,150,111
12,151,117
12,152,109
12,153,127
12,154,105
12,155,140
12,156,118
12,157,135
12,158,125
12,159,137
12,160,143
12,161,131
12,162,122
12,163,146
12,164,122
12,165,127
12,166,125
12,167,128
12,168,125
12,169,133
12,170,145
12,171,146
12,172,127
12,173,138
12,174,136
12,175,136
12,176,125
12,177,144
12,178,131
12,179,860
12,180,126
12,181,153
12,182,128
12,183,164
12,184,140
12,185,163
12,186,120
12,187,143
12,188,136
12,189,161
12,190,119
12,191,162
12,192,125
12,193,155
12,194,118
12,195,160
12,196,122
12,197,165
12,198,147
12,199,151
12,200,133
12,201,164
12,202,133
12,203,158
12,204,122
12,205,169
12,206,127
12,207,169
12,208,125
12,209,172
12,210,697
12,211,194
12,212,121
12,213,216
12,214,138
12,215,210
12,216,111
12,217,179
12,218,130
12,219,193
12,220,133
12,221,541
12,222,125
12,223,195
12,224,123
12,225,305
12,226,123
12,227,213
12,228,117
12,229,206
12,230,132
12,231,191
12,232,125
12,233,205
12,234,129
12,235,1402
12,236,138
12,237,213
12,238,173
12,239,211
12,240,143
12,241,213
12,242,153
12,243,220
12,244,157
12,245,299
12,246,191
12,247,286
12,248,163
12,249,239
12,250,172
12,251,238
12,252,188
12,253,234
12,254,216
12,255,223
12,256,172
13,1,154
13,2,195
13,3,163
13,4,186
13,5,155
13,6,218
13,7,177
13,8,268
13,9,326
13,10,200
13,11,175
13,12,199
13,13,187
13,14,205
13,15,174
13,16,206
13,17,162
13,18,198
13,19,165
13,20,208
13,21,154
13,22,196
13,23,967
13,24,198
13,25,166
13,26,198
13,27,179
13,28,386
13,29,171
13,30,219
13,31,171
13,32,207
13,33,162
13,34,216
13,35,196
13,36,194
13,37,181
13,38,247
13,39,168
13,40,218
13,41,168
13,42,208
13,43,167
13,44,193
13,45,167
13,46,172
13,47,135
13,48,161
13,49,160
13,50,158
13,51,225
13,52,165
13,53,152
13,54,155
13,55,135
13,56,155
13,57,132
13,58,151
13,59,199
13,60,154
13,61,151
13,62,157
13,63,129
13,64,177
13,65,132
13,66,146
13,67,144
13,68,166
13,69,125
13,70,153
13,71,218
13,72,226
13,73,185
13,74,153
13,75,140
13,76,159
13,77,186
13,78,154
13,79,143
13,80,155
13,81,145
13,82,139
13,83,146
13,84,137
13,85,132
13,86,150
13,87,152
13,88,166
13,89,139
13,90,147
13,91,143
13,92,169
13,93,147
13,94,139
13,95,150
13,96,136
13,97,165
13,98,136
13,99,146
13,100,155
13,101,141
13,102,137
13,103,167
13,104,147
13,105,141
13,106,129
13,107,139
13,108,141
13,109,137
13,110,134
13,111,142
13,112,139
13,113,132
13,114,160
13,115,152
13,116,133
13,117,130
13,118,136
13,119,143
13,120,136
13,121,128
13,122,140
13,123,123
13,124,161
13,125,125
13,126,145
13,127,129
13,128,149
13,129,111
13,130,112
13,131,108
13,132,106
13,133,112
13,134,93
13,135,131
13,136,78
13,137,108
13,138,103
13,139,123
13,140,98
13,141,110
13,142,88
13,143,711
13,144,223
13,145,133
13,146,96
13,147,116
13,148,132
13,149,118
13,150,114
13,151,117
13,152,110
13,153,126
13,154,106
13,155,140
13,156,119
13,157,134
13,158,127
13,159,137
13,160,143
13,161,132
13,162,122
13,163,146
13,164,122
13,165,128
13,166,125
13,167,129
13,168,125
13,169,133
13,170,145
13,171,146
13,172,126
13,173,138
13,174,137
13,175,135
13,176,127
13,177,143
13,178,133
13,179,858
13,180,127
13,181,152
13,182,128
13,183,163
13,184,141
13,185,164
13,186,118
13,187,145
13,188,135
13,189,160
13,190,121
13,191,167
13,192,125
13,193,155
13,194,119
13,195,160
13,196,125
13,197,167
13,198,152
13,199,151
13,200,191
13,201,164
13,202,133
13,203,157
13,204,121
13,205,169
13,206,127
13,207,170
13,208,126
13,209,171
13,210,698
13,211,193
13,212,121
13,213,218
13,214,138
13,215,210
13,216,113
13,217,182
13,218,130
13,219,194
13,220,134
13,221,521
13,222,125
13,223,194
13,224,124
13,225,305
13,226,123
13,227,212
13,228,119
13,229,206
13,230,133
13,231,192
13,232,126
13,233,205
13,234,129
13,235,1397
13,236,139
13,237,211
13,238,174
13,239,211
13,240,145
13,241,212
13,242,154
13,243,221
13,244,157
13,245,300
13,246,191
13,247,288
13,248,164
13,249,238
13,250,171
13,251,240
13,252,188
13,253,234
13,254,218
13,255,223
13,256,173
14,1,154
14,2,195
14,3,163
14,4,186
14,5,155
14,6,218
14,7,177
14,8,268
14,9,326
14,10,200
14,11,175
14,12,199
14,13,187
14,14,205
14,15,174
14,16,206
14,17,162
14,18,198
14,19,165
14,20,208
14,21,154
14,22,196
14,23,967
14,24,198
14,25,166
14,26,198
14,27,179
14,28,386
14,29,171
14,30,219
14,31,171
14,32,207
14,33,162
14,34,216
14,35,196
14,36,194
14,37,181
14,38,247
14,39,168
14,40,218
14,41,168
14,42,208
14,43,167
14,44,193
14,45,167
14,46,172
14,47,135
14,48,161
14,49,160
14,50,158
14,51,225
14,52,165
14,53,152
14,54,155
14,55,135
14,56,155
14,57,132
14,58,151
14,59,199
14,60,154
14,61,151
14,62,157
14,63,129
14,64,177
14,65,132
14,66,146
14,67,144
14,68,166
14,69,125
14,70,153
14,71,218
14,72,226
14,73,185
14,74,153
14,75,140
14,76,159
14,77,186
14,78,154
14,79,143
14,80,155
14,81,145
14,82,139
14,83,146
14,84,137
14,85,132
14,86,150
14,87,152
14,88,166
14,89,139
14,90,147
14,91,143
14,92,169
14,93,147
14,94,139
14,95,150
14,96,136
14,97,165
14,98,136
14,99,146
14,100,155
14,101,141
14,102,137
14,103,167
14,104,147
14,105,141
14,106,129
14,107,139
14,108,141
14,109,137
14,110,134
14,111,142
14,112,139
14,113,132
14,114,160
14,115,152
14,116,133
14,117,130
14,118,136
14,119,143
14,120,136
14,121,128
14,122,140
14,123,123
14,124,161
14,125,125
14,126,145
14,127,129
14,128,149
14,129,111
14,130,112
14,131,108
14,132,106
14,133,112
14,134,93
14,135,131
14,136,78
14,137,108
14,138,103
14,139,123
14,140,98
14,141,110
14,142,88
14,143,711
14,144,223
14,145,133
14,146,96
14,147,116
14,148,132
14,149,118
14,150,114
14,151,117
14,152,110
14,153,126
14,154,106
14,155,140
14,156,119
14,157,134
14,158,127
14,159,137
14,160,143
14,161,132
14,162,122
14,163,146
14,164,122
14,165,128
14,166,125
14,167,129
14,168,125
14,169,133
14,170,145
14,171,146
14,172,126
14,173,138
14,174,137
14,175,135
14,176,127
14,177,143
14,178,133
14,179,858
14,180,127
14,181,152
14,182,128
14,183,163
14,184,141
14,185,164
14,186,118
14,187,145
14,188,135
14,189,160
14,190,121
14,191,167
14,192,125
14,193,155
14,194,119
14,195,160
14,196,125
14,197,167
14,198,152
14,199,151
14,200,191
14,201,164
14,202,133
14,203,157
14,204,121
14,205,169
14,206,127
14,207,170
14,208,126
14,209,171
14,210,698
14,211,193
14,212,121
14,213,218
14,214,138
14,215,210
14,216,113
14,217,182
14,218,130
14,219,194
14,220,134
14,221,521
14,222,125
14,223,194
14,224,124
14,225,305
14,226,123
14,227,212
14,228,119
14,229,206
14,230,133
14,231,192
14,232,126
14,233,205
14,234,129
14,235,1397
14,236,139
14,237,211
14,238,174
14,239,211
14,240,145
14,241,212
14,242,154
14,243,221
14,244,157
14,245,300
14,246,191
14,247,288
14,248,164
14,249,238
14,250,171
14,251,240
14,252,188
14,253,234
14,254,218
14,255,223
14,256,173
15,1,155
15,2,198
15,3,164
15,4,186
15,5,156
15,6,218
15,7,177
15,8,269
15,9,324
15,10,199
15,11,176
15,12,198
15,13,189
15,14,205
15,15,175
15,16,205
15,17,163
15,18,197
15,19,165
15,20,209
15,21,155
15,22,196
15,23,1013
15,24,197
15,25,165
15,26,199
15,27,180
15,28,388
15,29,173
15,30,219
15,31,170
15,32,208
15,33,163
15,34,215
15,35,196
15,36,193
15,37,181
15,38,245
15,39,167
15,40,215
15,41,168
15,42,206
15,43,168
15,44,193
15,45,168
15,46,171
15,47,135
15,48,160
15,49,162
15,50,158
15,51,222
15,52,166
15,53,152
15,54,155
15,55,136
15,56,154
15,57,133
15,58,151
15,59,201
15,60,153
15,61,151
15,62,157
15,63,128
15,64,177
15,65,132
15,66,146
15,67,146
15,68,166
15,69,126
15,70,152
15,71,220
15,72,228
15,73,184
15,74,154
15,75,142
15,76,160
15,77,187
15,78,154
15,79,143
15,80,155
15,81,147
15,82,140
15,83,147
15,84,137
15,85,132
15,86,149
15,87,151
15,88,166
15,89,139
15,90,147
15,91,145
15,92,169
15,93,148
15,94,139
15,95,150
15,96,135
15,97,171
15,98,136
15,99,149
15,100,155
15,101,141
15,102,137
15,103,168
15,104,148
15,105,142
15,106,130
15,107,139
15,108,141
15,109,137
15,110,133
15,111,142
15,112,140
15,113,133
15,114,161
15,115,152
15,116,132
15,117,130
15,118,136
15,119,143
15,120,137
15,121,128
15,122,139
15,123,123
15,124,161
15,125,125
15,126,145
15,127,129
15,128,149
15,129,111
15,130,114
15,131,109
15,132,107
15,133,113
15,134,93
15,135,130
15,136,78
15,137,109
15,138,103
15,139,124
15,140,98
15,141,109
15,142,88
15,143,709
15,144,223
15,145,134
15,146,96
15,147,116
15,148,132
15,149,118
15,150,112
15,151,117
15,152,109
15,153,128
15,154,106
15,155,141
15,156,118
15,157,134
15,158,126
15,159,137
15,160,145
15,161,131
15,162,123
15,163,146
15,164,122
15,165,127
15,166,125
15,167,128
15,168,125
15,169,133
15,170,145
15,171,147
15,172,128
15,173,139
15,174,141
15,175,137
15,176,127
15,177,145
15,178,132
15,179,858
15,180,127
15,181,153
15,182,128
15,183,164
15,184,141
15,185,163
15,186,120
15,187,146
15,188,137
15,189,160
15,190,120
15,191,161
15,192,125
15,193,156
15,194,118
15,195,160
15,196,124
15,197,167
15,198,147
15,199,150
15,200,134
15,201,163
15,202,134
15,203,158
15,204,121
15,205,169
15,206,127
15,207,170
15,208,126
15,209,171
15,210,698
15,211,194
15,212,121
15,213,216
15,214,139
15,215,208
15,216,113
15,217,180
15,218,131
15,219,192
15,220,134
15,221,533
15,222,125
15,223,195
15,224,124
15,225,308
15,226,123
15,227,216
15,228,118
15,229,206
15,230,133
15,231,193
15,232,125
15,233,206
15,234,129
15,235,1403
15,236,139
15,237,214
15,238,174
15,239,211
15,240,144
15,241,213
15,242,153
15,243,220
15,244,157
15,245,299
15,246,190
15,247,289
15,248,164
15,249,237
15,250,171
15,251,240
15,252,189
15,253,235
15,254,218
15,255,224
15,256,175
16,1,155
16,2,198
16,3,164
16,4,186
16,5,156
16,6,218
16,7,177
16,8,269
16,9,324
16,10,199
16,11,176
16,12,198
16,13,189
16,14,205
16,15,175
16,16,205
16,17,163
16,18,197
16,19,165
16,20,209
16,21,155
16,22,196
16,23,1013
16,24,197
16,25,165
16,26,199
16,27,180
16,28,388
16,29,173
16,30,219
16,31,170
16,32,208
16,33,163
16,34,215
16,35,196
16,36,193
16,37,181
16,38,245
16,39,167
16,40,215
16,41,168
16,42,206
16,43,168
16,44,193
16,45,168
16,46,171
16,47,135
16,48,160
16,49,162
16,50,158
16,51,222
16,52,166
16,53,152
16,54,155
16,55,136
16,56,154
16,57,133
16,58,151
16,59,201
16,60,153
16,61,151
16,62,157
16,63,128
16,64,177
16,65,132
16,66,146
16,67,146
16,68,166
16,69,126
16,70,152
16,71,220
16,72,228
16,73,184
16,74,154
16,75,142
16,76,160
16,77,187
16,78,154
16,79,143
16,80,155
16,81,147
16,82,140
16,83,147
16,84,137
16,85,132
16,86,149
16,87,151
16,88,166
16,89,139
16,90,147
16,91,145
16,92,169
16,93,148
16,94,139
16,95,150
16,96,135
16,97,171
16,98,136
16,99,149
16,100,155
16,101,141
16,102,137
16,103,168
16,104,148
16,105,142
16,106,130
16,107,139
16,108,141
16,109,137
16,110,133
16,111,142
16,112,140
16,113,133
16,114,161
16,115,152
16,116,132
16,117,130
16,118,136
16,119,143
16,120,137
16,121,128
16,122,139
16,123,123
16,124,161
16,125,125
16,126,145
16,127,129
16,128,149
16,129,111
16,130,114
16,131,109
16,132,107
16,133,113
16,134,93
16,135,130
16,136,78
16,137,109
16,138,103
16,139,124
16,140,98
16,141,109
16,142,88
16,143,709
16,144,223
16,145,134
16,146,96
16,147,116
16,148,132
16,149,118
16,150,112
16,151,117
16,152,109
16,153,128
16,154,106
16,155,141
16,156,118
16,157,134
16,158,126
16,159,137
16,160,145
16,161,131
16,162,123
16,163,146
16,164,122
16,165,127
16,166,125
16,167,128
16,168,125
16,169,133
16,170,145
16,171,147
16,172,128
16,173,139
16,174,141
16,175,137
16,176,127
16,177,145
16,178,132
16,179,858
16,180,127
16,181,153
16,182,128
16,183,164
16,184,141
16,185,163
16,186,120
16,187,146
16,188,137
16,189,160
16,190,120
16,191,161
16,192,125
16,193,156
16,194,118
16,195,160
16,196,124
16,197,167
16,198,147
16,199,150
16,200,134
16,201,163
16,202,134
16,203,158
16,204,121
16,205,169
16,206,127
16,207,170
16,208,126
16,209,171
16,210,698
16,211,194
16,212,121
16,213,216
16,214,139
16,215,208
16,216,113
16,217,180
16,218,131
16,219,192
16,220,134
16,221,533
16,222,125
16,223,195
16,224,124
16,225,308
16,226,123
16,227,216
16,228,118
16,229,206
16,230,133
16,231,193
16,232,125
16,233,206
16,234,129
16,235,1403
16,236,139
16,237,214
16,238,174
16,239,211
16,240,144
16,241,213
16,242,153
16,243,220
16,244,157
16,245,299
16,246,190
16,247,289
16,248,164
16,249,237
16,250,171
16,251,240
16,252,189
16,253,235
16,254,218
16,255,224
16,256,175
17,1,157
17,2,196
17,3,165
17,4,185
17,5,157
17,6,217
17,7,178
17,8,268
17,9,325
17,10,199
17,11,175
17,12,199
17,13,188
17,14,204
17,15,175
17,16,205
17,17,163
17,18,197
17,19,165
17,20,208
17,21,154
17,22,198
17,23,967
17,24,197
17,25,166
17,26,198
17,27,180
17,28,387
17,29,172
17,30,220
17,31,172
17,32,208
17,33,163
17,34,216
17,35,195
17,36,194
17,37,182
17,38,246
17,39,168
17,40,216
17,41,169
17,42,206
17,43,169
17,44,192
17,45,164
17,46,171
17,47,135
17,48,159
17,49,160
17,50,157
17,51,226
17,52,167
17,53,152
17,54,154
17,55,135
17,56,155
17,57,133
17,58,151
17,59,199
17,60,155
17,61,152
17,62,156
17,63,128
17,64,175
17,65,133
17,66,147
17,67,145
17,68,165
17,69,126
17,70,154
17,71,219
17,72,229
17,73,184
17,74,154
17,75,143
17,76,159
17,77,187
17,78,154
17,79,144
17,80,154
17,81,146
17,82,138
17,83,147
17,84,137
17,85,134
17,86,150
17,87,151
17,88,165
17,89,140
17,90,148
17,91,145
17,92,170
17,93,149
17,94,138
17,95,149
17,96,135
17,97,165
17,98,137
17,99,148
17,100,156
17,101,141
17,102,135
17,103,168
17,104,149
17,105,141
17,106,129
17,107,140
17,108,140
17,109,137
17,110,133
17,111,143
17,112,139
17,113,133
17,114,160
17,115,151
17,116,133
17,117,131
17,118,136
17,119,143
17,120,136
17,121,129
17,122,139
17,123,122
17,124,160
17,125,125
17,126,146
17,127,129
17,128,149
17,129,111
17,130,113
17,131,108
17,132,106
17,133,114
17,134,92
17,135,132
17,136,77
17,137,108
17,138,104
17,139,123
17,140,98
17,141,109
17,142,88
17,143,711
17,144,223
17,145,135
17,146,96
17,147,117
17,148,131
17,149,117
17,150,112
17,151,117
17,152,109
17,153,128
17,154,106
17,155,142
17,156,118
17,157,134
17,158,126
17,159,137
17,160,145
17,161,133
17,162,123
17,163,146
17,164,122
17,165,127
17,166,124
17,167,129
17,168,125
17,169,133
17,170,145
17,171,147
17,172,127
17,173,138
17,174,136
17,175,136
17,176,127
17,177,144
17,178,132
17,179,856
17,180,128
17,181,153
17,182,128
17,183,165
17,184,141
17,185,164
17,186,120
17,187,144
17,188,137
17,189,162
17,190,120
17,191,164
17,192,125
17,193,155
17,194,118
17,195,160
17,196,124
17,197,166
17,198,147
17,199,151
17,200,133
17,201,164
17,202,134
17,203,157
17,204,121
17,205,169
17,206,127
17,207,170
17,208,126
17,209,173
17,210,697
17,211,195
17,212,121
17,213,217
17,214,139
17,215,209
17,216,112
17,217,180
17,218,130
17,219,192
17,220,133
17,221,522
17,222,123
17,223,195
17,224,123
17,225,308
17,226,122
17,227,216
17,228,118
17,229,206
17,230,131
17,231,191
17,232,125
17,233,206
17,234,127
17,235,1410
17,236,138
17,237,213
17,238,173
17,239,211
17,240,143
17,241,212
17,242,154
17,243,220
17,244,157
17,245,299
17,246,190
17,247,291
17,248,163
17,249,240
17,250,171
17,251,238
17,252,188
17,253,235
17,254,217
17,255,224
17,256,173
18,1,157
18,2,196
18,3,165
18,4,185
18,5,157
18,6,217
18,7,178
18,8,268
18,9,325
18,10,199
18,11,175
18,12,199
18,13,188
18,14,204
18,15,175
18,16,205
18,17,163
18,18,197
18,19,165
18,20,208
18,21,154
18,22,198
18,23,967
18,24,197
18,25,166
18,26,198
18,27,180
18,28,387
18,29,172
18,30,220
18,31,172
18,32,208
18,33,163
18,34,216
18,35,195
18,36,194
18,37,182
18,38,246
18,39,168
18,40,216
18,41,169
18,42,206
18,43,169
18,44,192
18,45,164
18,46,171
18,47,135
18,48,159
18,49,160
18,50,157
18,51,226
18,52,167
18,53,152
18,54,154
18,55,135
18,56,155
18,57,133
18,58,151
18,59,199
18,60,155
18,61,152
18,62,156
18,63,128
18,64,175
18,65,133
18,66,147
18,67,145
18,68,165
18,69,126
18,70,154
18,71,219
18,72,229
18,73,184
18,74,154
18,75,143
18,76,159
18,77,187
18,78,154
18,79,144
18,80,154
18,81,146
18,82,138
18,83,147
18,84,137
18,85,134
18,86,150
18,87,151
18,88,165
18,89,140
18,90,148
18,91,145
18,92,170
18,93,149
18,94,138
18,95,149
18,96,135
18,97,165
18,98,137
18,99,148
18,100,156
18,101,141
18,102,135
18,103,168
18,104,149
18,105,141
18,106,129
18,107,140
18,108,140
18,109,137
18,110,133
18,111,143
18,112,139
18,113,133
18,114,160
18,115,151
18,116,133
18,117,131
18,118,136
18,119,143
18,120,136
18,121,129
18,122,139
18,123,122
18,124,160
18,125,125
18,126,146
18,127,129
18,128,149
18,129,111
18,130,113
18,131,108
18,132,106
18,133,114
18,134,92
18,135,132
18,136,77
18,137,108
18,138,104
18,139,123
18,140,98
18,141,109
18,142,88
18,143,711
18,144,223
18,145,135
18,146,96
18,147,117
18,148,131
18,149,117
18,150,112
18,151,117
18,152,109
18,153,128
18,154,106
18,155,142
18,156,118
18,157,134
18,158,126
18,159,137
18,160,145
18,161,133
18,162,123
18,163,146
18,164,122
18,165,127
18,166,124
18,167,129
18,168,125
18,169,133
18,170,145
18,171,147
18,172,127
18,173,138
18,174,136
18,175,136
18,176,127
18,177,144
18,178,132
18,179,856
18,180,128
18,181,153
18,182,128
18,183,165
18,184,141
18,185,164
18,186,120
18,187,144
18,188,137
18,189,162
18,190,120
18,191,164
18,192,125
18,193,155
18,194,118
18,195,160
18,196,124
18,197,166
18,198,147
18,199,151
18,200,133
18,201,164
18,202,134
18,203,157
18,204,121
18,205,169
18,206,127
18,207,170
18,208,126
18,209,173
18,210,697
18,211,195
18,212,121
18,213,217
18,214,139
18,215,209
18,216,112
18,217,180
18,218,130
18,219,192
18,220,133
18,221,522
18,222,123
18,223,195
18,224,123
18,225,308
18,226,122
18,227,216
18,228,118
18,229,206
18,230,131
18,231,191
18,232,125
18,233,206
18,234,127
18,235,1410
18,236,138
18,237,213
18,238,173
18,239,211
18,240,143
18,241,212
18,242,154
18,243,220
18,244,157
18,245,299
18,246,190
18,247,291
18,248,163
18,249,240
18,250,171
18,251,238
18,252,188
18,253,235
18,254,217
18,255,224
18,256,173
19,1,155
19,2,194
19,3,165
19,4,185
19,5,157
19,6,218
19,7,177
19,8,269
19,9,318
19,10,200
19,11,177
19,12,199
19,13,189
19,14,205
19,15,175
19,16,206
19,17,163
19,18,198
19,19,166
19,20,207
19,21,155
19,22,196
19,23,967
19,24,198
19,25,167
19,26,199
19,27,181
19,28,386
19,29,172
19,30,220
19,31,172
19,32,207
19,33,163
19,34,216
19,35,195
19,36,195
19,37,182
19,38,248
19,39,168
19,40,217
19,41,169
19,42,207
19,43,170
19,44,192
19,45,164
19,46,172
19,47,136
19,48,160
19,49,161
19,50,159
19,51,222
19,52,167
19,53,152
19,54,155
19,55,136
19,56,155
19,57,133
19,58,152
19,59,201
19,60,155
19,61,151
19,62,157
19,63,129
19,64,177
19,65,133
19,66,147
19,67,144
19,68,166
19,69,125
19,70,153
19,71,220
19,72,230
19,73,183
19,74,154
19,75,142
19,76,158
19,77,188
19,78,154
19,79,144
19,80,155
19,81,146
19,82,139
19,83,148
19,84,137
19,85,133
19,86,151
19,87,151
19,88,166
19,89,139
19,90,148
19,91,145
19,92,168
19,93,147
19,94,139
19,95,151
19,96,137
19,97,165
19,98,136
19,99,147
19,100,155
19,101,141
19,102,137
19,103,169
19,104,148
19,105,142
19,106,129
19,107,140
19,108,141
19,109,138
19,110,134
19,111,142
19,112,139
19,113,133
19,114,161
19,115,152
19,116,134
19,117,131
19,118,137
19,119,143
19,120,137
19,121,130
19,122,139
19,123,123
19,124,159
19,125,125
19,126,145
19,127,130
19,128,150
19,129,112
19,130,113
19,131,110
19,132,106
19,133,113
19,134,93
19,135,132
19,136,78
19,137,108
19,138,103
19,139,122
19,140,99
19,141,109
19,142,87
19,143,710
19,144,225
19,145,133
19,146,96
19,147,117
19,148,133
19,149,118
19,150,111
19,151,117
19,152,110
19,153,128
19,154,106
19,155,141
19,156,118
19,157,134
19,158,126
19,159,138
19,160,144
19,161,133
19,162,123
19,163,146
19,164,123
19,165,128
19,166,125
19,167,129
19,168,125
19,169,133
19,170,146
19,171,147
19,172,128
19,173,139
19,174,137
19,175,135
19,176,127
19,177,144
19,178,134
19,179,857
19,180,127
19,181,152
19,182,128
19,183,165
19,184,141
19,185,165
19,186,119
19,187,144
19,188,136
19,189,160
19,190,120
19,191,163
19,192,126
19,193,156
19,194,118
19,195,160
19,196,124
19,197,165
19,198,148
19,199,150
19,200,134
19,201,164
19,202,134
19,203,157
19,204,121
19,205,170
19,206,128
19,207,169
19,208,127
19,209,174
19,210,697
19,211,194
19,212,122
19,213,221
19,214,139
19,215,209
19,216,113
19,217,181
19,218,131
19,219,193
19,220,133
19,221,519
19,222,125
19,223,195
19,224,125
19,225,308
19,226,125
19,227,217
19,228,118
19,229,207
19,230,133
19,231,192
19,232,125
19,233,205
19,234,129
19,235,1411
19,236,139
19,237,213
19,238,174
19,239,210
19,240,145
19,241,212
19,242,154
19,243,219
19,244,158
19,245,299
19,246,189
19,247,294
19,248,165
19,249,239
19,250,173
19,251,239
19,252,189
19,253,236
19,254,215
19,255,224
19,256,173
20,1,155
20,2,194
20,3,165
20,4,185
20,5,157
20,6,218
20,7,177
20,8,269
20,9,318
20,10,200
20,11,177
20,12,199
20,13,189
20,14,205
20,15,175
20,16,206
20,17,163
20,18,198
20,19,166
20,20,207
20,21,155
20,22,196
20,23,967
20,24,198
20,25,167
20,26,199
20,27,181
20,28,386
20,29,172
20,30,220
20,31,172
20,32,207
20,33,163
20,34,216
20,35,195
20,36,195
20,37,182
20,38,248
20,39,168
20,40,217
20,41,169
20,42,207
20,43,170
20,44,192
20,45,164
20,46,172
20,47,136
20,48,160
20,49,161
20,50,159
20,51,222
20,52,167
20,53,152
20,54,155
20,55,136
20,56,155
20,57,133
20,58,152
20,59,201
20,60,155
20,61,151
20,62,157
20,63,129
20,64,177
20,65,133
20,66,147
20,67,144
20,68,166
20,69,125
20,70,153
20,71,220
20,72,230
20,73,183
20,74,154
20,75,142
20,76,158
20,77,188
20,78,154
20,79,144
20,80,155
20,81,146
20,82,139
20,83,148
20,84,137
20,85,133
20,86,151
20,87,151
20,88,166
20,89,139
20,90,148
20,91,145
20,92,168
20,93,147
20,94,139
20,95,151
20,96,137
20,97,165
20,98,136
20,99,147
20,100,155
20,101,141
20,102,137
20,103,169
20,104,148
20,105,142
20,106,129
20,107,140
20,108,141
20,109,138
20,110,134
20,111,142
20,112,139
20,113,133
20,114,161
20,115,152
20,116,134
20,117,131
20,118,137
20,119,143
20,120,137
20,121,130
20,122,139
20,123,123
20,124,159
20,125,125
20,126,145
20,127,130
20,128,150
20,129,112
20,130,113
20,131,110
20,132,106
20,133,113
20,134,93
20,135,132
20,136,78
20,137,108
20,138,103
20,139,122
20,140,99
20,141,109
20,142,87
20,143,710
20,144,225
20,145,133
20,146,96
20,147,117
20,148,133
20,149,118
20,150,111
20,151,117
20,152,110
20,153,128
20,154,106
20,155,141
20,156,118
20,157,134
20,158,126
20,159,138
20,160,144
20,161,133
20,162,123
20,163,146
20,164,123
20,165,128
20,166,125
20,167,129
20,168,125
20,169,133
20,170,146
20,171,147
20,172,128
20,173,139
20,174,137
20,175,135
20,176,127
20,177,144
20,178,134
20,179,857
20,180,127
20,181,152
20,182,128
20,183,165
20,184,141
20,185,165
20,186,119
20,187,144
20,188,136
20,189,160
20,190,120
20,191,163
20,192,126
20,193,156
20,194,118
20,195,160
20,196,124
20,197,165
20,198,148
20,199,150
20,200,134
20,201,164
20,202,134
20,203,157
20,204,121
20,205,170
20,206,128
20,207,169
20,208,127
20,209,174
20,210,697
20,211,194
20,212,122
20,213,221
20,214,139
20,215,209
20,216,113
20,217,181
20,218,131
20,219,193
20,220,133
20,221,519
20,222,125
20,223,195
20,224,125
20,225,308
20,226,125
20,227,217
20,228,118
20,229,207
20,230,133
20,231,192
20,232,125
20,233,205
20,234,129
20,235,1411
20,236,139
20,237,213
20,238,174
20,239,210
20,240,145
20,241,212
20,242,154
20,243,219
20,244,158
20,245,299
20,246,189
20,247,294
20,248,165
20,249,239
20,250,173
20,251,239
20,252,189
20,253,236
20,254,215
20,255,224
20,256,173
21,1,155
21,2,195
21,3,165
21,4,185
21,5,158
21,6,216
21,7,177
21,8,267
21,9,328
21,10,199
21,11,175
21,12,198
21,13,189
21,14,204
21,15,174
21,16,204
21,17,163
21,18,197
21,19,164
21,20,208
21,21,155
21,22,196
21,23,964
21,24,198
21,25,167
21,26,199
21,27,180
21,28,386
21,29,171
21,30,219
21,31,171
21,32,207
21,33,163
21,34,216
21,35,196
21,36,193
21,37,181
21,38,248
21,39,167
21,40,218
21,41,169
21,42,206
21,43,168
21,44,192
21,45,163
21,46,171
21,47,137
21,48,159
21,49,163
21,50,158
21,51,222
21,52,167
21,53,152
21,54,154
21,55,136
21,56,155
21,57,133
21,58,151
21,59,200
21,60,154
21,61,151
21,62,157
21,63,128
21,64,176
21,65,132
21,66,146
21,67,144
21,68,165
21,69,125
21,70,153
21,71,221
21,72,229
21,73,184
21,74,154
21,75,142
21,76,158
21,77,187
21,78,154
21,79,143
21,80,153
21,81,145
21,82,139
21,83,147
21,84,137
21,85,132
21,86,149
21,87,151
21,88,165
21,89,139
21,90,147
21,91,145
21,92,169
21,93,147
21,94,139
21,95,149
21,96,136
21,97,168
21,98,136
21,99,147
21,100,156
21,101,141
21,102,136
21,103,169
21,104,149
21,105,141
21,106,128
21,107,141
21,108,141
21,109,137
21,110,133
21,111,142
21,112,139
21,113,132
21,114,161
21,115,151
21,116,132
21,117,131
21,118,136
21,119,143
21,120,136
21,121,130
21,122,139
21,123,122
21,124,160
21,125,125
21,126,145
21,127,129
21,128,149
21,129,110
21,130,114
21,131,110
21,132,106
21,133,113
21,134,95
21,135,130
21,136,77
21,137,107
21,138,104
21,139,122
21,140,98
21,141,110
21,142,88
21,143,710
21,144,224
21,145,134
21,146,96
21,147,117
21,148,130
21,149,117
21,150,113
21,151,117
21,152,109
21,153,128
21,154,105
21,155,141
21,156,118
21,157,135
21,158,126
21,159,137
21,160,144
21,161,132
21,162,122
21,163,145
21,164,122
21,165,128
21,166,125
21,167,129
21,168,125
21,169,134
21,170,145
21,171,146
21,172,127
21,173,139
21,174,137
21,175,135
21,176,127
21,177,144
21,178,132
21,179,859
21,180,127
21,181,152
21,182,127
21,183,164
21,184,141
21,185,165
21,186,119
21,187,145
21,188,136
21,189,159
21,190,120
21,191,162
21,192,125
21,193,155
21,194,118
21,195,160
21,196,124
21,197,165
21,198,149
21,199,150
21,200,134
21,201,162
21,202,134
21,203,157
21,204,120
21,205,170
21,206,126
21,207,170
21,208,127
21,209,174
21,210,694
21,211,194
21,212,122
21,213,217
21,214,139
21,215,210
21,216,113
21,217,180
21,218,130
21,219,193
21,220,134
21,221,530
21,222,125
21,223,195
21,224,123
21,225,310
21,226,123
21,227,215
21,228,116
21,229,205
21,230,133
21,231,191
21,232,124
21,233,205
21,234,129
21,235,1406
21,236,138
21,237,212
21,238,171
21,239,211
21,240,144
21,241,211
21,242,153
21,243,220
21,244,158
21,245,299
21,246,193
21,247,292
21,248,164
21,249,240
21,250,172
21,251,239
21,252,187
21,253,233
21,254,217
21,255,223
21,256,174
22,1,155
22,2,195
22,3,165
22,4,185
22,5,158
22,6,216
22,7,177
22,8,267
22,9,328
22,10,199
22,11,175
22,12,198
22,13,189
22,14,204
22,15,174
22,16,204
22,17,163
22,18,197
22,19,164
22,20,208
22,21,155
22,22,196
22,23,964
22,24,198
22,25,167
22,26,199
22,27,180
22,28,386
22,29,171
22,30,219
22,31,171
22,32,207
22,33,163
22,34,216
22,35,196
22,36,193
22,37,181
22,38,248
22,39,167
22,40,218
22,41,169
22,42,206
22,43,168
22,44,192
22,45,163
22,46,171
22,47,137
22,48,159
22,49,163
22,50,158
22,51,222
22,52,167
22,53,152
22,54,154
22,55,136
22,56,155
22,57,133
22,58,151
22,59,200
22,60,154
22,61,151
22,62,157
22,63,128
22,64,176
22,65,132
22,66,146
22,67,144
22,68,165
22,69,125
22,70,153
22,71,221
22,72,229
22,73,184
22,74,154
22,75,142
22,76,158
22,77,187
22,78,154
22,79,143
22,80,153
22,81,145
22,82,139
22,83,147
22,84,137
22,85,132
22,86,149
22,87,151
22,88,165
22,89,139
22,90,147
22,91,145
22,92,169
22,93,147
22,94,139
22,95,149
22,96,136
22,97,168
22,98,136
22,99,147
22,100,156
22,101,141
22,102,136
22,103,169
22,104,149
22,105,141
22,106,128
22,107,141
22,108,141
22,109,137
22,110,133
22,111,142
22,112,139
22,113,132
22,114,161
22,115,151
22,116,132
22,117,131
22,118,136
22,119,143
22,120,136
22,121,130
22,122,139
22,123,122
22,124,160
22,125,125
22,126,145
22,127,129
22,128,149
22,129,110
22,130,114
22,131,110
22,132,106
22,133,113
22,134,95
22,135,130
22,136,77
22,137,107
22,138,104
22,139,122
22,140,98
22,141,110
22,142,88
22,143,710
22,144,224
22,145,134
22,146,96
22,147,117
22,148,130
22,149,117
22,150,113
22,151,117
22,152,109
22,153,128
22,154,105
22,155,141
22,156,118
22,157,135
22,158,126
22,159,137
22,160,144
22,161,132
22,162,122
22,163,145
22,164,122
22,165,128
22,166,125
22,167,129
22,168,125
22,169,134
22,170,145
22,171,146
22,172,127
22,173,139
22,174,137
22,175,135
22,176,127
22,177,144
22,178,132
22,179,859
22,180,127
22,181,152
22,182,127
22,183,164
22,184,141
22,185,165
22,186,119
22,187,145
22,188,136
22,189,159
22,190,120
22,191,162
22,192,125
22,193,155
22,194,118
22,195,160
22,196,124
22,197,165
22,198,149
22,199,150
22,200,134
22,201,162
22,202,134
22,203,157
22,204,120
22,205,170
22,206,126
22,207,170
22,208,127
22,209,174
22,210,694
22,211,194
22,212,122
22,213,217
22,214,139
22,215,210
22,216,113
22,217,180
22,218,130
22,219,193
22,220,134
22,221,530
22,222,125
22,223,195
22,224,123
22,225,310
22,226,123
22,227,215
22,228,116
22,229,205
22,230,133
22,231,191
22,232,124
22,233,205
22,234,129
22,235,1406
22,236,138
22,237,212
22,238,171
22,239,211
22,240,144
22,241,211
22,242,153
22,243,220
22,244,158
22,245,299
22,246,193
22,247,292
22,248,164
22,249,240
22,250,172
22,251,239
22,252,187
22,253,233
22,254,217
22,255,223
22,256,174
23,1,158
23,2,195
23,3,163
23,4,185
23,5,156
23,6,218
23,7,177
23,8,267
23,9,321
23,10,197
23,11,176
23,12,198
23,13,189
23,14,203
23,15,174
23,16,204
23,17,164
23,18,197
23,19,167
23,20,207
23,21,155
23,22,195
23,23,967
23,24,197
23,25,166
23,26,197
23,27,179
23,28,386
23,29,172
23,30,219
23,31,173
23,32,206
23,33,163
23,34,215
23,35,195
23,36,193
23,37,180
23,38,245
23,39,168
23,40,217
23,41,171
23,42,207
23,43,170
23,44,192
23,45,164
23,46,170
23,47,135
23,48,160
23,49,162
23,50,158
23,51,222
23,52,166
23,53,153
23,54,153
23,55,136
23,56,154
23,57,134
23,58,150
23,59,201
23,60,153
23,61,152
23,62,156
23,63,130
23,64,174
23,65,133
23,66,146
23,67,144
23,68,165
23,69,126
23,70,153
23,71,222
23,72,226
23,73,184
23,74,153
23,75,143
23,76,159
23,77,188
23,78,153
23,79,144
23,80,154
23,81,147
23,82,139
23,83,148
23,84,136
23,85,133
23,86,149
23,87,151
23,88,165
23,89,141
23,90,147
23,91,145
23,92,169
23,93,148
23,94,137
23,95,150
23,96,134
23,97,166
23,98,135
23,99,147
23,100,154
23,101,142
23,102,135
23,103,169
23,104,147
23,105,142
23,106,128
23,107,140
23,108,140
23,109,138
23,110,132
23,111,144
23,112,139
23,113,133
23,114,160
23,115,152
23,116,131
23,117,131
23,118,136
23,119,143
23,120,136
23,121,129
23,122,138
23,123,123
23,124,160
23,125,125
23,126,144
23,127,129
23,128,149
23,129,112
23,130,113
23,131,109
23,132,105
23,133,114
23,134,92
23,135,131
23,136,77
23,137,109
23,138,104
23,139,123
23,140,96
23,141,110
23,142,88
23,143,711
23,144,223
23,145,134
23,146,95
23,147,117
23,148,131
23,149,117
23,150,111
23,151,117
23,152,109
23,153,128
23,154,105
23,155,141
23,156,117
23,157,135
23,158,126
23,159,138
23,160,143
23,161,132
23,162,122
23,163,145
23,164,121
23,165,128
23,166,124
23,167,129
23,168,124
23,169,134
23,170,144
23,171,147
23,172,126
23,173,139
23,174,136
23,175,136
23,176,126
23,177,145
23,178,131
23,179,860
23,180,125
23,181,152
23,182,126
23,183,165
23,184,140
23,185,165
23,186,119
23,187,145
23,188,136
23,189,162
23,190,119
23,191,163
23,192,124
23,193,155
23,194,118
23,195,160
23,196,123
23,197,166
23,198,146
23,199,151
23,200,133
23,201,164
23,202,133
23,203,158
23,204,119
23,205,169
23,206,126
23,207,170
23,208,125
23,209,172
23,210,695
23,211,195
23,212,121
23,213,216
23,214,137
23,215,210
23,216,111
23,217,181
23,218,130
23,219,193
23,220,132
23,221,519
23,222,125
23,223,197
23,224,123
23,225,306
23,226,122
23,227,213
23,228,117
23,229,206
23,230,132
23,231,192
23,232,124
23,233,205
23,234,129
23,235,1403
23,236,137
23,237,213
23,238,172
23,239,212
23,240,143
23,241,212
23,242,152
23,243,221
23,244,157
23,245,300
23,246,188
23,247,291
23,248,162
23,249,241
23,250,171
23,251,239
23,252,188
23,253,234
23,254,214
23,255,225
23,256,172
24,1,158
24,2,195
24,3,163
24,4,185
24,5,156
24,6,218
24,7,177
24,8,267
24,9,321
24,10,197
24,11,176
24,12,198
24,13,189
24,14,203
24,15,174
24,16,204
24,17,164
24,18,197
24,19,167
24,20,207
24,21,155
24,22,195
24,23,967
24,24,197
24,25,166
24,26,197
24,27,179
24,28,386
24,29,172
24,30,219
24,31,173
24,32,206
24,33,163
24,34,215
24,35,195
24,36,193
24,37,180
24,38,245
24,39,168
24,40,217
24,41,171
24,42,207
24,43,170
24,44,192
24,45,164
24,46,170
24,47,135
24,48,160
24,49,162
24,50,158
24,51,222
24,52,166
24,53,153
24,54,153
24,55,136
24,56,154
24,57,134
24,58,150
24,59,201
24,60,153
24,61,152
24,62,156
24,63,130
24,64,174
24,65,133
24,66,146
24,67,144
24,68,165
24,69,126
24,70,153
24,71,222
24,72,226
24,73,184
24,74,153
24,75,143
24,76,159
24,77,188
24,78,153
24,79,144
24,80,154
24,81,147
24,82,139
24,83,148
24,84,136
24,85,133
24,86,149
24,87,151
24,88,165
24,89,141
24,90,147
24,91,145
24,92,169
24,93,148
24,94,137
24,95,150
24,96,134
24,97,166
24,98,135
24,99,147
24,100,154
24,101,142
24,102,135
24,103,169
24,104,147
24,105,142
24,106,128
24,107,140
24,108,140
24,109,138
24,110,132
24,111,144
24,112,139
24,113,133
24,114,160
24,115,152
24,116,131
24,117,131
24,118,136
24,119,143
24,120,136
24,121,129
24,122,138
24,123,123
24,124,160
24,125,125
24,126,144
24,127,129
24,128,149
24,129,112
24,130,113
24,131,109
24,132,105
24,133,114
24,134,92
24,135,131
24,136,77
24,137,109
24,138,104
24,139,123
24,140,96
24,141,110
24,142,88
24,143,711
24,144,223
24,145,134
24,146,95
24,147,117
24,148,131
24,149,117
24,150,111
24,151,117
24,152,109
24,153,128
24,154,105
24,155,141
24,156,117
24,157,135
24,158,126
24,159,138
24,160,143
24,161,132
24,162,122
24,163,145
24,164,121
24,165,128
24,166,124
24,167,129
24,168,124
24,169,134
24,170,144
24,171,147
24,172,126
24,173,139
24,174,136
24,175,136
24,176,126
24,177,145
24,178,131
24,179,860
24,180,125
24,181,152
24,182,126
24,183,165
24,184,140
24,185,165
24,186,119
24,187,145
24,188,136
24,189,162
24,190,119
24,191,163
24,192,124
24,193,155
24,194,118
24,195,160
24,196,123
24,197,166
24,198,146
24,199,151
24,200,133
24,201,164
24,202,133
24,203,158
24,204,119
24,205,169
24,206,126
24,207,170
24,208,125
24,209,172
24,210,695
24,211,195
24,212,121
24,213,216
24,214,137
24,215,210
24,216,111
24,217,181
24,218,130
24,219,193
24,220,132
24,221,519
24,222,125
24,223,197
24,224,123
24,225,306
24,226,122
24,227,213
24,228,117
24,229,206
24,230,132
24,231,192
24,232,124
24,233,205
24,234,129
24,235,1403
24,236,137
24,237,213
24,238,172
24,239,212
24,240,143
24,241,212
24,242,152
24,243,221
24,244,157
24,245,300
24,246,188
24,247,291
24,248,162
24,249,241
24,250,171
24,251,239
24,252,188
24,253,234
24,254,214
24,255,225
24,256,172
